751 15 256
3 111
2 2 2 2 2 2 2 2 2 2 2 2 2 2 2 2 2 2 2 2 2 2 2 2 2 2 2 2 2 2 2 2 2 2 2 2 2 2 2 2 2 2 2 2 2 2 2 2 2 2 2 2 2 2 2 2 2 2 2 2 2 2 2 2 2 2 2 2 2 2 2 2 2 2 2 2 2 2 2 2 2 2 2 2 2 2 2 2 2 2 2 2 2 2 2 2 2 2 2 2 2 2 2 2 2 2 2 2 2 2 2 2 2 2 2 2 2 2 2 2 2 2 2 2 2 2 2 2 2 2 2 2 2 2 2 2 2 2 2 2 2 2 2 2 2 2 2 2 2 2 2 2 2 2 2 2 2 2 2 2 2 2 2 2 2 2 2 2 2 2 2 2 2 2 2 2 2 2 2 2 2 2 2 2 2 2 2 2 2 2 2 2 2 2 2 2 2 2 2 2 2 2 2 2 2 2 2 2 2 2 2 2 2 2 2 2 2 2 2 2 2 2 2 2 2 2 2 2 2 2 2 2 2 2 2 2 2 2 2 2 2 2 2 2 2 2 2 2 2 2 2 2 2 2 2 2 2 2 2 2 2 2 2 2 2 2 2 2 2 2 2 2 2 2 2 2 2 2 2 2 2 2 2 2 2 2 2 2 2 2 2 2 2 2 2 2 2 2 2 2 2 2 2 2 2 2 2 2 2 2 2 2 2 2 2 2 2 2 2 2 2 2 2 2 2 2 2 2 2 2 2 2 2 2 2 2 2 2 2 2 2 2 2 2 2 2 2 2 2 2 2 2 2 2 2 2 2 2 2 2 2 2 2 2 2 2 2 2 2 2 2 2 2 2 2 2 2 2 2 2 2 2 2 2 2 2 2 2 2 2 2 2 2 2 2 2 2 2 2 2 2 2 2 2 2 2 2 2 2 2 2 2 2 2 2 2 2 2 2 2 2 2 2 2 2 2 2 2 2 2 2 2 2 2 2 2 2 2 2 2 2 2 2 2 2 2 2 2 2 2 2 2 2 2 2 2 2 2 2 2 2 2 2 2 2 2 2 2 2 2 2 2 2 2 2 2 2 2 2 2 2 2 2 2 2 2 2 2 2 2 2 2 2 2 2 2 2 2 2 2 2 2 2 2 2 2 2 2 2 2 2 2 2 2 2 2 2 2 2 2 2 2 2 2 2 2 2 2 2 2 2 2 2 2 2 2 2 2 2 2 2 2 2 2 2 2 2 2 2 2 2 2 2 2 2 2 2 2 2 2 2 2 2 2 2 2 2 2 2 2 2 2 2 2 2 2 2 2 2 2 2 2 2 2 2 2 2 2 2 2 2 2 2 2 2 2 2 2 2 2 3 3 3 3 3 3 3 3 3 3 3 3 3 3 3 3 3 3 3 3 3 3 3 3 3 3 3 3 3 3 3 3 3 3 3 3 3 3 3 3 3 3 3 3 3 3 3 3 3 3 3 3 3 3 3 3 3 3 3 3 3 3 3 3 3 3 3 3 3 3 3 3 3 3 3 3 3 3 3 3 3 3 3 3 3 3 3 3 3 3 3 3 3 3 3 3 3 3 3 3 3 3 3 3 3 3 3 3 3 3 3 3 3 3 3 3 3 3 3 3 3 3 3 3 3 3 3 3 3 3 3 3 3 3 3 3 3 3 3 3 3 3 3 3 3 3 3 3 3 3 3 
110 111 110 110 110 110 111 110 110 111 110 110 110 110 110 
13 130 14 30 
2 43 12 31 
1 38 8 10 
5 131 9 161 
11 42 15 235 
3 178 10 137 
4 162 7 51 
2 195 6 123 
7 42 14 31 
12 53 15 217 
1 97 9 231 
11 60 13 174 
8 195 10 207 
4 209 5 17 
3 146 6 105 
8 118 11 68 
2 253 4 111 
3 49 14 187 
10 80 12 48 
7 247 15 6 
6 39 9 91 
5 183 13 201 
1 137 14 2 
7 71 10 95 
6 209 11 238 
3 111 5 47 
9 59 12 128 
1 193 4 191 
1 135 15 250 
2 192 8 53 
10 146 13 37 
5 227 8 105 
2 208 14 131 
7 159 9 3 
4 190 11 175 
3 157 15 56 
6 53 13 174 
12 252 14 25 
3 68 7 72 
1 113 10 195 
6 67 15 199 
8 121 9 99 
2 119 13 183 
5 235 12 115 
4 141 13 92 
11 105 12 60 
6 156 7 127 
8 159 15 33 
9 113 14 189 
1 125 2 191 
3 89 4 56 
5 37 10 242 
5 229 11 246 
4 109 6 22 
7 209 12 85 
9 86 13 2 
2 211 3 13 
1 109 11 187 
8 162 14 109 
10 152 15 249 
2 164 7 128 
1 236 13 209 
3 33 12 172 
4 149 15 168 
5 230 6 209 
9 115 10 197 
8 102 13 212 
11 193 14 132 
6 92 14 72 
4 130 8 156 
1 168 12 43 
2 116 5 126 
3 85 9 71 
7 31 11 147 
10 98 14 23 
13 233 15 181 
8 61 12 63 
1 220 6 81 
5 174 15 163 
4 194 10 245 
9 109 11 113 
2 250 10 94 
3 117 8 191 
7 224 13 188 
5 124 7 151 
1 204 3 187 
4 130 14 218 
2 203 15 13 
2 34 11 209 
4 243 9 207 
6 43 12 133 
12 107 13 163 
6 246 10 120 
7 250 8 165 
5 183 14 128 
9 193 15 38 
3 52 11 253 
1 221 5 111 
2 118 9 49 
3 143 13 69 
10 50 11 92 
14 202 15 126 
6 121 8 195 
4 57 12 84 
1 190 7 246 
4 182 11 245 
2 217 8 138 
7 182 14 236 
5 81 13 178 
3 134 15 199 
6 162 10 254 
1 14 9 160 
4 8 12 231 
8 173 10 31 
5 58 11 136 
9 121 12 195 
2 150 7 85 
3 124 6 34 
13 180 14 132 
1 185 15 134 
2 75 8 223 
13 117 14 33 
4 24 15 16 
7 101 12 159 
3 187 5 155 
9 15 11 8 
1 255 6 207 
9 238 10 65 
11 12 12 154 
1 110 5 118 
2 34 10 57 
13 200 15 61 
3 60 14 251 
6 20 8 207 
4 134 7 14 
2 94 5 163 
9 243 11 32 
4 55 12 106 
3 117 15 129 
7 139 10 50 
1 7 13 164 
8 120 14 164 
5 136 6 77 
6 52 10 223 
8 160 13 163 
2 255 14 57 
11 87 15 48 
4 51 7 198 
1 85 12 191 
3 171 9 89 
1 36 12 79 
2 86 6 23 
5 236 9 15 
4 207 14 249 
11 153 13 199 
7 79 10 35 
8 107 15 239 
3 159 4 82 
3 223 8 111 
2 232 6 223 
5 116 10 216 
11 231 14 32 
1 22 15 71 
7 169 12 38 
9 98 13 42 
5 236 10 187 
1 162 7 45 
3 227 14 237 
2 92 8 19 
6 54 11 133 
9 51 15 230 
4 35 12 110 
2 51 13 183 
9 96 15 29 
1 141 7 156 
6 16 12 246 
5 57 11 33 
8 144 13 203 
3 27 10 227 
4 170 14 202 
1 99 11 10 
10 177 14 37 
4 81 13 100 
7 66 8 180 
3 238 9 243 
12 79 15 204 
2 223 6 57 
4 12 5 209 
10 168 12 58 
6 2 7 135 
3 48 15 128 
1 8 9 234 
8 197 13 5 
11 240 14 123 
2 231 5 86 
5 204 14 171 
9 80 12 235 
1 40 8 36 
6 123 11 19 
3 195 15 149 
4 38 7 245 
10 17 13 15 
2 188 5 65 
3 239 10 183 
1 117 4 195 
11 16 14 70 
7 37 8 181 
12 25 13 204 
6 98 9 176 
2 30 15 224 
5 91 12 122 
2 70 14 88 
3 47 15 123 
7 3 11 15 
6 81 8 51 
4 21 9 158 
1 101 10 118 
8 218 13 95 
2 204 5 87 
12 141 15 73 
4 169 11 249 
10 100 14 154 
6 76 7 89 
1 220 9 243 
3 129 13 218 
13 120 14 203 
6 67 7 181 
4 131 8 21 
1 45 3 160 
10 93 12 161 
2 74 11 248 
5 126 9 123 
4 154 15 134 
3 253 8 62 
1 99 5 212 
2 239 7 61 
9 152 14 106 
6 112 15 162 
11 75 12 87 
10 133 13 174 
10 32 14 158 
2 209 9 73 
4 134 15 178 
5 59 13 175 
8 109 12 246 
6 131 7 7 
1 240 11 33 
3 193 7 220 
13 132 15 252 
4 218 8 160 
9 240 14 224 
11 106 12 145 
2 15 6 169 
1 72 10 125 
3 239 5 87 
3 207 9 232 
4 42 10 68 
6 123 8 179 
2 72 12 55 
1 45 14 108 
11 232 13 79 
5 41 7 52 
5 208 15 58 
14 96 15 19 
3 188 6 174 
8 73 10 245 
9 68 13 71 
7 122 12 86 
2 121 11 232 
1 205 4 69 
6 82 9 32 
7 54 10 15 
1 33 12 151 
4 58 13 179 
5 247 11 117 
2 246 14 79 
8 196 15 83 
3 166 10 91 
5 97 12 242 
1 27 4 180 
2 170 14 135 
3 235 15 20 
8 209 11 7 
7 237 13 4 
6 221 9 202 
4 171 12 105 
6 3 14 12 
7 214 8 236 
11 117 13 78 
9 147 15 7 
1 71 3 83 
5 193 10 208 
2 168 13 182 
2 191 11 118 
12 59 14 141 
4 134 7 219 
1 6 8 90 
10 185 15 120 
3 17 5 225 
6 78 9 231 
9 99 13 131 
4 174 15 202 
7 198 8 220 
6 181 12 122 
1 104 5 227 
10 97 11 96 
3 183 14 231 
2 44 8 236 
5 60 7 48 
6 39 10 157 
1 234 13 29 
3 234 12 94 
2 11 11 136 
14 71 15 84 
4 165 9 131 
3 147 12 165 
4 213 15 182 
1 155 9 41 
10 58 13 46 
6 211 11 120 
5 252 7 50 
2 85 14 97 
1 8 8 57 
2 138 8 149 
4 143 11 36 
5 6 13 205 
3 122 7 107 
9 185 14 190 
10 78 12 157 
6 69 15 52 
1 175 2 192 
5 74 14 242 
6 196 11 112 
10 29 15 16 
7 253 9 59 
4 202 13 167 
3 55 12 178 
8 78 13 49 
5 22 9 86 
4 6 15 201 
8 104 11 128 
6 91 12 155 
10 207 14 83 
2 122 7 130 
1 243 3 226 
3 70 10 107 
1 48 15 12 
6 28 13 204 
4 38 8 79 
2 118 9 53 
7 174 11 24 
12 10 14 94 
5 251 13 53 
1 80 10 250 
3 254 14 43 
8 52 15 110 
2 100 9 227 
5 180 11 53 
6 22 12 161 
4 242 7 139 
3 247 7 16 
1 99 2 11 
8 184 11 232 
5 151 14 250 
9 208 12 14 
6 4 15 68 
4 198 13 16 
10 63 12 140 
7 132 9 173 
2 232 8 235 
13 192 14 166 
3 236 10 235 
4 184 5 192 
11 36 15 240 
1 85 6 66 
7 146 14 104 
3 224 15 254 
5 119 9 162 
2 254 4 57 
6 166 10 248 
11 205 12 198 
1 85 13 68 
8 43 14 80 
2 48 15 91 
6 139 13 164 
3 204 10 135 
1 93 12 233 
8 3 9 132 
5 252 7 100 
4 209 11 218 
1 27 11 12 
4 149 7 54 
6 159 13 230 
9 205 10 50 
2 206 12 147 
8 28 15 165 
5 84 14 84 
3 176 10 228 
2 255 6 11 
3 75 13 12 
8 3 11 253 
12 236 15 138 
1 139 5 225 
7 229 14 205 
4 147 9 1 
9 239 12 230 
10 178 11 5 
13 150 14 107 
2 13 4 14 
5 52 7 4 
8 68 15 104 
1 250 6 25 
3 240 14 66 
4 61 6 33 
3 220 8 11 
1 102 9 130 
11 163 13 151 
5 211 10 111 
2 124 12 225 
7 210 15 21 
2 73 10 77 
5 197 6 85 
3 17 15 25 
12 215 13 58 
8 118 14 247 
1 56 7 4 
4 118 11 22 
9 35 14 122 
11 101 12 76 
4 165 7 102 
8 151 9 244 
2 94 5 195 
1 70 10 236 
13 199 15 201 
3 254 6 74 
2 184 12 25 
7 192 11 98 
10 98 15 1 
1 173 6 228 
3 145 14 65 
4 244 5 186 
8 31 9 146 
6 183 13 112 
1 45 4 155 
11 189 14 5 
9 91 12 23 
3 17 10 94 
5 23 15 240 
2 186 8 244 
7 70 13 233 
7 47 15 8 
4 54 13 15 
1 243 12 151 
6 47 8 53 
5 32 11 137 
2 68 3 109 
9 162 10 47 
2 56 14 60 
6 208 11 108 
4 12 9 64 
7 252 10 49 
5 171 12 103 
8 142 15 177 
3 160 13 152 
1 72 14 239 
2 211 12 1 
3 78 5 73 
10 146 11 37 
8 151 15 81 
4 149 14 149 
7 173 9 176 
6 162 13 195 
1 181 2 216 
4 5 5 181 
11 86 13 113 
3 138 12 174 
8 233 15 18 
7 196 10 55 
9 148 14 62 
1 205 6 149 
13 130 15 217 
2 196 3 199 
6 29 14 162 
7 103 12 101 
1 190 4 112 
5 207 11 107 
9 237 10 64 
7 247 8 145 
9 19 13 165 
6 143 11 184 
10 172 12 225 
1 121 3 23 
5 246 14 71 
8 145 15 168 
2 237 4 218 
5 129 7 72 
12 170 13 94 
8 36 14 158 
6 133 15 239 
1 141 3 222 
4 150 10 191 
9 199 11 211 
2 97 7 133 
3 143 6 25 
1 46 15 213 
4 228 14 129 
8 130 13 54 
9 60 11 232 
2 216 10 142 
5 50 12 168 
4 21 13 75 
2 43 5 13 
3 107 10 152 
12 254 14 98 
7 106 9 172 
11 143 15 91 
6 176 8 164 
1 2 3 224 
7 11 11 142 
9 43 14 239 
1 21 4 164 
2 53 8 118 
12 254 13 184 
5 83 6 234 
10 73 15 247 
11 45 15 207 
13 220 14 139 
3 255 8 198 
6 51 10 88 
7 116 12 95 
1 33 9 111 
2 214 4 154 
5 243 6 206 
3 134 15 184 
1 36 7 107 
10 68 14 78 
8 116 13 209 
5 202 11 70 
2 60 12 91 
4 200 9 63 
2 128 7 152 
1 23 12 28 
9 6 10 171 
8 123 11 73 
14 112 15 128 
4 121 6 77 
3 55 5 6 
2 183 13 115 
4 177 5 26 
7 6 11 89 
13 120 15 41 
1 109 6 175 
8 167 14 132 
3 169 12 213 
9 68 10 152 
1 28 4 166 
5 55 11 98 
10 64 12 109 
3 51 8 111 
14 203 15 124 
2 225 6 108 
7 90 9 46 
12 179 13 184 
2 29 6 79 
9 247 11 44 
5 7 13 223 
1 17 4 61 
10 204 14 53 
8 215 15 62 
3 89 7 38 
8 190 15 133 
10 240 14 46 
1 80 6 26 
2 180 3 175 
12 198 13 219 
9 157 11 90 
5 149 7 150 
4 130 10 205 
9 91 11 25 
5 106 7 36 
1 54 14 175 
6 21 8 183 
12 218 15 94 
4 113 13 3 
2 216 3 69 
4 246 8 74 
1 53 15 218 
7 6 13 188 
3 33 14 185 
5 180 6 144 
9 87 12 218 
10 54 11 35 
2 88 5 64 
1 231 15 14 
2 199 8 184 
12 195 13 195 
6 153 14 106 
3 99 11 227 
4 65 10 174 
7 19 9 43 
7 103 8 199 15 177 
1 134 5 253 12 85 
2 139 4 215 9 211 
6 144 10 185 13 57 
3 149 11 248 14 99 
1 153 7 96 9 68 
8 140 11 7 12 7 
3 125 6 143 14 119 
4 199 5 250 13 165 
2 88 10 218 15 221 
12 214 13 106 14 240 
2 133 5 85 15 157 
1 171 7 221 11 57 
3 28 6 30 10 96 
4 87 8 214 9 164 
11 231 13 194 14 182 
1 131 5 118 15 27 
7 197 8 61 12 14 
4 70 9 171 10 146 
2 19 3 195 6 215 
4 58 5 137 8 172 
2 158 3 73 13 124 
10 98 11 46 14 161 
1 38 6 99 9 156 
7 26 12 211 15 202 
5 209 7 182 14 148 
6 214 10 11 11 122 
4 177 8 236 13 161 
1 124 2 135 12 242 
3 229 9 204 15 38 
6 96 7 42 13 1 
2 38 10 27 11 160 
1 92 9 167 12 66 
3 125 4 3 15 144 
5 47 8 93 14 98 
4 98 5 23 12 59 
3 32 9 105 15 250 
7 24 8 195 10 214 
2 148 6 221 14 117 
1 175 11 250 13 93 
7 232 8 232 15 202 
9 171 12 49 13 192 
2 45 3 162 10 98 
5 172 11 56 14 115 
1 188 4 197 6 133 
1 16 6 84 7 90 
8 240 11 101 14 199 
3 221 4 56 10 18 
2 84 12 255 15 211 
5 111 9 139 13 68 
2 91 14 3 15 142 
4 236 11 252 13 156 
3 194 7 67 12 24 
1 26 6 110 10 236 
5 134 8 179 9 92 
11 244 13 156 14 158 
1 112 2 124 6 141 
5 15 9 80 12 224 
3 230 4 155 10 148 
7 235 8 161 15 4 
8 84 10 35 15 79 
4 99 11 147 13 174 
1 192 7 32 9 32 
5 162 12 27 14 172 
2 196 3 154 6 198 
2 39 3 248 14 41 
1 114 9 24 13 81 
5 192 6 206 10 65 
7 4 12 40 15 134 
4 207 8 20 11 34 
1 99 4 159 11 78 
6 88 9 13 13 211 
3 249 12 169 14 90 
5 178 7 38 10 44 
2 85 8 54 15 109 
1 13 7 226 11 108 
5 43 8 7 13 190 
4 7 6 116 15 114 
2 164 9 208 14 67 
3 140 10 214 12 217 
1 170 8 155 11 58 
3 180 6 135 9 154 
2 201 12 20 15 213 
4 155 7 221 13 189 
5 22 10 72 14 14 
11 129 12 99 13 15 
2 136 3 33 4 59 
5 234 9 238 10 207 
8 115 14 42 15 38 
1 103 6 46 7 95 
8 48 12 43 13 63 
1 142 2 66 6 20 
4 186 9 98 15 220 
3 177 5 30 7 56 
10 14 11 28 14 177 
3 161 7 240 9 138 
4 189 14 178 15 38 
1 155 2 253 6 55 
5 68 8 148 12 239 
10 237 11 2 13 55 
3 131 5 109 6 70 
7 56 8 198 9 9 
10 100 12 105 14 183 
2 76 13 188 15 93 
1 168 4 30 11 54 
1 215 4 245 7 168 
3 137 6 216 14 85 
5 125 10 254 15 164 
2 165 9 33 13 16 
8 153 11 58 12 80 
1 129 2 159 4 147 
3 113 13 67 15 183 
7 174 10 168 14 173 
5 52 11 152 12 54 
6 172 8 176 9 77 
4 13 9 87 13 41 
2 209 12 207 14 75 
6 188 7 205 8 246 
1 42 10 88 11 135 
3 11 5 137 15 146 
8 136 11 171 12 145 
5 170 10 48 13 117 
4 67 6 152 7 135 
1 21 9 32 14 101 
2 74 3 206 15 250 
2 32 13 231 15 200 
4 208 5 3 11 252 
1 228 6 92 14 135 
7 92 8 138 9 94 
3 33 10 186 12 203 
3 80 8 117 12 180 
10 34 13 147 14 4 
5 95 9 23 11 64 
2 116 4 90 7 221 
1 241 6 204 15 125 
2 77 6 141 8 249 
12 28 13 215 14 209 
4 176 10 254 11 144 
1 194 3 114 5 138 
7 172 9 169 15 30 
11 92 12 133 14 136 
2 165 6 52 9 163 
3 146 4 249 10 3 
5 61 13 21 15 177 
1 194 7 88 8 184 
3 125 7 35 15 7 
2 118 12 156 14 152 
5 184 9 18 10 188 
6 226 8 188 11 160 
1 164 4 192 13 169 
2 153 7 233 10 104 
3 38 11 97 23 137 28 193 29 135 40 113 50 125 58 109 62 236 71 168 78 220 86 204 98 221 105 190 112 14 120 185 127 255 130 110 141 7 149 85 151 36 163 22 167 162 175 141 181 99 192 8 198 40 205 117 217 101 224 220 229 45 235 99 247 240 254 72 260 45 270 205 273 33 280 27 291 71 297 6 305 104 311 234 318 155 323 8 331 175 345 243 347 48 354 80 362 99 375 85 382 85 387 93 391 27 403 139 412 250 416 102 426 56 433 70 439 173 444 45 453 243 465 72 473 181 480 205 485 190 492 121 500 141 505 46 518 2 521 21 531 33 535 36 542 23 552 109 556 28 567 17 573 80 581 54 587 53 594 231 602 134 606 153 613 171 617 131 624 38 629 124 633 92 640 175 645 188 646 16 654 26 657 112 663 192 667 114 671 99 676 13 681 170 690 103 692 142 698 155 705 168 706 215 711 129 719 42 724 21 728 228 735 241 739 194 745 194 750 164 
2 43 8 195 17 253 30 192 33 208 43 119 50 191 57 211 61 164 72 116 82 250 88 203 89 34 99 118 107 217 117 150 121 75 131 34 136 94 146 255 152 86 160 232 169 92 173 51 187 223 195 231 203 188 210 30 212 70 219 204 231 74 236 239 242 209 253 15 259 72 269 121 276 246 281 170 293 168 294 191 308 44 313 11 322 85 324 138 331 192 344 122 350 118 357 100 362 11 370 232 379 254 384 48 395 206 399 255 409 13 419 124 421 73 432 94 436 184 449 186 456 68 458 56 466 211 473 216 482 196 495 237 503 97 509 216 512 43 522 53 532 214 539 60 541 128 548 183 561 225 564 29 574 180 585 216 593 88 595 199 603 139 610 88 612 133 620 19 622 158 629 135 632 38 639 148 643 45 649 84 651 91 657 124 665 196 666 39 675 85 679 164 683 201 687 136 692 66 698 253 704 76 709 165 711 159 717 209 725 74 726 32 734 116 736 77 742 165 747 118 751 153 
6 178 15 146 18 49 26 111 36 157 39 68 51 89 57 13 63 33 73 85 83 117 86 187 97 52 100 143 110 134 118 124 125 187 133 60 139 117 150 171 158 159 159 223 168 227 179 27 185 238 191 48 200 195 204 239 213 47 225 129 229 160 234 253 248 193 255 239 256 207 265 188 278 166 282 235 291 83 299 17 307 183 312 234 316 147 327 122 337 55 345 226 346 70 355 254 361 247 372 236 377 224 386 204 398 176 400 75 413 240 415 220 423 17 435 254 440 145 447 17 456 109 464 160 467 78 476 138 482 199 492 23 500 222 504 143 513 107 518 224 528 255 534 134 547 55 554 169 559 51 570 89 574 175 585 69 589 33 598 99 605 149 608 125 614 28 620 195 622 73 630 229 634 125 637 32 643 162 648 221 653 194 659 230 665 154 666 248 673 249 680 140 682 180 687 33 694 177 696 161 701 131 707 137 712 113 720 11 725 206 730 33 731 80 739 114 743 146 746 125 
7 162 14 209 17 111 28 191 35 190 45 141 51 56 54 109 64 149 70 130 80 194 87 130 90 243 104 57 106 182 113 8 123 24 135 134 138 55 148 51 154 207 158 82 172 35 180 170 183 81 188 12 201 38 205 195 216 21 221 169 228 131 233 154 243 134 250 218 257 42 270 69 274 58 280 180 286 171 296 134 302 174 315 165 317 213 325 143 336 202 340 6 349 38 360 242 367 198 373 184 379 57 390 209 392 149 405 147 409 14 414 61 427 118 430 165 441 244 444 155 452 54 460 12 470 149 474 5 485 112 495 218 501 150 506 228 511 21 521 164 532 154 540 200 546 121 549 177 556 166 567 61 578 130 584 113 586 246 599 65 603 215 609 199 615 87 619 70 621 58 628 177 634 3 636 98 645 197 648 56 652 236 659 155 662 99 670 207 671 159 678 7 684 155 687 59 693 186 697 189 705 30 706 245 711 147 716 13 723 67 727 208 734 90 738 176 743 249 750 192 
4 131 14 17 22 183 26 47 32 227 44 235 52 37 53 229 65 230 72 126 79 174 85 124 95 183 98 111 109 81 115 58 125 155 130 118 136 163 143 136 153 236 161 116 166 236 177 57 188 209 195 86 196 204 203 65 211 91 219 87 232 126 235 212 244 59 255 87 262 41 263 208 275 247 279 97 292 193 299 225 305 227 309 60 321 252 326 6 332 74 339 22 353 251 358 180 364 151 373 192 378 119 389 252 397 84 403 225 410 52 418 211 422 197 432 195 441 186 448 23 455 32 462 171 467 73 474 181 486 207 493 246 496 129 510 50 512 13 524 83 533 243 538 202 547 6 549 26 557 55 566 7 577 149 580 106 590 180 593 64 602 253 609 250 612 85 617 118 621 137 626 209 635 47 636 23 644 172 650 111 655 134 658 15 664 162 668 192 674 178 677 43 685 22 688 234 694 30 699 68 701 109 708 125 714 52 720 137 722 170 727 3 733 95 739 138 744 61 748 184 
8 123 15 105 21 39 25 209 37 53 41 67 47 156 54 22 65 209 69 92 78 81 91 43 93 246 103 121 111 162 118 34 127 207 134 20 143 77 144 52 152 23 160 223 170 54 176 16 187 57 190 2 199 123 209 98 215 81 223 76 227 67 238 112 246 131 253 169 258 123 265 174 271 82 285 221 287 3 300 78 304 181 310 39 320 211 330 69 333 196 342 91 348 28 359 22 366 4 375 66 380 166 385 139 393 159 399 11 412 25 414 33 422 85 435 74 439 228 443 183 454 47 459 208 472 162 480 149 483 29 490 143 499 133 504 25 517 176 524 234 529 51 533 206 546 77 552 175 561 108 564 79 573 26 582 21 590 144 597 153 604 144 608 143 614 30 620 215 624 99 627 214 631 96 639 221 645 133 646 84 654 110 657 141 665 198 668 206 672 88 678 116 682 135 690 46 692 20 698 55 701 70 707 216 715 172 718 188 723 152 728 92 735 204 736 141 742 52 749 226 
7 51 9 42 20 247 24 71 34 159 39 72 47 127 55 209 61 128 74 31 84 224 85 151 94 250 105 246 108 182 117 85 124 101 135 14 140 139 148 198 156 79 164 169 167 45 175 156 184 66 190 135 201 245 207 37 214 3 223 89 227 181 236 61 246 7 248 220 262 52 268 122 272 54 284 237 288 214 296 219 303 198 309 48 321 50 327 107 335 253 344 130 351 174 360 139 361 16 369 132 376 146 389 100 392 54 404 229 410 4 420 210 426 4 430 102 437 192 450 70 451 47 461 252 471 173 478 196 484 103 488 247 496 72 503 133 515 106 519 11 530 116 535 107 541 152 550 6 562 90 570 38 577 150 580 36 588 6 600 19 601 103 606 96 613 221 618 197 625 26 626 182 631 42 638 24 641 232 646 90 653 67 660 235 663 32 669 4 674 38 676 226 684 221 690 95 694 56 696 240 702 56 706 168 713 174 718 205 723 135 729 92 734 221 740 172 745 88 746 35 751 233 
3 10 13 195 16 118 30 53 32 105 42 121 48 159 59 162 67 102 70 156 77 61 83 191 94 165 103 195 107 138 114 173 121 223 134 207 142 120 145 160 157 107 159 111 169 19 178 144 184 180 193 197 198 36 207 181 215 51 218 218 228 21 234 62 245 109 250 160 258 179 266 73 277 196 283 209 288 236 297 90 303 220 308 236 323 57 324 149 338 78 341 104 349 79 356 52 363 184 370 235 383 43 388 3 396 28 401 3 411 68 415 11 425 118 431 151 442 31 449 244 454 53 463 142 469 151 477 233 488 145 494 145 498 36 507 130 517 164 522 118 528 198 537 116 544 123 553 167 559 111 569 215 571 190 582 183 586 74 595 184 601 199 607 140 615 214 618 61 621 172 628 236 635 93 638 195 641 232 647 240 655 179 660 161 661 84 670 20 675 54 677 7 681 155 689 115 691 48 699 148 702 198 710 153 715 176 718 246 721 136 729 138 731 117 736 249 745 184 749 188 
4 161 11 231 21 91 27 59 34 3 42 99 49 113 56 86 66 115 73 71 81 109 90 207 96 193 99 49 112 160 116 121 126 15 128 238 137 243 150 89 153 15 165 98 171 51 174 96 185 243 192 234 197 80 209 176 216 158 224 243 232 123 237 152 242 73 251 240 256 232 267 68 271 32 285 202 290 147 300 231 301 99 315 131 318 41 328 185 335 59 339 86 350 53 357 227 365 208 369 173 378 162 388 132 394 205 405 1 406 239 416 130 428 35 431 244 442 146 446 91 457 162 460 64 471 176 479 148 487 237 489 19 502 199 508 60 515 172 520 43 531 111 540 63 543 6 555 68 562 46 565 247 576 157 579 91 591 87 600 43 603 211 606 68 615 164 619 171 624 156 630 204 633 167 637 105 642 171 650 139 655 92 658 80 663 32 667 24 672 13 679 208 682 154 688 238 693 98 696 138 702 9 709 33 715 77 716 87 724 32 729 94 733 23 740 169 742 163 748 18 
6 137 13 207 19 80 24 95 31 146 40 195 52 242 60 152 66 197 75 98 80 245 82 94 93 120 101 50 111 254 114 31 128 65 131 57 140 50 144 223 156 35 161 216 166 187 179 227 182 177 189 168 202 17 204 183 217 118 222 100 230 93 240 133 241 32 254 125 257 68 266 245 272 15 278 91 292 208 298 185 306 97 310 157 319 58 329 78 334 29 343 207 346 107 354 250 368 63 372 235 380 248 386 135 394 50 398 228 407 178 418 111 421 77 433 236 438 98 447 94 457 47 461 49 468 146 478 55 487 64 491 172 501 191 509 142 513 152 525 73 529 88 536 68 543 171 555 152 558 64 568 204 572 240 578 205 592 54 599 174 604 185 610 218 614 96 619 146 623 98 627 11 632 27 638 214 643 98 648 18 654 236 659 148 661 35 668 65 674 44 680 214 685 72 688 207 695 14 700 237 703 100 708 254 713 168 719 88 722 48 730 186 732 34 738 254 743 3 748 188 751 104 
5 42 12 60 16 68 25 238 35 175 46 105 53 246 58 187 68 193 74 147 81 113 89 209 97 253 101 92 106 245 115 136 126 8 129 12 137 32 147 87 155 153 162 231 170 133 177 33 181 10 194 240 199 19 206 16 214 15 221 249 231 248 239 75 247 33 252 106 261 232 269 232 275 117 283 7 289 117 294 118 306 96 313 136 320 120 325 36 333 112 341 128 351 24 358 53 363 232 374 36 381 205 390 218 391 12 401 253 407 5 417 163 427 22 429 101 437 98 445 189 455 137 459 108 468 37 475 86 486 107 490 184 502 211 508 232 516 143 519 142 526 45 538 70 544 73 550 89 557 98 565 44 576 90 579 25 592 35 598 227 605 248 607 7 613 57 616 231 623 46 627 122 632 160 640 250 644 56 647 101 652 252 656 244 662 147 670 34 671 78 676 108 681 58 686 129 695 28 700 2 705 54 710 58 714 152 719 135 721 171 727 252 733 64 738 144 741 92 749 160 
2 31 10 53 19 48 27 128 38 252 44 115 46 60 55 85 63 172 71 43 77 63 91 133 92 107 104 84 113 231 116 195 124 159 129 154 138 106 149 191 151 79 164 38 172 110 176 246 186 79 189 58 197 235 208 25 211 122 220 141 230 161 239 87 245 246 252 145 259 55 268 86 273 151 279 242 286 105 295 59 304 122 312 94 316 165 329 157 337 178 342 155 352 10 359 161 365 14 368 140 381 198 387 233 395 147 402 236 406 230 419 225 424 215 429 76 436 25 446 23 453 151 462 103 466 1 476 174 484 101 491 225 497 170 510 168 514 254 523 254 530 95 539 91 542 28 554 213 558 109 563 179 575 198 583 218 591 218 596 195 602 85 607 7 611 214 618 14 625 211 629 242 633 66 636 59 642 49 649 255 653 24 658 224 664 27 669 40 673 169 680 217 683 20 686 99 691 43 699 239 703 105 710 80 714 54 717 207 721 145 730 203 731 180 737 28 741 133 747 156 
1 130 12 174 22 201 31 37 37 174 43 183 45 92 56 2 62 209 67 212 76 233 84 188 92 163 100 69 109 178 119 180 122 117 132 200 141 164 145 163 155 199 165 42 173 183 178 203 183 100 193 5 202 15 208 204 218 95 225 218 226 120 240 174 244 175 249 132 261 79 267 71 274 179 284 4 289 78 293 182 301 131 311 29 319 46 326 205 336 167 338 49 348 204 353 53 367 16 371 192 382 68 385 164 393 230 400 12 408 150 417 151 424 58 434 199 443 112 450 233 452 15 464 152 472 195 475 113 481 130 489 165 497 94 507 54 511 75 523 184 527 220 537 209 548 115 551 120 563 184 566 223 575 219 584 3 588 188 596 195 604 57 609 165 611 106 616 194 622 124 628 161 631 1 640 93 642 192 650 68 652 156 656 156 662 174 667 81 672 211 677 190 684 189 686 15 691 63 700 55 704 188 709 16 712 67 716 41 722 117 726 231 732 147 737 215 744 21 750 169 
1 30 9 31 18 187 23 2 33 131 38 25 49 189 59 109 68 132 69 72 75 23 87 218 95 128 102 202 108 236 119 132 122 33 133 251 142 164 146 57 154 249 162 32 168 237 180 202 182 37 194 123 196 171 206 70 212 88 222 154 226 203 237 106 241 158 251 224 260 108 264 96 276 79 281 135 287 12 295 141 307 231 314 71 322 97 328 190 332 242 343 83 352 94 355 43 364 250 371 166 376 104 383 80 397 84 404 205 408 107 413 66 425 247 428 122 440 65 445 5 458 60 465 239 470 149 479 62 483 162 493 71 498 158 506 129 514 98 520 239 527 139 536 78 545 112 553 132 560 203 568 53 572 46 581 175 589 185 597 106 605 99 608 119 611 240 616 182 623 161 626 148 635 98 639 117 644 115 647 199 651 3 656 158 664 172 666 41 673 90 679 67 685 14 689 42 695 177 697 178 703 183 707 85 713 173 717 75 724 101 728 135 732 4 737 209 741 136 747 152 
5 235 10 217 20 6 29 250 36 56 41 199 48 33 60 249 64 168 76 181 79 163 88 13 96 38 102 126 110 199 120 134 123 16 132 61 139 129 147 48 157 239 163 71 171 230 174 29 186 204 191 128 200 149 210 224 213 123 220 73 233 134 238 162 243 178 249 252 263 58 264 19 277 83 282 20 290 7 298 120 302 202 314 84 317 182 330 52 334 16 340 201 347 12 356 110 366 68 374 240 377 254 384 91 396 165 402 138 411 104 420 21 423 25 434 201 438 1 448 240 451 8 463 177 469 81 477 18 481 217 494 168 499 239 505 213 516 91 525 247 526 207 534 184 545 128 551 41 560 124 569 62 571 133 583 94 587 218 594 14 601 177 610 221 612 157 617 27 625 202 630 38 634 144 637 250 641 202 649 211 651 142 660 4 661 79 669 134 675 109 678 114 683 213 689 38 693 220 697 38 704 93 708 164 712 183 720 146 725 250 726 200 735 125 740 30 744 177 746 7 
