960 224 256
3 10
2 2 2 2 2 2 2 2 2 2 2 2 2 2 2 2 2 2 2 2 2 2 2 2 2 2 2 2 2 2 2 2 2 2 2 2 2 2 2 2 2 2 2 2 2 2 2 2 2 2 2 2 2 2 2 2 2 2 2 2 2 2 2 2 2 2 2 2 2 2 2 2 2 2 2 2 2 2 2 2 2 2 2 2 2 2 2 2 2 2 2 2 2 2 2 2 2 2 2 2 2 2 2 2 2 2 2 2 2 2 2 2 2 2 2 2 2 2 2 2 2 2 2 2 2 2 2 2 2 2 2 2 2 2 2 2 2 2 2 2 2 2 2 2 2 2 2 2 2 2 2 2 2 2 2 2 2 2 2 2 2 2 2 2 2 2 2 2 2 2 2 2 2 2 2 2 2 2 2 2 2 2 2 2 2 2 2 2 2 2 2 2 2 2 2 2 2 2 2 2 2 2 2 2 2 2 2 2 2 2 2 2 2 2 2 2 2 2 2 2 2 2 2 2 2 2 2 2 2 2 2 2 2 2 2 2 2 2 2 2 2 2 2 2 2 2 2 2 2 2 2 2 2 2 2 2 2 2 2 2 2 2 2 2 2 2 2 2 2 2 2 2 2 2 2 2 2 2 2 2 2 2 2 2 2 2 2 2 2 2 2 2 2 2 2 2 2 2 2 2 2 2 2 2 2 2 2 2 2 2 2 2 2 2 2 2 2 2 2 2 2 2 2 2 2 2 2 2 2 2 2 2 2 2 2 2 2 2 2 2 2 2 2 2 2 2 2 2 2 2 2 2 2 2 2 2 2 2 2 2 2 2 2 2 2 2 2 2 2 2 2 2 2 2 2 2 2 2 2 2 2 2 2 2 2 2 2 2 2 2 2 2 2 2 2 2 2 2 2 2 2 2 2 2 2 2 2 2 2 2 2 2 2 2 2 2 2 2 2 2 2 2 2 2 2 2 2 2 2 2 2 2 2 2 2 2 2 2 2 2 2 2 2 2 2 2 2 2 2 2 2 2 2 2 2 2 2 2 2 2 2 2 2 2 2 2 2 2 2 2 2 2 2 2 2 2 2 2 2 2 2 2 2 2 2 2 2 2 2 2 2 2 2 2 2 2 2 2 2 2 2 2 2 2 2 2 2 2 2 2 2 2 2 2 2 2 2 2 2 2 2 2 2 2 2 2 2 2 2 2 2 2 2 2 2 2 2 2 2 2 2 2 2 2 2 2 2 2 2 2 2 2 2 2 2 2 2 2 2 2 2 2 2 2 2 2 2 2 2 2 2 2 2 2 2 2 2 2 2 2 2 2 2 2 2 2 2 2 2 2 2 2 2 2 2 2 2 2 2 2 2 2 2 2 2 2 2 2 2 2 2 2 2 2 2 2 2 2 2 2 2 2 2 2 2 2 2 2 2 2 2 2 2 2 2 2 2 2 2 2 2 2 2 2 2 2 2 2 2 2 2 2 2 2 2 2 2 2 2 2 2 2 2 2 2 2 2 2 2 2 2 2 2 2 2 2 2 2 2 2 2 2 2 2 2 2 2 2 2 2 2 2 2 2 2 2 2 2 2 2 2 2 2 2 2 2 2 2 2 2 2 2 2 2 2 2 2 2 2 2 2 2 2 2 2 2 2 2 2 2 2 2 2 2 2 2 2 2 2 2 2 2 2 2 2 2 2 2 2 2 2 2 2 2 2 2 2 2 2 2 2 2 2 2 2 2 2 2 3 3 3 3 3 3 3 3 3 3 3 3 3 3 3 3 3 3 3 3 3 3 3 3 3 3 3 3 3 3 3 3 3 3 3 3 3 3 3 3 3 3 3 3 3 3 3 3 3 3 3 3 3 3 3 3 3 3 3 3 3 3 3 3 3 3 3 3 3 3 3 3 3 3 3 3 3 3 3 3 3 3 3 3 3 3 3 3 3 3 3 3 3 3 3 3 3 3 3 3 3 3 3 3 3 3 3 3 3 3 3 3 3 3 3 3 3 3 3 3 3 3 3 3 3 3 3 3 3 3 3 3 3 3 3 3 3 3 3 3 3 3 3 3 3 3 3 3 3 3 3 3 3 3 3 3 3 3 3 3 3 3 3 3 3 3 3 3 3 3 3 3 3 3 3 3 3 3 3 3 3 3 3 3 3 3 3 3 3 3 3 3 
10 9 10 9 10 10 9 9 10 9 10 9 10 9 9 9 9 9 10 9 10 9 10 9 9 9 10 10 10 10 10 10 9 9 10 10 10 9 10 9 10 9 10 9 10 9 9 9 9 9 10 10 9 10 9 9 10 9 9 10 10 9 9 9 10 10 9 10 10 9 9 9 10 10 10 10 9 9 10 9 9 10 10 10 9 10 9 10 10 10 9 9 10 9 10 10 9 9 9 10 9 9 9 9 9 9 9 9 9 10 10 9 10 9 10 9 10 9 9 9 9 9 9 9 9 10 10 9 9 9 9 10 9 9 10 9 10 9 9 9 9 9 9 10 9 9 10 9 9 10 9 9 9 10 9 9 9 9 10 9 9 10 10 10 9 10 10 10 10 10 10 9 10 10 9 9 10 9 9 10 9 10 9 9 10 10 9 9 10 9 10 9 9 10 9 10 9 10 10 9 9 10 9 10 9 9 10 9 9 9 10 10 9 10 9 10 10 10 9 9 10 9 9 9 
65 201 159 50 
43 243 120 225 
12 161 155 122 
10 99 42 49 
189 49 200 8 
28 29 94 101 
29 134 130 18 
60 19 214 148 
81 144 222 221 
49 198 150 91 
140 96 218 104 
15 182 87 251 
39 46 56 91 
13 30 202 144 
88 105 178 187 
169 208 186 254 
92 66 139 25 
21 5 83 219 
79 129 125 1 
107 136 147 211 
117 77 184 226 
23 59 106 97 
45 25 135 26 
11 27 141 146 
132 72 192 61 
100 202 113 228 
5 20 35 99 
173 197 181 78 
30 208 69 150 
89 205 190 21 
153 83 194 204 
211 239 216 14 
27 134 148 233 
17 29 109 87 
114 35 204 121 
16 208 172 85 
62 185 149 37 
36 204 145 58 
86 210 174 122 
85 157 151 84 
70 35 76 48 
104 169 208 11 
101 161 105 216 
52 139 213 139 
3 43 199 114 
75 5 171 200 
77 46 142 219 
2 44 103 46 
136 22 137 220 
73 140 154 13 
116 181 164 148 
14 174 203 68 
25 240 156 163 
177 230 223 26 
33 236 80 126 
84 104 160 129 
63 20 196 152 
34 200 158 57 
48 5 197 29 
97 19 170 203 
1 106 40 57 
61 106 201 254 
71 143 133 188 
64 114 108 69 
207 123 210 63 
119 241 143 10 
7 149 166 64 
18 220 127 27 
98 210 111 197 
6 57 22 83 
124 20 212 167 
82 202 90 92 
41 23 44 115 
74 57 91 241 
122 203 183 93 
37 25 118 80 
163 177 205 55 
161 62 191 204 
220 9 221 111 
55 31 144 136 
115 253 168 173 
47 179 188 121 
4 252 31 119 
46 121 128 190 
95 240 123 43 
8 63 67 252 
157 58 187 95 
57 34 110 109 
185 1 193 236 
112 147 198 58 
182 115 219 80 
24 172 54 127 
93 168 179 74 
102 247 217 125 
165 22 215 146 
129 27 206 82 
38 75 96 241 
58 112 59 93 
19 58 131 65 
20 234 51 4 
175 19 209 254 
152 171 224 39 
180 64 195 13 
32 251 176 97 
26 98 99 151 
68 172 162 28 
9 39 146 201 
126 173 138 103 
50 144 53 183 
66 113 72 245 
121 240 134 23 
78 177 167 152 
64 95 95 212 
11 59 50 194 
7 70 55 44 
2 105 160 193 
96 67 139 60 
59 116 150 15 
25 129 75 249 
39 251 124 230 
153 70 200 251 
174 104 192 131 
143 197 183 32 
156 227 162 220 
74 163 120 25 
14 87 198 214 
98 133 113 13 
141 125 206 176 
130 200 221 178 
104 90 189 218 
40 107 121 231 
144 46 217 88 
105 106 117 174 
21 141 179 149 
1 219 199 147 
112 243 152 209 
102 131 126 53 
69 31 135 90 
155 134 208 160 
23 137 213 212 
28 228 109 118 
119 113 158 146 
34 230 176 218 
84 222 203 34 
15 222 66 253 
19 208 48 198 
5 177 215 74 
4 102 30 219 
6 223 52 65 
116 8 147 49 
47 147 60 71 
27 133 86 130 
8 245 140 102 
76 217 108 43 
173 253 191 173 
65 48 118 212 
80 29 100 233 
193 34 222 174 
45 108 146 87 
33 178 136 52 
63 2 79 2 
44 13 131 244 
17 217 165 195 
13 20 72 16 
26 90 207 217 
93 158 194 220 
46 142 103 97 
99 181 171 162 
94 91 216 103 
209 72 214 130 
71 218 83 33 
54 144 197 228 
36 137 128 50 
92 14 204 90 
22 156 56 41 
148 233 211 41 
90 216 163 243 
81 65 181 147 
51 116 166 222 
167 226 219 175 
41 2 111 172 
151 189 210 34 
127 199 149 206 
161 177 202 84 
37 117 89 25 
73 205 168 201 
114 82 195 203 
70 88 182 60 
88 16 129 234 
157 140 196 48 
24 219 185 48 
61 118 175 81 
10 14 43 19 
106 77 218 95 
58 113 134 30 
9 228 82 212 
123 131 186 29 
16 63 57 183 
62 212 164 216 
85 176 159 116 
3 2 177 47 
18 239 97 198 
107 67 178 145 
212 133 224 186 
190 23 223 75 
170 189 184 255 
91 177 122 125 
32 37 138 109 
53 79 187 245 
20 86 180 191 
49 60 78 32 
35 222 142 228 
77 8 220 55 
115 211 145 126 
12 218 132 166 
133 56 172 68 
137 61 201 95 
31 231 188 112 
42 32 154 89 
29 5 87 253 
68 216 125 158 
38 191 205 88 
110 180 169 114 
67 57 101 5 
44 34 141 97 
14 207 133 1 
85 24 102 250 
64 197 193 178 
11 28 148 109 
6 80 146 66 
40 184 67 195 
180 178 185 248 
35 187 121 175 
42 230 94 102 
80 15 89 15 
69 195 86 21 
21 170 131 144 
26 241 115 193 
87 115 112 66 
78 150 98 134 
34 213 179 155 
176 68 184 83 
195 170 214 188 
162 57 221 71 
77 243 92 159 
57 220 163 90 
36 94 219 123 
32 87 161 243 
160 229 188 10 
17 53 62 200 
31 230 65 147 
178 167 210 33 
124 161 149 178 
58 170 155 198 
56 37 70 1 
20 239 120 239 
136 69 165 10 
125 173 143 62 
7 181 106 126 
55 122 187 133 
9 104 202 123 
138 221 204 146 
37 54 186 97 
47 70 200 83 
75 212 81 22 
12 217 122 245 
79 88 116 235 
68 89 103 23 
25 216 177 149 
73 249 105 220 
168 156 205 160 
82 40 104 253 
110 36 196 35 
66 91 129 85 
23 173 33 79 
71 153 215 22 
61 212 207 235 
108 128 119 209 
52 6 197 112 
132 201 224 81 
171 51 174 184 
114 28 167 164 
144 144 152 194 
18 149 24 236 
74 146 151 3 
123 185 216 172 
4 155 67 156 
46 128 211 76 
54 210 134 42 
109 201 126 109 
19 25 159 1 
130 38 201 4 
16 236 49 24 
50 101 209 152 
128 104 218 10 
3 38 93 203 
158 98 175 202 
150 151 156 155 
100 199 192 17 
147 138 153 148 
53 172 173 238 
127 246 206 132 
15 108 101 22 
5 22 181 62 
8 185 164 179 
113 231 117 61 
88 18 139 125 
51 164 135 72 
28 215 208 227 
48 71 154 234 
60 228 212 139 
1 248 70 33 
45 188 220 194 
157 224 199 245 
13 171 190 127 
150 248 217 104 
72 19 183 252 
140 14 172 66 
27 210 194 7 
43 144 198 146 
59 45 107 91 
84 3 97 39 
41 10 104 169 
96 70 118 11 
145 162 191 236 
10 170 63 180 
90 136 222 58 
29 210 169 112 
76 81 203 170 
137 148 182 90 
30 158 95 125 
22 86 99 127 
91 128 213 158 
38 207 166 228 
37 11 39 154 
106 220 189 105 
83 149 123 99 
2 150 163 125 
111 113 207 18 
55 100 170 135 
142 110 200 225 
20 130 223 48 
73 179 124 54 
11 26 33 200 
52 17 78 221 
134 52 186 76 
38 160 215 180 
71 86 214 160 
102 12 193 218 
154 102 221 124 
50 150 58 38 
122 204 205 107 
16 126 206 112 
19 81 174 202 
101 134 180 108 
34 12 39 103 
143 194 204 82 
100 103 108 93 
25 235 62 224 
82 45 149 116 
196 29 213 48 
46 165 112 181 
24 168 194 119 
31 3 167 92 
26 240 185 52 
45 102 84 197 
5 132 98 238 
69 158 137 170 
87 144 208 193 
74 71 170 187 
2 199 61 115 
27 247 96 249 
42 39 181 190 
3 151 85 95 
116 91 132 202 
147 205 184 216 
9 70 65 138 
48 129 140 110 
103 22 117 38 
49 143 179 15 
44 244 125 62 
77 219 192 47 
13 169 211 177 
1 77 161 153 
158 166 189 218 
127 163 201 124 
223 98 224 201 
144 226 182 200 
4 120 141 180 
119 78 197 21 
14 219 178 219 
6 50 15 189 
7 201 171 48 
59 150 135 124 
40 210 162 119 
54 169 152 67 
47 45 126 89 
155 56 219 25 
36 118 88 84 
129 192 199 202 
95 101 191 79 
56 100 120 48 
28 97 97 187 
17 208 110 251 
164 178 209 74 
210 116 212 16 
72 229 217 244 
193 134 218 29 
66 235 165 237 
80 156 115 114 
22 207 50 166 
41 105 187 115 
21 109 160 85 
30 238 91 189 
60 205 202 164 
118 250 156 30 
139 245 175 80 
75 97 203 151 
142 73 198 254 
32 63 51 222 
29 131 93 211 
83 111 92 157 
86 15 105 180 
138 252 148 76 
79 163 166 26 
3 56 168 108 
57 249 77 38 
145 98 220 201 
23 113 162 90 
130 166 133 188 
159 226 176 96 
157 204 188 111 
90 245 107 97 
35 52 64 170 
9 113 10 117 
128 87 177 30 
68 156 99 30 
89 240 151 32 
136 236 222 183 
109 103 131 100 
121 29 183 209 
172 159 190 75 
63 38 195 64 
111 243 169 182 
18 111 173 190 
34 168 81 248 
43 32 113 44 
53 18 159 116 
94 8 153 156 
12 191 146 48 
8 194 216 161 
75 94 114 25 
76 9 82 183 
40 4 210 252 
39 204 128 130 
105 192 110 121 
84 28 218 33 
18 241 192 91 
86 99 104 13 
44 26 120 150 
35 244 170 165 
69 253 214 232 
148 49 207 23 
143 222 173 167 
45 58 111 42 
1 8 28 151 
146 151 194 246 
62 11 74 84 
27 2 55 109 
37 122 195 227 
129 62 186 250 
17 78 119 16 
66 210 176 186 
4 19 158 98 
47 69 122 154 
52 20 177 210 
80 9 94 218 
113 147 126 250 
102 163 175 226 
131 182 178 17 
185 156 199 38 
14 104 168 101 
15 213 42 130 
187 176 190 44 
72 179 220 244 
12 142 81 53 
29 115 204 37 
63 17 217 66 
99 195 172 70 
115 31 116 195 
109 22 224 89 
114 144 165 39 
60 100 169 197 
21 217 101 159 
73 170 167 54 
147 31 201 138 
53 26 198 144 
140 110 205 83 
51 219 157 190 
64 38 130 50 
83 102 149 207 
184 63 188 237 
10 21 36 225 
107 38 213 189 
26 230 65 52 
141 175 181 221 
30 252 112 148 
121 132 139 121 
57 157 182 98 
117 213 191 4 
23 95 83 240 
56 163 221 101 
48 111 142 140 
16 72 108 212 
6 70 92 252 
33 36 161 19 
137 239 179 247 
89 2 219 188 
71 75 97 146 
150 103 174 93 
61 119 202 33 
32 6 54 88 
13 233 58 21 
19 107 222 148 
124 209 183 32 
11 227 163 244 
5 217 106 89 
98 238 164 77 
2 79 134 2 
103 239 135 32 
67 166 136 129 
43 132 171 93 
7 254 154 191 
90 27 145 164 
88 87 197 151 
166 206 212 38 
68 160 78 161 
22 23 189 150 
24 40 209 215 
25 193 200 66 
46 173 206 240 
76 137 151 250 
85 161 123 152 
79 111 160 215 
155 25 180 85 
96 198 223 239 
49 255 138 162 
70 162 211 152 
20 146 153 147 
38 172 208 100 
41 24 156 88 
100 103 196 130 
125 76 216 166 
152 157 215 23 
31 117 93 157 
8 85 59 34 
65 41 144 223 
32 149 203 118 
95 90 132 27 
91 166 118 113 
87 219 164 237 
127 94 195 216 
91 85 133 99 
49 134 115 115 
102 102 154 150 
35 211 99 109 
140 122 184 225 
178 72 189 182 
125 14 152 195 
21 183 118 140 
106 134 138 121 
96 54 173 214 
8 174 9 103 
127 193 205 230 
39 3 157 177 
37 111 126 218 
66 247 200 230 
92 214 103 122 
172 46 194 26 
3 8 77 164 
2 131 25 127 
136 164 198 234 
88 119 132 30 
131 91 146 89 
57 75 210 128 
64 138 167 30 
61 73 174 61 
122 43 207 47 
180 117 220 17 
67 193 177 209 
40 151 113 224 
12 153 46 62 
4 104 13 252 
86 225 206 165 
36 205 215 241 
74 154 129 214 
59 106 73 248 
124 111 153 160 
5 173 85 147 
135 68 181 103 
133 126 134 98 
26 226 109 48 
60 82 219 183 
160 232 165 209 
101 39 108 50 
78 188 82 246 
17 111 58 179 
54 80 104 164 
147 80 186 85 
18 238 56 113 
24 127 151 116 
162 62 209 237 
34 176 111 190 
44 126 214 44 
90 250 190 159 
148 53 196 149 
84 88 139 141 
41 110 168 28 
43 248 93 226 
107 79 143 125 
71 47 150 238 
51 160 130 221 
159 169 208 174 
6 210 188 160 
14 101 72 2 
50 94 179 97 
23 29 27 53 
138 77 155 150 
119 194 171 173 
70 130 175 177 
1 209 48 8 
52 152 97 25 
110 160 203 179 
76 39 116 59 
19 146 183 115 
156 116 211 243 
53 151 212 22 
30 156 80 156 
166 66 222 169 
33 21 224 134 
29 124 217 250 
137 150 197 106 
75 46 123 8 
38 86 100 119 
16 147 28 179 
62 47 117 255 
162 72 176 227 
10 56 192 121 
79 153 142 110 
7 146 191 188 
145 244 158 121 
15 173 182 69 
81 254 144 105 
105 118 112 141 
87 24 121 133 
69 197 204 120 
106 72 201 150 
114 5 187 246 
63 160 161 100 
11 88 97 161 
17 38 221 12 
120 67 218 13 
185 115 216 29 
45 103 89 62 
13 29 98 182 
128 208 209 153 
47 231 68 228 
94 190 213 97 
6 23 193 219 
55 87 141 134 
22 198 169 139 
154 221 223 232 
170 142 202 41 
41 32 95 172 
39 84 163 251 
20 86 31 11 
42 233 207 15 
149 146 199 203 
8 236 215 131 
45 234 152 11 
57 45 114 39 
42 184 90 126 
174 89 181 103 
157 236 175 156 
75 139 124 26 
127 194 176 24 
32 15 216 207 
46 146 220 56 
18 110 29 241 
31 79 71 184 
24 245 66 164 
80 167 144 231 
87 139 119 177 
49 62 121 91 
62 189 194 138 
3 154 212 63 
82 10 217 68 
2 144 199 19 
79 193 86 93 
50 99 126 154 
59 183 120 73 
36 197 81 248 
15 223 147 75 
131 244 167 205 
155 102 188 250 
139 255 200 95 
103 21 203 46 
56 184 190 23 
4 205 116 156 
84 241 211 15 
34 38 99 138 
77 57 94 205 
170 37 185 192 
166 126 184 22 
14 82 100 125 
134 184 136 252 
51 213 151 15 
105 74 178 7 
35 133 156 207 
27 85 95 170 
67 91 163 113 
5 198 47 191 
76 217 140 218 
193 141 210 197 
11 125 92 79 
28 102 88 101 
148 246 165 42 
25 182 145 209 
74 65 168 138 
108 112 146 253 
125 33 159 97 
70 106 186 117 
19 189 169 14 
73 6 137 131 
85 138 161 232 
110 240 201 105 
204 191 224 126 
43 13 183 200 
133 81 219 20 
53 223 197 9 
123 95 142 129 
128 72 143 84 
83 49 98 148 
16 184 37 226 
12 29 149 188 
65 38 221 166 
20 160 206 75 
23 234 195 64 
44 175 52 54 
48 185 196 130 
38 197 111 51 
89 11 158 120 
58 75 118 192 
113 73 130 250 
172 122 180 199 
96 216 115 74 
55 184 122 21 
102 107 205 109 
9 108 117 157 
40 138 132 33 
63 56 135 138 
54 238 60 12 
10 250 187 164 
1 130 150 246 
202 109 222 50 
69 76 218 207 
30 161 109 139 
78 156 198 241 
7 235 101 20 209 65 
72 7 179 52 208 151 
45 124 91 29 171 62 
61 97 93 9 213 39 
112 32 153 70 160 103 
164 155 189 118 223 246 
104 121 173 205 182 63 
33 17 64 148 129 164 
22 120 94 209 191 160 
21 79 68 132 192 102 
26 161 86 50 177 18 
107 106 142 76 214 220 
87 17 118 208 141 93 
81 20 121 163 213 213 
23 118 73 68 76 177 
198 86 199 46 221 103 
59 29 100 152 176 165 
41 86 92 201 201 195 
67 248 170 44 196 20 
71 236 108 243 187 255 
78 75 161 115 194 17 
28 11 68 19 222 203 
19 28 25 6 138 212 
31 124 63 222 139 38 
95 187 175 137 215 137 
18 181 155 151 178 253 
2 179 7 137 72 1 
44 98 66 234 137 151 
110 29 120 218 132 140 
205 208 211 247 224 184 
27 120 90 156 188 124 
26 190 29 105 124 121 
6 72 113 54 206 227 
12 183 69 19 85 207 
1 146 91 58 189 219 
171 91 180 126 210 151 
88 76 114 109 184 164 
111 242 123 52 223 168 
79 55 126 66 149 71 
33 92 75 112 208 173 
52 74 89 73 205 55 
5 243 39 244 131 61 
93 163 125 228 145 6 
16 51 164 235 192 194 
51 108 77 193 122 11 
37 189 48 237 103 61 
4 158 24 150 38 16 
146 155 165 69 173 187 
42 4 46 142 60 100 
13 215 64 58 153 246 
32 43 56 226 101 87 
54 189 98 44 217 46 
53 32 74 200 83 6 
140 105 141 185 195 127 
17 5 49 127 166 47 
20 112 70 12 117 90 
10 79 109 47 151 9 
11 20 154 98 185 73 
15 20 19 230 168 90 
115 175 162 118 197 238 
96 110 130 204 160 74 
116 160 157 245 171 168 
34 195 152 214 214 182 
134 153 203 170 207 193 
3 50 172 2 204 37 
99 187 102 170 107 146 
57 100 97 114 156 32 
8 89 126 143 182 145 
119 145 127 199 144 47 
143 192 179 101 202 23 
9 93 50 64 200 161 
112 114 133 85 191 69 
62 67 152 28 193 58 
84 4 105 185 159 249 
148 176 158 185 181 175 
174 61 219 67 220 132 
35 174 61 61 212 176 
47 217 129 115 150 231 
80 104 106 226 183 104 
36 105 142 94 163 175 
40 130 55 27 169 104 
78 200 186 22 218 206 
14 74 30 137 128 38 
65 223 147 209 216 159 
43 86 104 153 190 141 
22 45 135 47 136 240 
58 209 82 169 177 35 
22 108 115 125 167 61 
13 180 21 197 207 69 
40 168 173 185 217 135 
37 93 168 59 213 204 
18 150 74 78 90 203 
34 206 82 200 197 37 
81 115 117 154 190 162 
86 56 118 234 193 255 
52 147 77 144 202 153 
43 100 148 46 214 53 
122 188 147 149 156 206 
6 136 124 147 196 228 
32 151 140 233 179 226 
2 73 30 134 120 209 
79 68 146 209 154 245 
8 68 92 168 119 153 
5 74 20 183 187 83 
128 48 150 216 153 166 
155 35 194 8 223 198 
64 149 65 172 163 250 
53 220 57 211 158 163 
170 50 174 157 208 128 
48 203 80 221 180 100 
55 255 59 161 84 26 
60 244 162 163 204 165 
87 100 167 145 211 115 
72 234 135 152 185 153 
41 228 177 163 195 55 
14 15 101 226 224 254 
42 140 49 74 67 111 
28 71 130 156 182 234 
123 22 136 80 141 84 
111 2 183 182 199 107 
71 47 113 67 203 119 
3 132 144 213 160 15 
79 157 137 101 169 224 
58 111 95 196 222 245 
46 174 108 100 189 107 
26 85 47 140 191 86 
83 244 188 31 209 206 
107 89 129 138 159 99 
10 119 112 94 186 56 
121 207 184 192 221 60 
7 42 36 60 52 128 
17 181 85 24 104 204 
25 163 51 117 68 12 
16 187 35 171 105 33 
73 166 94 36 166 90 
9 183 125 102 168 42 
1 119 24 184 110 59 
12 79 15 234 139 247 
50 202 96 3 161 185 
102 147 114 94 198 52 
133 111 149 86 200 236 
91 171 98 142 145 230 
63 140 138 102 220 165 
11 213 143 86 176 244 
31 181 76 25 127 26 
62 180 97 216 132 201 
23 85 44 111 134 165 
89 13 116 126 206 220 
45 39 88 253 201 228 
4 168 131 126 212 109 
54 224 93 175 99 5 
38 23 56 110 103 66 
106 204 151 85 172 178 
109 201 164 171 181 201 
39 41 61 129 100 15 
21 170 157 227 216 40 
33 96 70 68 192 180 
69 255 75 177 219 93 
29 149 66 185 175 30 
178 31 215 31 218 208 
28 191 165 160 210 1 
27 117 36 43 212 207 
113 202 147 178 199 232 
60 252 82 34 100 119 
137 7 170 223 211 243 
32 117 45 42 115 194 
154 191 174 221 214 75 
9 80 57 122 86 76 
37 112 88 5 202 178 
74 136 93 55 111 115 
29 240 76 241 216 172 
5 244 89 18 221 220 
35 184 69 93 144 180 
31 14 66 210 198 176 
19 136 191 184 218 252 
127 132 189 247 207 205 
21 151 27 200 75 42 
11 207 171 116 186 129 
65 227 68 124 110 153 
117 100 162 176 177 74 
41 194 194 87 196 134 
54 189 90 66 167 16 
73 53 180 78 217 237 
3 236 6 255 30 72 
166 39 173 14 185 132 
96 93 159 67 204 246 
39 216 95 69 164 7 
51 158 163 83 169 222 
23 195 150 213 182 43 
43 60 83 234 84 93 
1 98 61 33 135 190 
13 157 126 203 132 225 
61 106 135 219 312 248 384 77 466 8 631 209 764 130 803 146 905 119 959 98 
48 44 116 105 338 150 371 199 529 79 581 131 698 144 795 179 869 73 
45 43 201 2 296 38 374 151 426 56 580 8 696 154 833 50 890 132 952 236 
83 252 148 102 287 155 389 120 474 19 593 104 709 205 815 158 918 168 
27 20 147 177 304 22 367 132 527 217 599 173 722 198 810 243 872 74 940 244 
70 57 149 223 230 80 392 50 515 70 624 210 669 23 801 72 867 136 952 255 
67 149 115 70 259 181 393 201 533 254 650 146 769 235 795 137 899 42 
86 63 153 245 305 185 451 194 556 85 573 174 679 236 836 89 871 68 
107 39 196 228 261 104 377 70 435 113 573 103 759 108 839 93 904 183 936 80 
4 99 193 14 326 170 435 117 503 21 648 56 763 250 825 79 897 119 
24 27 114 59 229 28 344 26 526 227 660 88 725 125 826 20 912 213 946 207 
3 161 215 218 266 217 450 191 486 142 592 153 745 29 802 183 906 79 
14 30 164 20 315 171 383 169 523 233 593 252 665 29 818 215 857 180 960 157 
52 174 126 87 226 207 391 219 482 104 625 101 715 82 851 74 884 15 
12 182 145 222 303 108 392 189 483 213 652 173 703 223 827 20 906 234 
36 208 198 63 293 236 353 126 514 72 645 147 744 184 812 51 902 187 
34 29 163 217 250 53 404 208 472 78 607 111 661 38 823 5 900 181 
68 220 202 239 284 149 445 111 458 241 610 238 689 110 794 181 860 150 
99 58 146 208 291 25 354 81 524 107 635 146 733 189 791 28 827 230 943 136 
100 234 210 86 256 239 342 130 549 146 676 86 747 160 824 112 872 183 
18 5 134 141 237 170 413 109 494 217 570 183 778 79 857 197 924 170 945 151 
70 83 175 156 332 86 411 207 538 23 671 198 777 120 854 45 856 108 
22 59 140 137 275 173 429 113 511 95 627 29 748 234 783 118 915 85 957 195 
92 172 191 219 284 236 363 168 539 40 611 127 691 245 815 150 905 184 
53 240 119 129 269 216 359 235 540 193 581 127 728 182 791 6 901 163 
105 98 165 90 238 241 365 240 505 230 602 226 779 161 800 190 894 85 
33 134 152 133 319 210 372 247 469 2 627 53 720 85 799 120 930 117 945 200 
6 29 141 228 309 215 403 97 466 151 645 179 726 102 790 11 886 71 929 191 
7 134 220 5 328 210 421 131 487 115 641 124 689 241 800 105 927 149 939 240 
29 208 148 219 331 158 414 238 507 252 638 156 767 161 851 137 869 134 952 72 
83 119 218 231 251 230 364 3 555 117 676 11 690 79 792 124 913 181 942 14 
104 251 208 37 248 87 420 63 522 6 558 149 687 15 819 43 868 151 934 117 
55 236 160 178 275 79 344 200 516 36 640 21 776 17 808 92 925 96 
58 200 143 230 241 213 356 12 446 168 613 176 711 38 831 195 861 206 
27 99 212 222 233 187 434 52 461 244 566 211 719 133 845 174 902 171 941 184 
38 204 173 137 247 94 399 118 503 225 595 205 702 197 848 105 899 60 930 43 
76 25 185 117 263 54 335 11 470 122 576 111 744 226 814 189 859 93 937 112 
97 75 222 191 334 207 347 160 550 172 644 86 751 197 815 16 920 23 
13 46 120 251 335 154 356 103 455 204 575 3 675 84 810 244 923 41 955 216 
61 57 131 107 231 184 395 210 454 4 591 151 760 138 849 130 858 168 
73 23 181 2 323 10 412 105 551 24 618 110 674 32 786 86 883 228 949 194 
4 49 219 32 234 230 373 39 483 130 677 233 682 184 817 4 885 140 
2 243 193 19 320 144 447 32 532 132 619 248 738 13 853 86 865 100 958 60 
73 115 162 13 225 34 381 244 460 26 614 126 749 175 796 98 915 111 
23 25 159 108 313 188 366 102 465 58 664 103 680 234 771 124 917 39 934 42 
84 121 167 142 288 128 362 165 541 173 592 62 688 146 817 142 893 174 
82 179 151 147 264 70 397 45 475 69 667 231 722 191 846 217 894 140 
59 5 146 198 310 71 378 129 513 111 631 8 750 185 814 237 878 203 
10 198 211 60 293 24 380 143 547 255 564 134 694 62 823 127 885 74 
109 144 114 194 294 101 351 150 411 166 626 94 700 99 839 64 907 202 
100 4 179 116 308 164 420 222 499 219 622 160 717 213 813 108 901 117 956 158 
44 139 149 65 279 6 345 17 476 20 632 152 749 54 809 74 864 147 899 128 
109 183 209 79 301 172 448 18 497 26 637 151 740 223 821 32 876 220 
92 127 172 144 289 210 396 169 522 88 608 80 762 238 820 189 919 224 950 189 
80 31 115 44 260 122 340 100 469 109 670 87 757 184 849 27 879 255 
13 91 175 41 255 37 402 100 512 163 610 113 708 184 819 226 920 110 
88 34 198 183 246 220 427 249 509 157 585 75 681 45 835 100 876 211 936 122 
98 112 195 113 254 170 351 38 523 21 607 179 753 75 855 209 892 111 
98 93 118 116 321 45 394 150 556 34 597 106 701 183 785 29 879 161 
8 19 151 71 311 228 415 205 493 100 603 82 762 12 817 100 880 244 932 252 
62 106 192 118 277 212 371 115 521 119 587 73 772 97 845 61 923 129 959 33 
37 185 199 212 250 200 359 224 468 11 646 47 695 189 841 67 914 180 
57 20 161 2 326 180 443 38 488 17 659 160 761 56 792 222 911 140 
64 114 113 95 228 197 434 170 500 38 586 138 776 148 818 58 875 149 
1 201 156 48 251 147 377 138 505 52 557 41 746 38 852 223 875 172 947 227 
110 113 145 253 274 91 409 235 473 210 577 247 691 164 796 234 927 185 942 210 
86 252 224 57 231 195 287 156 531 166 590 193 721 91 787 248 885 111 
106 172 221 216 268 89 437 156 537 160 667 228 778 132 790 19 901 12 947 124 
29 150 138 31 236 195 368 158 462 253 656 197 766 76 802 19 926 255 941 93 
41 35 188 88 255 1 312 33 548 162 630 130 732 106 824 12 925 68 
63 143 171 218 276 153 348 86 519 75 621 47 690 184 788 236 889 47 
110 245 164 16 317 19 407 229 485 179 625 2 770 7 795 1 882 234 
50 140 186 205 270 249 343 179 495 170 597 248 734 6 783 68 903 166 951 53 
74 57 125 163 285 146 370 71 468 84 596 154 729 65 821 200 860 78 938 136 
46 5 119 249 265 212 418 97 452 94 643 46 685 139 808 112 926 177 945 42 
41 48 154 217 329 81 453 9 542 137 634 39 723 217 783 177 913 25 939 241 
47 46 213 8 245 243 382 219 427 38 580 164 712 57 813 193 864 144 
112 177 211 32 240 150 345 221 537 161 606 188 768 156 789 75 850 200 
19 129 161 2 267 88 425 163 544 111 649 153 699 193 807 55 870 68 891 157 
55 126 157 29 235 15 410 156 477 9 638 156 692 167 847 104 878 221 
9 144 178 65 265 22 446 248 486 53 653 254 702 248 782 20 862 115 
72 202 196 212 272 40 360 45 453 183 606 246 697 10 855 169 861 200 932 34 
18 219 171 33 337 149 422 111 501 102 511 240 743 49 821 6 895 244 958 234 
56 104 144 222 322 3 366 197 457 28 617 88 710 241 842 4 879 26 958 93 
40 157 200 176 227 24 374 95 543 161 599 147 735 138 802 207 900 24 
39 210 152 130 236 21 423 15 459 99 594 225 699 93 779 50 863 56 936 76 
12 251 220 253 239 115 369 144 561 219 655 24 693 139 781 17 881 100 
15 105 189 16 307 18 399 84 535 87 583 119 726 101 805 76 917 253 937 5 
30 205 185 25 235 15 438 240 518 2 664 62 752 11 809 73 916 13 940 18 
72 92 177 216 327 136 433 245 534 27 615 250 682 126 799 156 860 203 950 66 
74 241 207 177 333 128 414 189 560 166 563 85 771 29 803 58 910 171 
17 66 174 14 245 159 422 157 515 252 578 214 725 79 786 201 871 168 
93 168 166 158 296 203 421 211 555 157 619 226 772 9 811 163 919 175 938 55 
6 101 169 91 234 102 449 8 477 218 668 190 712 205 777 209 903 36 
85 240 113 212 331 125 401 101 559 90 674 172 720 170 793 187 892 196 955 69 
97 241 117 67 324 70 372 249 546 198 572 54 756 216 829 110 907 3 954 93 
60 19 202 198 322 39 403 187 519 146 632 25 660 161 835 114 914 216 
69 210 127 133 240 134 367 238 528 238 665 182 743 148 820 44 910 142 
105 151 168 181 332 127 437 30 489 195 566 109 711 138 834 187 919 5 
26 202 157 233 299 199 358 103 552 103 644 119 715 125 785 152 923 15 932 119 
43 161 224 5 303 22 355 134 494 159 605 39 769 20 819 87 884 226 
94 247 137 131 227 250 349 12 479 163 565 102 758 107 834 170 908 147 
48 46 167 97 268 23 379 22 530 239 578 122 707 21 814 61 920 66 
42 169 130 90 272 253 323 169 459 13 608 164 775 121 853 153 900 204 
43 216 133 106 270 220 423 180 456 192 654 118 718 74 842 185 902 33 
22 97 194 77 259 126 336 220 527 89 571 134 657 72 847 226 921 204 
20 136 203 67 321 91 433 97 504 38 620 79 780 106 834 146 896 89 
64 69 154 43 278 128 358 93 514 212 605 50 730 112 788 243 893 100 
34 87 141 118 290 201 440 103 491 22 602 48 767 139 825 47 922 201 
88 109 223 180 273 36 404 251 456 121 633 160 736 240 797 29 905 59 947 153 
69 197 181 172 339 113 444 243 465 42 613 190 751 51 806 242 888 2 938 115 
90 147 136 243 239 66 362 181 507 148 654 141 773 32 840 114 897 94 
26 228 127 13 306 231 447 44 478 147 591 224 754 73 801 54 889 67 931 202 
35 35 187 82 282 28 452 25 492 144 658 5 681 39 805 109 908 94 
81 253 214 211 238 193 410 114 490 31 564 115 756 74 828 175 856 125 934 194 
51 181 150 8 267 235 375 91 490 195 634 59 709 156 830 160 916 126 
21 77 133 174 306 61 379 38 510 213 646 255 759 157 824 90 862 154 948 100 
76 80 156 212 324 11 416 250 560 113 570 140 753 192 781 208 863 234 
66 241 142 113 278 209 390 78 472 16 629 194 693 177 837 145 871 153 
2 225 125 25 256 239 402 48 460 150 662 67 701 73 797 218 869 209 
111 240 131 231 233 175 441 29 508 132 655 133 694 91 782 163 898 207 
75 203 207 125 266 245 352 204 475 154 588 43 757 21 813 11 866 188 
85 43 197 131 286 185 337 99 543 152 643 8 741 95 806 52 887 22 
71 20 120 230 253 161 343 54 525 209 598 111 685 26 800 121 867 147 
19 1 221 158 258 173 381 62 553 76 569 14 731 33 811 228 904 102 
108 173 137 53 290 109 397 89 478 250 576 218 700 154 807 66 836 143 960 203 
68 27 183 199 302 246 386 163 562 94 574 193 686 194 837 199 913 26 944 132 
84 190 173 50 295 104 436 87 455 130 666 208 742 72 851 38 873 48 
96 27 189 234 274 85 400 192 471 62 596 214 776 164 846 115 896 138 
7 18 129 200 292 38 430 166 500 50 622 221 754 250 829 204 886 156 
99 65 162 244 237 144 440 100 480 182 584 91 704 244 810 61 918 126 
25 72 215 166 280 201 375 202 559 27 583 30 760 33 797 140 914 201 960 225 
63 188 216 56 226 1 430 188 563 99 601 126 739 81 840 85 909 111 
111 23 195 30 289 42 346 52 529 2 601 98 716 184 832 153 915 165 
23 26 138 90 308 72 394 124 530 32 600 68 761 138 854 47 882 152 959 190 
49 22 160 52 257 69 439 236 531 129 582 164 716 252 854 240 887 80 
49 220 217 61 330 148 368 170 517 239 642 150 734 131 796 151 891 101 933 7 
108 103 208 109 262 221 424 252 547 162 571 121 628 77 791 212 911 102 
17 25 117 60 307 125 417 245 508 121 617 141 706 255 792 38 906 247 
11 96 153 102 318 14 378 110 498 110 567 122 723 218 822 105 868 233 
24 146 128 125 225 97 389 180 506 175 670 134 781 93 822 185 887 84 
47 219 212 228 341 110 419 73 513 140 649 110 741 129 780 76 848 94 
66 10 123 197 258 62 357 194 464 222 620 125 742 84 838 192 912 86 
80 136 132 46 283 144 388 226 557 223 653 105 692 231 837 47 890 213 941 180 
38 58 214 126 325 162 428 98 534 164 651 244 728 209 811 6 910 230 
107 201 159 87 230 66 450 48 467 151 584 89 730 253 816 155 870 209 
20 211 150 49 300 138 376 205 496 31 609 80 703 75 852 209 866 149 931 178 
33 233 176 233 229 109 424 76 463 49 616 53 727 246 843 176 865 46 
37 37 183 206 253 178 360 116 501 207 678 146 745 188 807 71 909 86 
10 91 118 15 298 151 316 248 520 103 621 238 764 246 846 231 873 216 957 213 
40 84 182 189 285 3 438 32 542 250 611 116 717 15 825 9 921 85 
102 171 136 209 283 194 396 67 554 157 569 195 680 11 831 214 841 28 
31 83 121 70 300 148 449 156 549 147 598 160 773 70 818 246 873 166 
50 13 219 89 310 234 350 102 533 191 565 150 672 221 826 98 870 245 935 191 
3 122 139 134 254 198 398 56 545 25 628 150 705 102 794 151 874 35 
53 163 124 227 298 155 416 30 551 88 636 116 719 207 835 32 866 206 
87 58 190 140 314 224 432 204 499 190 575 177 684 236 830 245 924 227 
58 57 142 146 297 98 385 166 474 98 651 121 752 120 843 185 876 163 
1 50 200 116 291 1 431 226 448 116 623 169 731 97 842 249 896 99 954 67 
56 129 116 193 249 229 413 85 544 215 604 232 773 103 829 74 890 15 
78 62 184 177 248 243 384 153 516 19 659 100 735 232 789 115 907 185 
106 28 124 220 244 57 395 119 429 90 612 62 647 72 828 118 880 163 948 176 
77 177 177 243 246 90 338 125 526 244 675 251 721 113 848 175 875 250 956 83 
51 148 199 216 305 179 405 178 528 77 561 237 774 155 812 235 922 171 955 7 
95 22 163 195 257 10 409 237 492 39 604 209 727 42 816 69 929 160 
67 64 179 222 334 228 425 26 536 206 639 66 714 126 823 47 903 90 953 39 
112 152 180 226 282 164 364 92 495 54 586 30 704 205 856 61 881 145 950 16 
81 173 186 201 271 156 426 108 482 101 618 28 729 138 827 90 859 59 904 42 
16 208 223 114 328 112 444 182 493 197 671 139 733 14 849 104 891 224 956 222 
60 203 206 189 340 135 370 187 461 165 673 142 713 37 787 44 877 50 933 223 
46 200 168 162 281 51 393 48 532 93 629 173 771 62 804 91 830 168 946 116 
36 85 216 68 318 66 442 159 489 70 579 46 755 122 833 2 921 178 
28 197 155 253 301 238 445 190 464 167 572 214 775 205 816 187 858 185 953 14 
39 122 122 104 281 184 354 202 520 93 587 61 683 89 844 61 877 157 935 221 
101 19 192 81 297 202 417 80 479 226 630 177 684 156 793 137 927 30 
104 97 143 218 242 68 431 96 473 186 647 227 686 24 785 165 912 244 
54 230 201 47 269 149 436 30 476 210 590 209 779 18 855 35 883 163 948 74 
15 187 203 145 252 167 391 219 480 17 568 72 718 7 794 253 928 31 
93 74 134 149 241 155 380 15 517 247 626 97 770 52 838 101 868 226 
103 64 210 191 232 178 355 108 545 85 589 117 755 199 804 126 878 100 951 78 
28 78 178 147 304 62 373 190 506 221 600 103 683 103 843 175 922 201 
91 115 188 60 330 90 388 200 509 98 652 69 775 63 836 145 886 234 957 43 
75 93 123 32 317 252 441 209 525 32 635 115 738 200 847 104 888 182 
21 226 206 255 242 83 376 216 502 63 567 225 714 22 805 164 898 192 
89 1 191 48 232 248 365 52 481 156 663 115 713 192 826 73 882 153 953 132 
16 254 197 29 263 97 346 76 471 250 609 85 732 117 850 22 897 56 946 129 
87 95 209 245 260 133 412 115 484 176 658 246 763 164 788 255 872 83 
82 121 218 112 249 10 432 111 502 237 624 160 705 250 799 124 895 31 
5 49 130 218 336 105 385 218 538 150 568 182 774 118 803 219 893 107 944 247 
30 21 205 23 315 127 442 75 484 44 615 159 708 23 853 141 862 162 
78 204 155 173 325 236 401 79 510 4 650 188 777 160 840 69 894 86 943 184 
25 61 122 131 299 17 382 47 458 91 648 121 778 102 812 194 925 180 
89 236 158 34 228 178 349 218 408 134 669 219 724 141 841 58 863 255 
31 204 166 220 319 7 363 119 467 246 579 26 695 138 789 17 874 8 949 87 
103 13 187 203 243 170 443 64 470 227 562 216 748 64 822 127 883 55 
57 152 190 48 273 35 361 29 552 130 616 149 750 130 787 20 867 228 949 134 
59 29 172 228 279 112 390 21 535 151 642 106 740 9 828 238 861 37 
90 58 126 214 320 146 419 254 497 144 582 234 768 241 784 86 908 52 942 176 
45 114 135 147 314 245 400 202 481 38 678 203 698 19 784 46 888 107 931 232 
5 8 121 251 264 83 341 225 540 66 577 230 706 95 839 161 909 236 
62 254 217 95 292 4 386 124 496 138 657 150 736 105 786 195 917 228 
14 144 184 84 261 123 415 164 521 33 673 41 765 109 838 23 864 153 937 178 
52 68 144 34 329 170 418 151 558 118 633 179 707 46 832 170 889 119 
35 121 174 90 262 146 357 82 487 37 656 120 737 191 833 37 880 165 954 246 
77 55 222 88 271 160 352 107 498 83 574 230 758 109 798 208 809 55 
96 82 128 176 302 132 353 112 541 240 594 165 747 75 801 227 916 220 
65 123 165 217 277 235 339 18 463 23 588 47 677 15 832 193 857 69 944 205 
42 11 139 160 309 227 369 193 550 100 623 174 770 151 808 173 877 128 
101 254 170 72 294 152 405 74 539 215 612 237 666 153 769 65 895 206 
65 63 182 34 252 33 406 116 454 252 585 128 724 197 804 151 929 1 
32 239 176 41 288 76 383 177 548 152 636 243 710 15 798 247 881 115 933 243 
71 167 204 133 311 139 406 16 536 38 637 22 696 63 845 176 918 109 930 207 
44 139 140 212 333 158 361 48 504 189 668 97 772 39 782 213 859 204 
8 148 170 130 243 188 348 160 462 232 614 44 780 220 831 182 865 53 935 75 
95 146 147 74 276 22 347 180 554 23 595 241 679 131 793 137 928 31 
32 14 169 103 286 172 451 161 553 166 663 29 687 207 852 159 924 40 939 172 
94 125 132 88 316 104 407 244 488 66 641 250 697 68 820 46 858 135 951 237 
11 104 194 95 295 10 408 29 457 33 662 13 766 207 850 206 928 208 943 252 
91 80 180 175 247 123 398 25 518 188 603 183 739 20 844 67 926 93 
79 9 213 55 313 194 428 201 485 244 589 17 688 56 844 132 911 165 
79 111 129 178 244 71 350 124 512 101 661 12 746 166 784 103 898 60 940 220 
9 221 158 174 327 58 439 183 524 148 639 169 765 50 790 203 892 245 
54 26 205 75 342 48 387 98 546 239 672 232 774 246 806 168 874 198 
102 39 204 186 280 81 387 201 491 89 640 134 737 126 798 184 884 254 
