1000 264 256
3 10
2 2 2 2 2 2 2 2 2 2 2 2 2 2 2 2 2 2 2 2 2 2 2 2 2 2 2 2 2 2 2 2 2 2 2 2 2 2 2 2 2 2 2 2 2 2 2 2 2 2 2 2 2 2 2 2 2 2 2 2 2 2 2 2 2 2 2 2 2 2 2 2 2 2 2 2 2 2 2 2 2 2 2 2 2 2 2 2 2 2 2 2 2 2 2 2 2 2 2 2 2 2 2 2 2 2 2 2 2 2 2 2 2 2 2 2 2 2 2 2 2 2 2 2 2 2 2 2 2 2 2 2 2 2 2 2 2 2 2 2 2 2 2 2 2 2 2 2 2 2 2 2 2 2 2 2 2 2 2 2 2 2 2 2 2 2 2 2 2 2 2 2 2 2 2 2 2 2 2 2 2 2 2 2 2 2 2 2 2 2 2 2 2 2 2 2 2 2 2 2 2 2 2 2 2 2 2 2 2 2 2 2 2 2 2 2 2 2 2 2 2 2 2 2 2 2 2 2 2 2 2 2 2 2 2 2 2 2 2 2 2 2 2 2 2 2 2 2 2 2 2 2 2 2 2 2 2 2 2 2 2 2 2 2 2 2 2 2 2 2 2 2 2 2 2 2 2 2 2 2 2 2 2 2 2 2 2 2 2 2 2 2 2 2 2 2 2 2 2 2 2 2 2 2 2 2 2 2 2 2 2 2 2 2 2 2 2 2 2 2 2 2 2 2 2 2 2 2 2 2 2 2 2 2 2 2 2 2 2 2 2 2 2 2 2 2 2 2 2 2 2 2 2 2 2 2 2 2 2 2 2 2 2 2 2 2 2 2 2 2 2 2 2 2 2 2 2 2 2 2 2 2 2 2 2 2 2 2 2 2 2 2 2 2 2 2 2 2 2 2 2 2 2 2 2 2 2 2 2 2 2 2 2 2 2 2 2 2 2 2 2 2 2 2 2 2 2 2 2 2 2 2 2 2 2 2 2 2 2 2 2 2 2 2 2 2 2 2 2 2 2 2 2 2 2 2 2 2 2 2 2 2 2 2 2 2 2 2 2 2 2 2 2 2 2 2 2 2 2 2 2 2 2 2 2 2 2 2 2 2 2 2 2 2 2 2 2 2 2 2 2 2 2 2 2 2 2 2 2 2 2 2 2 2 2 2 2 2 2 2 2 2 2 2 2 2 2 2 2 2 2 2 2 2 2 2 2 2 2 2 2 2 2 2 2 2 2 2 2 2 2 2 2 2 2 2 2 2 2 2 2 2 2 2 2 2 2 2 2 2 2 2 2 2 2 2 2 2 2 2 2 2 2 2 2 2 2 2 2 2 2 2 2 2 2 2 2 2 2 2 2 2 2 2 2 2 2 2 2 2 2 2 2 2 2 2 2 2 2 2 2 2 2 2 2 2 2 2 2 2 2 2 2 2 2 2 2 2 2 2 2 2 2 2 2 2 2 2 2 2 2 2 2 2 2 2 2 2 2 2 2 2 2 2 2 2 2 2 2 2 2 2 2 2 2 2 2 2 2 2 2 2 2 2 2 2 2 2 2 2 2 2 2 2 2 2 2 2 2 2 2 2 2 2 2 2 2 2 2 2 2 2 2 2 2 2 2 2 2 2 2 2 2 2 2 2 2 2 2 2 2 2 2 2 2 2 2 2 2 2 2 2 2 2 2 2 2 2 2 2 2 2 2 2 2 2 2 2 2 2 2 2 2 2 2 2 2 2 2 2 2 2 2 2 2 2 2 2 2 2 2 2 2 2 2 2 2 2 2 2 2 2 2 2 2 2 2 2 2 2 3 3 3 3 3 3 3 3 3 3 3 3 3 3 3 3 3 3 3 3 3 3 3 3 3 3 3 3 3 3 3 3 3 3 3 3 3 3 3 3 3 3 3 3 3 3 3 3 3 3 3 3 3 3 3 3 3 3 3 3 3 3 3 3 3 3 3 3 3 3 3 3 3 3 3 3 3 3 3 3 3 3 3 3 3 3 3 3 3 3 3 3 3 3 3 3 3 3 3 3 3 3 3 3 3 3 3 3 3 3 3 3 3 3 3 3 3 3 3 3 3 3 3 3 3 3 3 3 3 3 3 3 3 3 3 3 3 3 3 3 3 3 3 3 3 3 3 3 3 3 3 3 3 3 3 3 3 3 3 3 3 3 3 3 3 3 3 3 3 3 3 3 3 3 3 3 3 3 3 3 3 3 3 3 3 3 3 3 3 3 3 3 3 3 3 3 3 3 3 3 
9 8 8 8 10 8 8 9 8 8 8 8 8 9 9 8 8 9 9 8 8 8 8 8 9 8 8 8 8 8 8 9 8 8 9 8 8 8 8 8 8 8 9 8 9 8 8 8 8 9 8 9 8 8 9 9 8 9 9 8 8 8 9 9 9 8 9 9 8 8 9 9 8 9 8 9 8 8 9 9 9 9 9 8 9 8 8 8 8 9 8 8 8 8 8 9 8 9 9 8 8 8 9 9 8 9 8 8 8 8 9 9 8 8 9 9 8 8 9 8 8 8 8 8 8 8 8 8 9 9 9 9 8 8 8 8 8 9 8 8 8 8 9 8 8 8 8 8 8 8 8 8 8 8 9 9 8 9 8 9 9 8 8 8 9 8 9 8 8 9 8 9 9 8 8 9 8 8 9 9 8 8 9 9 8 8 8 9 8 8 8 9 8 8 9 8 8 8 8 9 9 8 8 8 8 8 8 8 9 8 8 8 8 8 8 8 9 9 9 8 8 8 8 8 8 9 8 8 8 8 8 8 9 8 9 8 8 9 8 9 8 8 8 8 8 8 9 9 8 8 8 8 9 9 9 9 8 9 8 8 8 8 8 8 
97 95 235 91 
18 62 66 162 
193 25 203 25 
202 146 238 208 
140 130 251 215 
254 11 259 185 
135 187 221 48 
234 162 244 222 
117 229 195 202 
209 44 246 168 
112 99 243 5 
214 89 262 108 
42 41 91 203 
149 20 210 183 
122 247 252 134 
62 125 171 37 
155 254 236 128 
79 53 123 108 
21 243 100 67 
150 10 225 239 
72 207 138 85 
199 46 230 175 
151 2 192 161 
71 180 137 249 
134 48 263 127 
116 12 172 220 
114 165 186 190 
48 106 56 217 
23 7 178 24 
198 131 219 232 
25 225 184 166 
127 253 217 205 
88 146 215 75 
29 243 61 138 
136 122 170 181 
2 51 99 246 
105 63 197 104 
146 210 212 95 
33 53 147 82 
101 184 181 82 
47 66 60 75 
115 193 261 147 
152 102 211 161 
207 210 250 19 
156 246 161 75 
12 208 160 13 
231 70 245 38 
69 187 169 113 
15 53 77 146 
121 10 145 195 
1 18 180 236 
38 223 106 34 
82 21 249 223 
241 89 253 172 
35 233 45 204 
133 230 142 83 
68 91 174 234 
76 190 89 135 
17 161 28 187 
74 3 130 74 
182 163 260 54 
139 51 179 127 
95 164 256 179 
226 52 229 202 
9 207 206 34 
63 31 81 227 
30 171 157 142 
85 190 220 131 
6 213 53 26 
144 217 264 71 
52 116 102 60 
128 145 183 91 
98 10 148 171 
39 93 201 101 
110 253 205 90 
87 204 188 242 
32 149 176 115 
113 160 164 198 
11 76 31 201 
73 145 103 226 
26 78 190 206 
49 198 232 135 
84 4 94 70 
40 175 255 173 
129 117 224 41 
67 17 228 27 
108 7 125 140 
78 250 200 37 
131 74 248 188 
165 213 189 51 
41 16 213 219 
7 114 218 247 
54 146 153 98 
107 224 177 10 
118 22 194 101 
43 133 141 34 
57 224 70 241 
222 115 257 88 
154 34 227 183 
158 177 247 125 
75 23 187 211 
8 88 92 48 
58 40 191 232 
208 56 258 104 
55 98 93 15 
5 9 233 194 
83 39 162 165 
163 21 240 156 
96 51 126 173 
10 175 204 63 
44 81 80 133 
20 189 24 219 
13 229 223 55 
143 18 239 176 
3 219 4 37 
90 95 185 228 
36 126 173 112 
46 131 168 110 
216 27 242 130 
109 106 175 83 
119 46 132 210 
27 89 86 62 
64 223 196 103 
50 219 237 179 
22 152 120 196 
16 243 37 54 
111 125 166 228 
51 167 167 89 
104 8 124 211 
34 132 159 254 
14 25 19 8 
59 104 65 42 
1 75 163 242 
175 88 176 10 
181 42 226 26 
11 15 182 184 
149 4 184 42 
70 61 238 156 
20 42 84 149 
130 185 210 237 
45 236 114 78 
71 75 183 171 
189 74 218 189 
150 73 263 142 
119 251 127 57 
72 205 171 6 
78 90 105 159 
158 135 211 108 
204 156 257 78 
113 197 154 12 
38 61 53 164 
188 181 253 227 
165 147 236 201 
55 62 179 84 
7 74 81 170 
109 106 219 31 
24 209 248 232 
99 170 151 180 
60 148 170 210 
93 89 124 51 
86 248 102 83 
66 171 206 51 
59 250 255 18 
67 185 244 102 
52 53 63 2 
58 250 61 23 
115 164 221 46 
44 171 161 9 
216 218 261 175 
34 128 228 249 
57 236 110 58 
87 181 117 66 
23 126 89 49 
12 66 180 211 
48 131 136 134 
76 247 116 7 
13 4 160 1 
230 63 237 216 
21 194 42 192 
4 82 159 147 
194 203 203 236 
54 243 256 194 
17 90 133 40 
43 248 96 120 
14 220 234 235 
101 217 172 63 
10 79 223 46 
16 199 212 176 
79 115 88 208 
162 6 245 106 
139 41 199 122 
31 156 235 218 
2 190 143 124 
46 51 77 185 
15 122 191 188 
8 235 140 103 
85 134 135 61 
90 34 166 8 
3 32 247 51 
111 37 155 14 
9 155 108 96 
152 214 195 79 
209 191 215 204 
62 29 74 228 
112 245 198 217 
36 14 126 77 
6 59 29 139 
200 241 224 221 
246 137 249 55 
40 249 174 112 
27 51 214 252 
169 225 202 215 
65 17 197 62 
222 214 260 246 
80 97 123 64 
137 205 186 150 
232 177 252 180 
39 61 187 16 
30 114 35 184 
47 224 144 166 
128 159 134 223 
145 190 220 179 
131 56 185 79 
82 115 98 32 
83 168 259 108 
141 36 217 143 
97 25 167 51 
5 164 26 72 
242 100 250 249 
229 23 243 6 
178 17 207 149 
56 98 177 31 
121 144 208 41 
18 117 147 208 
28 40 118 210 
122 107 233 205 
157 127 196 233 
92 18 254 197 
193 152 239 232 
106 54 132 137 
107 128 164 156 
50 204 64 23 
19 145 104 161 
32 25 205 149 
125 189 148 240 
103 29 168 117 
33 72 75 176 
37 138 225 27 
100 83 192 121 
120 10 142 185 
41 50 94 203 
129 117 146 184 
156 153 241 57 
227 237 240 110 
153 98 258 38 
68 21 95 88 
173 200 201 255 
73 18 138 130 
49 205 91 119 
22 49 51 176 
231 63 264 247 
69 133 262 121 
190 226 213 185 
25 210 251 231 
156 145 213 48 
201 44 258 254 
92 114 104 223 
71 135 262 111 
87 237 101 67 
60 148 95 253 
132 34 193 56 
45 217 108 244 
1 168 190 205 
37 117 151 14 
174 153 175 130 
78 184 90 31 
169 12 171 213 
31 50 237 43 
158 125 191 134 
97 33 216 35 
25 143 241 210 
43 114 251 47 
3 202 165 248 
167 22 185 247 
86 209 107 176 
20 27 66 17 
17 72 177 93 
111 142 162 91 
96 143 260 82 
6 142 9 185 
189 113 232 105 
136 65 209 228 
135 66 202 234 
67 197 85 49 
223 143 228 243 
133 171 226 61 
75 234 181 248 
129 189 130 247 
117 149 263 34 
13 124 82 218 
47 103 103 16 
52 95 179 35 
110 255 118 172 
27 37 65 242 
59 51 161 1 
30 87 149 82 
116 103 245 71 
102 229 178 29 
11 27 46 187 
5 10 57 149 
91 191 141 126 
198 59 210 32 
51 89 100 120 
64 57 122 96 
28 69 257 7 
15 137 227 10 
76 121 148 149 
127 166 246 119 
4 227 112 13 
225 238 244 146 
38 67 255 28 
22 175 180 190 
155 9 203 17 
114 203 153 48 
98 191 176 229 
24 176 34 29 
79 43 221 51 
72 55 142 135 
163 88 208 10 
99 48 256 175 
61 253 93 2 
62 209 259 229 
7 37 73 204 
64 187 150 84 
113 137 248 187 
54 252 254 129 
21 123 55 33 
35 213 115 146 
211 203 215 112 
183 92 217 168 
73 188 206 175 
80 95 231 33 
39 80 105 112 
42 53 172 207 
230 215 249 111 
29 62 70 227 
125 135 212 144 
239 35 250 157 
186 62 204 133 
58 234 200 115 
109 246 134 42 
152 91 207 169 
77 36 128 40 
2 88 243 168 
81 57 253 107 
32 196 173 234 
49 167 145 241 
19 143 242 159 
88 249 147 198 
41 41 137 192 
12 139 264 112 
157 108 164 50 
23 55 26 132 
10 23 63 89 
199 61 236 2 
224 75 252 229 
106 251 196 166 
123 97 222 109 
36 110 234 44 
16 3 240 41 
146 186 194 41 
74 88 182 152 
84 177 139 103 
8 101 50 131 
187 28 237 100 
94 16 195 114 
188 204 238 29 
151 187 214 127 
124 174 229 31 
174 181 261 110 
170 159 184 13 
56 182 220 63 
26 246 33 53 
192 92 205 157 
48 81 166 225 
14 64 218 40 
53 186 126 153 
44 228 159 99 
69 7 247 14 
18 41 219 244 
83 238 154 242 
143 246 160 14 
40 18 121 159 
119 250 120 75 
131 96 140 220 
144 140 150 175 
89 218 168 60 
68 53 233 4 
138 220 197 236 
70 160 235 254 
15 113 142 45 
55 145 79 182 
90 176 137 102 
103 223 205 107 
144 35 186 157 
28 159 219 161 
148 248 189 56 
1 68 74 36 
87 18 222 14 
19 71 48 248 
152 172 162 80 
46 155 228 119 
16 113 123 70 
8 154 135 22 
36 178 41 36 
116 51 198 192 
69 114 184 56 
212 113 217 254 
187 70 239 254 
29 40 107 155 
102 105 146 54 
80 24 157 251 
49 6 204 214 
124 140 183 170 
119 57 153 126 
95 211 172 97 
89 62 140 102 
197 174 263 72 
30 129 94 3 
20 164 252 216 
38 151 130 172 
166 162 181 103 
236 228 256 171 
211 133 255 211 
152 7 192 42 
156 127 249 103 
42 68 171 96 
84 239 120 88 
136 252 227 235 
34 217 141 251 
93 10 241 111 
92 174 118 20 
58 12 225 171 
3 123 167 170 
115 75 226 35 
201 184 210 75 
40 197 248 194 
72 174 250 213 
81 158 196 197 
47 229 129 28 
67 149 207 83 
96 165 216 21 
71 63 206 173 
61 228 258 107 
14 48 27 63 
200 50 261 162 
77 44 155 96 
31 152 195 161 
175 9 178 78 
13 114 154 60 
160 149 221 19 
54 178 147 46 
6 106 223 31 
104 30 180 154 
44 232 75 16 
7 87 240 27 
51 117 134 114 
53 33 199 222 
158 15 260 141 
168 216 177 233 
11 118 114 50 
57 249 91 5 
21 105 108 216 
127 194 202 52 
35 28 65 213 
5 227 247 137 
128 179 143 161 
122 95 173 75 
10 5 68 44 
17 185 230 155 
109 102 169 5 
43 247 264 206 
4 62 52 50 
133 111 234 146 
9 226 231 131 
121 26 262 58 
18 203 235 198 
112 147 220 245 
32 84 101 132 
37 8 131 122 
111 3 208 27 
99 122 213 128 
170 38 257 113 
33 2 218 78 
83 101 179 185 
56 200 253 252 
161 7 259 178 
184 24 244 50 
39 118 63 112 
85 254 105 34 
125 142 242 109 
78 79 110 232 
88 218 145 163 
62 141 97 240 
64 86 243 219 
59 84 76 154 
194 217 215 123 
66 213 251 24 
122 199 209 80 
98 177 182 138 
60 81 159 118 
2 23 260 28 
50 140 86 163 
45 198 188 135 
12 76 138 178 
23 63 106 123 
100 37 164 107 
22 163 233 57 
126 149 163 193 
165 130 264 81 
82 210 262 27 
224 21 245 146 
149 45 193 176 
203 164 214 83 
139 127 176 250 
24 94 191 106 
155 195 238 63 
113 134 229 37 
108 235 190 85 
132 150 185 205 
117 159 254 30 
117 5 232 79 
4 94 246 190 
22 244 25 220 
110 141 243 152 
168 141 169 172 
127 248 200 188 
92 101 121 159 
30 162 57 57 
116 234 240 59 
31 105 170 127 
16 173 233 210 
246 33 250 92 
45 40 131 232 
62 241 218 156 
138 60 194 110 
195 232 217 229 
196 125 216 5 
129 149 253 6 
234 94 238 59 
14 226 24 33 
48 23 53 53 
167 252 201 166 
84 131 85 173 
198 35 223 206 
105 138 227 113 
46 147 213 147 
54 129 164 32 
230 183 248 243 
39 218 211 182 
42 10 106 53 
161 32 225 40 
47 236 208 86 
9 215 254 118 
242 163 256 246 
60 11 221 157 
69 68 181 11 
20 47 239 242 
7 76 175 147 
86 179 222 109 
78 190 148 68 
17 200 162 20 
35 147 165 17 
80 212 109 167 
26 201 154 244 
178 83 258 112 
89 163 209 44 
6 195 142 201 
144 189 193 155 
74 249 226 67 
61 51 159 181 
1 94 157 81 
15 29 49 166 
126 110 134 177 
13 122 188 196 
2 24 65 68 
73 212 237 110 
32 79 34 42 
38 150 135 193 
98 219 150 83 
21 199 28 206 
41 180 79 124 
172 224 249 8 
229 179 235 179 
173 123 231 180 
33 93 183 48 
107 245 137 213 
76 3 124 213 
190 178 220 154 
81 35 182 184 
58 132 160 202 
132 115 228 227 
10 169 111 207 
40 191 245 100 
125 83 184 136 
113 239 244 31 
97 19 118 37 
4 130 206 181 
59 248 77 122 
156 217 232 212 
37 25 72 235 
18 38 101 95 
44 180 120 136 
174 61 193 242 
12 244 136 20 
56 99 149 252 
71 185 130 225 
151 20 204 88 
68 162 202 89 
36 83 146 23 
23 34 87 10 
93 75 203 22 
25 3 162 223 
19 165 83 82 
3 49 205 28 
82 107 224 23 
199 78 251 4 
15 212 50 172 
29 237 180 205 
39 123 104 43 
75 96 91 203 
114 49 116 224 
133 6 186 181 
5 75 153 36 
90 148 95 5 
139 81 210 171 
189 88 215 139 
112 191 171 167 
70 197 212 69 
51 146 145 80 
8 237 99 163 
100 9 115 107 
123 137 236 249 
63 155 252 208 
166 199 191 255 
119 228 263 208 
52 204 128 226 
67 157 96 246 
66 253 177 147 
187 58 219 189 
27 36 176 154 
158 244 241 48 
55 185 197 192 
94 168 140 69 
147 234 207 52 
11 9 261 162 
43 141 192 12 
88 31 103 181 
20 207 163 218 
179 149 185 101 
214 200 259 112 
255 134 257 226 
102 177 161 29 
141 17 253 207 
107 44 143 20 
117 237 247 200 
8 120 101 150 
92 44 159 48 
2 120 88 50 
30 41 111 61 
196 213 262 16 
148 75 248 221 
67 93 214 213 
36 167 75 5 
50 2 210 47 
57 72 207 99 
94 144 219 125 
104 110 129 194 
7 255 41 44 
68 127 237 11 
97 77 123 249 
35 23 168 190 
136 152 254 65 
198 26 215 115 
27 226 217 33 
203 15 240 133 
189 211 208 21 
164 5 224 14 
16 189 82 110 
10 199 89 155 
3 243 142 36 
157 79 158 229 
85 174 183 37 
133 101 140 122 
221 32 230 94 
25 36 103 178 
66 202 114 190 
105 192 156 110 
112 159 126 130 
81 95 199 224 
236 150 263 80 
86 202 132 113 
1 181 246 174 
91 121 261 117 
74 127 152 133 
44 48 56 92 
18 14 59 110 
51 155 76 55 
155 150 220 11 
11 183 122 59 
14 181 110 236 
58 82 257 179 
48 233 98 109 
146 104 192 131 
34 204 108 113 
249 110 264 97 
165 75 187 175 
45 165 128 24 
19 114 204 36 
43 174 166 213 
64 186 83 205 
32 35 186 70 
121 143 241 167 
70 195 134 18 
206 163 244 144 
71 145 87 146 
60 92 96 172 
144 235 190 197 
137 177 209 73 
63 134 72 204 
127 13 154 38 
29 218 33 30 
99 160 178 128 
55 151 223 19 
46 215 118 129 
76 48 239 198 
62 128 188 88 
147 65 191 15 
151 5 177 77 
130 210 197 196 
120 236 182 237 
212 107 255 247 
153 78 171 67 
24 192 109 118 
80 201 124 7 
173 13 256 147 
138 167 222 137 
170 97 218 124 
149 137 232 210 
53 206 200 72 
84 253 125 204 
69 235 79 195 
102 176 202 157 
77 75 231 205 
6 10 47 112 
26 252 90 107 
31 78 145 29 
61 158 242 165 
9 96 260 95 
211 106 234 201 
235 16 245 219 
243 96 251 48 
52 25 226 43 
160 172 175 231 
17 242 201 253 
174 101 197 4 
141 195 179 171 
139 3 247 226 
176 54 229 26 
95 204 225 95 
22 252 38 8 
226 138 228 107 
40 216 205 160 
73 120 185 25 
160 35 195 74 
12 45 234 221 
37 219 181 124 
38 69 54 16 
131 250 180 105 
143 121 259 4 
28 10 163 106 
100 249 156 106 
143 150 233 35 
115 95 258 74 
49 242 206 199 
29 242 172 140 
42 205 136 90 
106 155 128 91 
50 252 93 55 
216 248 227 193 
115 17 150 128 
23 134 230 113 
113 196 194 170 
13 129 205 190 
65 111 252 71 
119 42 192 217 
2 38 238 203 
3 196 213 75 
5 21 8 231 
167 182 202 54 
21 43 78 231 250 17 
135 92 157 145 189 187 
169 139 180 220 215 100 
86 92 111 79 173 228 
7 43 235 36 246 8 
36 136 105 250 204 3 
25 1 137 103 165 121 
208 35 213 131 244 39 
158 53 226 86 256 249 
132 167 188 235 225 208 
116 91 141 229 150 185 
82 62 112 75 191 88 
27 92 54 133 239 172 
69 209 73 68 107 100 
10 86 241 133 263 165 
78 44 133 74 259 207 
5 46 249 85 255 194 
171 63 200 47 203 182 
119 86 168 237 242 10 
113 33 123 88 142 76 
52 252 174 162 251 218 
63 151 176 7 238 11 
19 66 70 64 221 104 
30 122 93 10 254 202 
18 131 260 224 262 164 
26 12 35 242 121 176 
28 133 81 224 193 101 
17 221 98 73 183 19 
39 242 60 155 164 28 
68 188 108 136 152 92 
57 226 127 104 131 77 
31 175 110 204 144 42 
34 169 135 218 138 153 
101 190 227 96 243 52 
117 123 163 192 229 118 
106 175 148 135 247 203 
172 208 220 234 252 110 
102 180 145 85 216 44 
53 121 99 80 187 19 
44 75 88 250 240 93 
49 140 61 202 90 53 
33 2 46 229 224 253 
66 194 74 131 79 226 
47 174 59 200 179 178 
62 235 65 125 104 160 
56 88 222 30 223 250 
24 153 195 134 196 177 
11 13 13 243 85 246 
21 17 210 34 217 215 
1 198 32 185 83 163 
134 57 140 55 170 47 
55 10 120 158 209 201 
95 220 182 242 194 23 
87 32 153 240 184 127 
159 249 162 73 212 177 
71 215 109 135 233 55 
84 234 186 64 253 163 
185 16 198 51 214 215 
15 221 100 43 169 11 
139 196 207 107 231 244 
4 38 12 60 23 178 
72 51 96 228 245 49 
58 40 80 63 146 48 
16 78 190 85 261 184 
154 36 219 255 258 135 
94 170 177 147 236 24 
6 234 64 245 211 208 
51 63 129 132 181 230 
126 177 149 196 248 8 
42 110 167 148 175 117 
125 103 147 39 155 32 
9 164 14 211 37 209 
45 198 178 160 257 170 
122 84 124 238 151 178 
40 144 75 98 89 96 
97 97 103 180 232 251 
114 16 161 159 166 138 
43 184 118 134 130 101 
22 85 91 183 214 143 
20 182 48 54 77 223 
67 73 201 48 218 74 
41 157 92 137 148 61 
56 138 208 4 250 248 
49 76 228 24 264 32 
76 242 191 24 199 131 
67 87 146 102 237 202 
5 65 74 1 136 237 
18 66 190 121 248 79 
129 34 236 224 246 185 
54 176 134 44 261 146 
69 2 122 10 159 32 
83 189 100 38 222 3 
38 252 168 206 260 99 
85 150 123 70 254 81 
8 242 206 213 253 130 
93 253 96 202 175 245 
15 54 41 132 188 33 
70 179 120 151 201 199 
50 18 125 75 205 146 
140 183 171 170 173 205 
121 160 176 145 200 83 
22 54 114 71 230 147 
59 121 107 164 127 132 
204 56 215 156 239 174 
47 153 102 249 247 191 
55 145 224 55 234 82 
145 180 197 22 219 185 
17 151 242 89 251 69 
141 183 142 69 178 110 
90 167 128 220 240 105 
164 78 198 223 255 238 
33 17 186 101 216 203 
16 198 104 168 207 83 
42 149 147 214 150 157 
53 50 156 20 238 201 
92 181 109 73 179 9 
36 210 180 179 263 81 
7 76 35 89 223 168 
14 35 89 51 220 81 
4 195 65 188 154 123 
51 102 106 150 151 81 
52 142 153 90 257 238 
20 203 60 136 91 116 
68 235 133 1 232 48 
118 92 195 242 209 171 
1 33 167 234 184 146 
48 15 157 27 174 80 
34 166 156 253 177 232 
63 79 137 75 192 55 
79 236 196 186 258 204 
75 117 81 12 254 164 
39 170 111 81 262 64 
31 97 130 63 225 69 
135 9 166 107 229 45 
10 10 66 9 217 231 
46 166 199 39 212 25 
64 169 87 182 218 141 
97 223 228 210 233 231 
77 123 112 108 237 215 
9 200 25 131 160 101 
95 68 183 105 264 252 
99 58 169 207 235 102 
3 241 73 247 256 109 
113 9 139 28 170 8 
61 177 72 242 144 38 
45 167 189 20 227 38 
13 190 181 50 203 83 
110 98 241 137 244 157 
115 219 161 219 194 172 
21 150 80 152 162 109 
30 39 143 247 172 124 
11 83 88 60 149 245 
210 107 213 102 221 163 
27 226 163 177 245 58 
6 215 28 251 155 102 
131 177 158 190 252 230 
84 234 132 187 211 24 
5 109 44 186 165 126 
12 12 57 12 98 163 
32 225 152 177 187 12 
71 163 193 151 202 54 
26 50 86 38 250 173 
58 80 101 248 108 86 
24 185 119 111 259 86 
126 178 209 196 231 239 
43 127 138 25 201 236 
82 93 94 182 167 11 
78 99 103 128 124 166 
2 42 40 154 117 120 
50 235 105 89 182 30 
37 172 219 215 249 134 
19 239 71 54 116 165 
23 250 62 232 80 180 
115 49 185 64 243 228 
29 38 103 101 226 233 
8 221 65 8 184 162 
43 97 81 147 200 194 
173 169 235 2 255 140 
64 236 82 166 99 28 
25 51 98 245 161 221 
15 165 131 189 176 128 
79 168 112 44 218 248 
83 190 155 155 233 196 
129 20 217 179 248 2 
52 182 104 211 195 248 
18 70 35 219 132 7 
74 217 76 38 90 170 
19 137 63 236 247 124 
55 131 72 47 256 71 
67 132 143 46 253 208 
56 62 180 115 192 243 
59 180 85 202 238 127 
1 186 183 102 188 182 
5 255 58 246 96 151 
116 197 119 98 170 187 
111 193 165 63 179 231 
68 86 160 63 258 153 
138 167 158 249 240 118 
45 4 130 32 172 41 
14 14 32 237 106 236 
51 18 133 75 273 168 408 68 582 94 703 181 850 198 926 33 993 186 
36 51 193 190 354 88 512 23 586 24 669 120 797 38 969 42 
115 219 199 32 283 202 444 123 625 49 691 243 798 196 943 241 
115 37 180 82 319 227 483 62 533 94 608 130 861 38 920 195 
106 9 228 164 310 10 476 227 634 75 799 21 817 46 887 65 958 109 994 255 
69 213 207 59 290 142 463 106 578 195 755 10 867 234 955 215 
92 114 155 74 333 37 466 87 569 76 679 255 805 43 918 76 
102 88 196 235 374 101 414 154 641 237 667 120 799 231 895 242 976 221 
65 207 201 155 290 185 485 226 564 215 759 96 872 164 940 200 
110 175 187 79 364 23 479 5 603 169 690 199 815 86 935 10 
79 76 136 15 309 27 471 118 656 9 710 183 848 13 952 83 
46 208 174 66 361 139 515 76 615 244 776 45 861 60 959 12 
113 229 177 4 300 124 460 114 585 122 794 129 848 243 947 190 
131 25 185 220 386 64 455 48 551 226 711 181 872 211 919 35 1000 14 
49 53 195 122 316 137 401 113 583 29 628 212 859 221 897 54 981 165 
126 243 188 199 370 3 413 113 542 173 689 189 864 78 913 198 
59 161 183 90 287 72 480 185 572 200 765 242 828 221 908 151 
2 62 234 117 390 41 487 203 612 38 707 14 825 131 888 66 986 70 
131 8 243 145 358 143 410 71 624 165 719 114 823 66 972 239 988 137 
112 189 139 42 286 27 430 164 568 47 659 207 880 182 923 203 
19 243 179 194 337 123 473 105 591 199 801 43 849 17 950 150 
125 152 260 49 322 175 518 163 534 244 771 252 879 85 902 54 
29 7 173 126 363 55 516 63 621 34 792 134 861 178 973 250 
112 219 157 209 326 176 526 94 551 33 744 192 847 153 964 185 
31 225 264 210 281 143 534 220 623 3 696 36 807 1 940 131 980 51 
81 78 228 72 363 132 383 246 575 201 756 252 826 12 962 50 
122 89 211 51 304 37 455 63 651 36 685 226 813 92 954 226 
59 187 235 40 315 69 406 159 591 206 781 10 827 133 955 251 
34 243 207 139 346 62 420 40 629 237 732 218 786 242 975 38 
67 171 219 114 306 87 429 129 539 162 670 41 824 122 951 39 
79 201 192 156 278 50 458 152 541 105 757 78 832 175 933 97 
77 149 244 25 356 196 489 84 588 79 722 35 850 185 960 225 1000 237 
39 53 247 72 383 53 494 2 596 93 732 30 842 2 912 17 
130 132 170 128 326 29 440 217 588 42 715 204 833 169 928 166 
55 233 219 184 338 213 475 28 573 147 682 23 826 242 918 89 986 219 
117 126 206 14 369 110 415 178 620 83 674 167 806 136 917 210 
126 54 248 138 274 117 490 8 611 25 777 219 872 209 971 172 
52 223 151 61 321 67 431 151 589 150 771 8 778 69 893 252 
74 93 218 61 343 80 499 118 560 218 630 123 829 242 932 170 
84 175 210 249 393 18 447 197 604 191 773 216 875 144 969 154 
91 16 251 50 360 41 415 36 592 180 679 44 882 157 897 132 
13 41 179 192 344 53 437 68 561 10 787 205 870 110 914 149 
96 133 184 248 282 114 482 247 657 141 720 174 878 184 966 127 977 97 
111 81 168 171 388 228 465 232 613 180 706 48 840 75 958 186 
55 204 141 236 272 217 514 198 544 40 718 165 873 198 946 167 999 4 
118 131 194 51 309 187 412 155 557 147 735 215 842 229 936 166 
41 66 220 224 301 103 450 229 563 236 755 112 844 174 905 153 
28 106 175 131 385 81 410 248 552 23 713 233 880 54 927 15 
82 198 259 205 357 167 423 6 583 166 785 242 841 140 884 76 
124 219 242 204 374 131 513 140 628 172 675 2 789 252 899 18 970 235 
128 167 260 176 313 89 467 117 640 146 708 155 868 63 921 102 
71 116 165 53 302 95 483 50 647 204 763 25 821 252 922 142 985 182 
69 26 151 164 387 186 468 33 552 53 750 206 839 121 915 50 
93 146 182 243 336 252 462 178 558 129 778 16 813 133 890 176 
105 98 154 62 337 33 402 145 653 185 734 151 852 10 906 145 989 131 
28 217 232 98 382 182 496 200 616 99 706 92 846 88 883 138 991 62 
97 224 171 236 310 149 472 249 539 57 676 72 831 226 959 12 
103 40 166 250 350 234 443 12 601 132 712 82 863 40 963 80 994 246 
132 104 163 250 305 51 506 84 609 248 707 110 844 200 903 121 992 180 
41 75 159 148 270 148 511 81 566 11 727 92 829 155 923 136 
34 138 166 23 331 253 454 228 581 51 758 158 841 202 945 177 
16 125 204 29 332 209 504 141 545 241 737 128 845 235 973 232 
66 31 165 2 364 89 499 112 644 155 730 134 822 151 929 79 988 236 
123 223 242 23 314 57 334 187 505 86 721 186 867 245 937 169 979 236 
132 42 213 17 304 242 475 213 586 68 795 111 845 125 920 188 976 8 
2 162 162 171 286 17 508 213 649 253 697 202 843 194 935 9 
86 17 164 185 294 197 451 149 648 157 673 93 881 73 886 87 990 132 
57 91 256 21 398 53 479 44 619 162 680 127 830 188 924 235 997 86 
48 187 262 133 389 7 417 114 567 68 752 235 814 209 891 2 
97 241 138 61 346 227 400 160 639 197 724 195 823 64 898 179 
24 180 142 75 268 135 453 63 617 185 726 145 856 215 961 163 972 54 
21 207 146 205 328 55 448 174 611 235 730 204 862 51 945 242 989 47 
80 145 258 18 333 204 341 188 587 212 774 120 814 68 943 247 
60 3 204 228 372 88 408 36 580 249 705 127 843 131 887 1 987 217 
101 23 247 176 297 234 465 16 631 96 674 5 875 98 931 117 
58 190 176 247 317 121 506 154 598 3 708 55 736 48 885 242 987 38 
49 146 194 185 353 36 457 44 609 122 754 75 880 223 939 123 
88 250 147 90 276 184 502 79 571 190 801 231 816 44 968 99 
18 53 189 115 327 43 402 182 592 124 752 195 843 226 930 236 982 168 
111 133 215 97 342 95 422 24 574 212 745 201 863 63 950 152 973 180 
66 227 155 170 355 57 449 158 600 35 700 95 827 224 931 12 977 147 
53 21 224 115 300 218 521 210 626 107 689 110 812 62 967 93 979 166 
107 39 225 168 391 238 495 101 624 82 721 205 850 163 892 189 983 190 
83 4 139 149 373 177 438 239 554 131 751 253 857 234 957 234 
68 190 197 134 294 49 500 254 554 173 693 174 848 246 894 150 992 202 
122 62 161 248 285 209 513 163 570 179 702 202 804 92 962 38 
76 204 172 181 269 237 409 18 621 10 726 146 854 32 937 182 
33 146 189 208 359 249 503 218 658 31 669 50 840 250 952 60 
58 135 173 49 397 218 427 62 577 163 690 155 875 96 919 51 
116 95 198 34 276 31 403 176 635 148 756 107 841 53 910 167 987 170 
13 203 259 119 311 191 472 5 631 203 704 121 879 183 923 116 
102 48 238 18 267 114 442 174 538 101 668 44 882 137 916 181 
105 15 160 89 331 2 441 10 622 75 789 55 824 10 896 253 
83 70 251 203 376 16 429 3 654 168 677 144 866 170 967 182 
63 164 256 88 270 253 426 211 635 5 770 204 853 220 941 68 
109 51 184 120 289 143 452 165 648 246 727 172 862 228 896 202 994 151 
1 95 227 25 280 33 504 240 607 19 681 77 876 97 938 223 
73 10 224 32 325 191 510 177 590 219 713 109 828 73 959 163 980 245 
36 246 158 170 330 48 492 122 641 163 733 160 839 80 942 58 979 28 
19 67 249 83 313 120 517 37 642 9 782 249 859 43 892 38 
40 184 186 217 269 67 489 132 612 95 667 150 834 190 963 248 
71 60 161 83 308 229 421 105 663 177 753 176 838 180 905 249 
80 226 246 29 301 16 404 223 658 181 696 178 876 180 968 128 975 101 
129 8 243 161 267 223 464 30 630 43 678 110 845 160 913 168 985 211 
37 63 147 159 343 112 500 34 556 138 698 192 806 250 970 89 
52 34 240 54 367 251 516 123 561 53 788 155 836 175 921 150 1000 236 
94 224 241 128 285 176 420 155 597 245 665 44 814 100 903 164 
87 7 201 96 272 244 473 216 529 235 715 113 830 136 963 86 
120 106 156 106 351 246 481 102 574 167 744 118 856 135 916 73 
75 253 171 58 303 255 502 232 535 141 711 236 832 204 948 98 
127 125 200 37 288 142 491 3 603 207 670 61 804 79 932 81 996 193 
11 99 205 245 319 13 488 147 638 191 699 159 812 75 939 108 982 44 
78 160 150 197 335 137 528 134 606 239 793 196 820 33 944 9 
27 165 141 78 324 203 471 50 632 49 697 190 877 16 902 71 
42 193 167 164 338 146 445 75 642 107 784 95 791 17 949 219 974 49 
26 12 176 7 307 103 416 51 540 234 632 224 811 91 972 165 995 197 
9 229 172 66 299 149 531 159 532 5 666 237 835 123 969 120 
95 22 235 210 303 172 442 20 607 37 735 129 878 134 925 92 
121 46 145 251 394 250 425 57 646 228 796 42 819 86 964 111 995 98 
125 196 250 10 394 75 438 88 613 136 741 236 852 158 898 151 
50 10 233 144 393 159 486 26 538 159 723 143 826 176 901 160 
15 247 236 107 314 96 478 95 509 199 710 59 874 84 891 10 
18 108 215 64 368 97 413 70 643 137 681 249 820 88 894 70 
129 211 160 51 379 174 424 140 598 213 745 7 874 238 968 166 
87 140 245 189 347 135 501 142 605 83 751 204 871 103 899 75 
109 173 206 77 387 153 519 149 584 110 699 130 869 177 965 178 
32 253 145 57 318 166 474 194 537 248 731 13 831 104 903 132 
72 145 221 159 353 40 477 179 647 226 718 24 788 91 910 220 
85 117 252 117 298 189 450 28 549 149 678 194 868 132 889 34 984 20 
60 74 140 185 298 247 431 172 617 225 740 210 878 101 933 63 999 32 
89 74 223 56 395 96 490 122 544 232 779 250 831 77 956 177 981 189 
121 210 240 137 271 34 530 150 602 115 702 113 810 167 957 187 986 7 
56 230 183 40 296 171 484 111 633 6 694 101 816 74 924 1 
25 48 221 223 351 42 467 114 584 177 724 18 851 57 890 44 
7 187 197 61 293 66 414 22 589 193 802 92 833 218 934 9 
35 122 175 134 292 65 439 252 615 20 683 152 787 90 887 237 
24 249 216 205 360 192 403 102 597 213 729 177 807 103 929 75 
21 85 258 130 399 220 515 178 546 60 747 167 833 153 966 25 998 167 
62 51 191 41 373 103 525 127 636 81 768 3 860 196 944 28 
5 130 196 103 395 220 427 102 654 69 694 122 851 55 900 183 
96 34 226 36 311 126 440 251 664 17 767 195 811 229 909 183 
56 83 250 185 328 135 401 45 578 201 691 36 820 76 909 69 
114 18 193 124 392 246 477 161 665 20 780 121 783 150 951 247 990 46 
70 217 220 166 396 140 405 35 579 189 728 235 832 42 945 38 
50 195 222 190 357 241 503 163 640 80 757 29 838 85 907 180 
38 210 252 184 371 186 421 54 620 23 714 104 863 48 886 102 
39 82 234 208 359 198 462 46 655 234 738 65 871 39 914 214 
73 171 245 240 317 149 407 248 571 68 672 75 836 135 882 61 
14 20 137 4 306 82 523 45 616 252 749 137 869 196 952 245 
20 10 144 73 334 84 396 175 590 83 791 128 811 185 914 157 
23 2 158 180 274 14 378 187 618 20 739 5 874 178 921 81 
43 102 202 214 352 91 411 172 435 7 705 133 830 92 960 177 
93 98 255 98 324 48 425 126 634 36 743 78 854 240 922 90 
99 34 150 12 391 242 460 60 575 244 731 38 865 36 920 123 
17 254 200 14 323 9 457 96 527 195 709 150 871 32 955 102 983 155 
45 246 253 153 265 145 436 127 610 217 698 110 782 106 915 20 928 253 
67 142 237 127 362 108 422 251 582 81 692 79 802 145 927 27 
100 177 148 135 279 125 469 15 652 244 692 229 809 53 956 190 998 249 
130 254 180 147 388 99 511 118 581 181 668 48 855 249 891 32 
46 13 177 1 392 14 461 149 601 202 764 172 775 35 940 101 997 63 
45 75 168 9 305 1 497 7 562 32 663 29 877 159 949 219 980 221 
107 165 190 6 288 91 411 80 572 20 623 223 855 73 950 109 
108 21 133 242 329 88 519 193 659 218 781 106 835 192 954 177 
78 198 241 156 362 50 517 107 558 32 688 5 829 28 911 78 
90 213 153 147 283 248 520 130 573 17 717 75 807 121 958 126 996 63 
127 228 198 8 385 225 432 162 645 199 720 213 877 138 934 107 
128 89 227 51 284 22 444 170 553 252 800 182 870 148 926 234 967 11 
118 110 246 117 397 60 470 216 536 141 682 190 819 237 893 206 
48 113 212 225 277 12 481 5 536 172 803 139 859 11 942 207 
35 181 159 210 381 159 493 38 541 127 748 97 851 47 944 8 995 187 
16 37 146 6 277 213 437 96 638 167 743 67 818 63 900 170 
26 220 186 63 344 207 426 97 593 224 786 140 837 208 951 124 999 41 
117 112 257 200 356 234 478 75 595 123 746 13 804 228 900 205 978 169 
57 234 210 112 275 153 380 181 614 61 766 101 821 162 927 80 
120 83 134 88 275 130 459 9 569 147 764 231 870 117 896 245 
77 115 134 10 325 229 525 250 651 154 769 54 822 7 901 145 981 128 
94 10 232 31 287 93 470 233 649 147 739 77 866 147 928 232 
29 24 231 17 308 29 459 78 576 83 733 128 873 160 909 110 
62 127 154 84 302 35 495 185 660 149 767 171 844 178 916 9 996 231 
51 236 174 211 322 190 464 154 629 205 779 105 803 220 917 179 991 115 
40 82 135 42 297 248 432 103 567 11 777 124 868 230 947 50 
61 163 136 184 372 152 510 138 600 184 741 237 853 242 970 30 
72 91 142 171 340 92 424 170 596 48 693 37 828 19 941 105 993 102 
31 166 137 42 381 13 417 56 498 24 605 136 854 127 926 146 976 162 
116 228 223 79 284 247 530 205 660 101 774 25 858 16 974 64 
27 190 216 150 349 62 405 157 633 181 722 70 857 64 912 101 
101 211 218 16 375 28 419 70 650 58 717 175 839 19 960 12 
76 242 152 181 377 204 514 135 585 196 737 88 810 235 897 33 993 182 
90 51 143 74 291 113 407 56 637 88 687 211 802 187 946 20 
81 206 263 226 273 205 529 85 599 178 728 197 864 85 888 121 
103 232 195 188 279 134 526 106 645 255 738 15 812 88 885 24 
23 161 249 121 384 92 435 42 657 12 714 131 796 217 929 55 991 243 
3 25 239 152 271 56 523 176 579 155 614 242 827 101 961 151 
95 101 181 203 371 41 507 217 546 110 793 170 853 23 949 172 
9 202 202 79 376 114 458 161 547 232 775 74 847 134 925 242 985 248 
123 103 237 233 367 166 449 197 548 125 671 213 847 177 930 186 
37 104 213 62 399 236 428 174 653 192 740 196 766 4 907 22 
30 131 205 217 312 59 416 192 555 35 684 26 858 51 911 223 
22 46 191 122 365 61 468 222 627 78 700 224 885 131 936 39 
88 37 208 241 350 115 456 50 537 188 750 72 818 47 901 83 977 194 
74 101 257 255 266 44 446 184 553 166 765 253 881 48 898 199 966 236 
4 146 212 215 293 234 474 52 619 89 753 157 800 54 961 54 
3 25 181 236 323 17 524 164 622 22 686 15 818 182 947 83 
110 63 149 156 349 133 423 214 618 88 719 36 806 3 904 56 
75 90 244 149 384 157 404 107 625 28 773 160 794 190 899 146 
65 34 162 51 341 175 453 173 608 181 725 163 785 199 895 213 
44 210 231 149 352 169 451 83 655 52 676 99 860 107 913 83 
104 56 233 41 329 10 491 27 563 86 687 21 808 35 883 4 
10 44 203 191 292 228 509 80 577 44 729 73 852 201 925 171 965 196 
14 183 140 237 312 32 446 75 636 171 675 47 849 34 953 107 
43 161 148 108 339 203 434 133 560 182 760 106 867 208 957 24 
38 95 188 176 347 144 418 113 639 69 742 107 855 177 936 25 
91 219 263 185 265 48 492 128 557 147 798 75 808 131 953 102 
12 89 211 252 378 127 524 83 661 200 673 213 858 215 879 143 
33 75 203 204 339 112 507 123 637 139 684 115 803 100 904 156 
119 27 169 218 280 35 452 21 548 5 790 248 838 44 912 203 
32 205 226 143 340 168 418 254 547 229 685 33 849 215 935 231 984 179 
92 247 143 189 386 40 494 78 545 156 748 124 881 74 937 141 982 248 
30 232 156 31 390 244 406 161 650 189 677 125 865 255 907 185 971 215 
68 131 222 179 382 63 488 245 599 154 709 11 837 234 919 81 
7 48 167 46 327 51 461 19 566 157 695 32 823 104 953 163 
98 115 214 214 368 109 409 14 570 109 747 137 846 30 892 3 
113 55 187 46 295 143 463 31 555 206 734 19 846 250 918 168 
85 41 208 221 366 75 522 21 626 23 688 14 842 253 906 55 
20 239 248 27 320 238 443 171 562 40 770 95 810 208 933 69 
64 52 135 26 296 61 445 35 580 67 763 43 772 138 809 86 975 233 
99 183 254 237 316 10 439 235 556 113 790 193 834 96 946 38 
86 27 170 249 295 243 412 119 602 227 772 107 884 24 938 210 
64 202 230 23 379 31 528 37 594 179 769 26 835 118 934 45 
22 175 178 63 345 215 480 155 559 183 695 94 792 113 902 147 
47 70 261 63 342 33 485 131 595 180 754 205 860 244 965 239 
82 135 217 177 291 105 532 79 610 212 749 210 876 251 924 48 
106 194 236 205 398 4 518 57 542 210 783 35 856 55 938 231 983 196 
8 162 185 235 369 44 484 146 550 94 760 201 776 221 906 82 
1 91 192 218 400 254 487 198 594 179 761 16 805 36 942 102 978 2 
17 128 153 201 365 2 433 228 643 249 701 150 866 24 889 224 
124 179 178 216 278 43 375 100 587 110 680 11 886 202 939 215 
4 208 138 156 377 29 527 63 550 59 797 203 822 11 915 201 992 127 
114 176 239 232 348 35 419 254 568 242 736 198 813 172 904 174 
108 156 254 110 370 41 466 27 540 59 686 133 840 93 910 105 998 118 
54 89 253 57 281 210 441 111 652 48 723 167 815 133 948 137 
119 130 229 100 358 159 501 109 565 163 758 165 819 10 908 89 
11 5 230 6 354 168 505 219 535 152 762 96 834 52 974 228 
8 222 164 102 320 146 498 50 606 31 725 144 808 39 948 157 
47 38 190 106 307 71 522 146 604 100 761 219 862 49 954 58 
10 168 209 137 318 119 533 190 543 33 703 174 805 8 889 185 
100 125 199 51 389 14 476 137 666 200 768 226 836 203 905 191 988 124 
89 188 157 232 335 187 447 194 559 243 672 221 869 8 888 79 984 2 
53 223 209 55 345 111 436 103 593 8 716 110 817 85 971 134 
44 19 229 249 348 157 448 213 543 92 801 17 883 248 962 173 
5 215 264 231 282 47 508 24 627 4 762 48 821 218 908 69 
15 134 217 180 366 229 430 216 644 208 795 71 837 110 956 230 
54 172 152 227 355 107 496 252 549 6 664 207 857 163 895 130 990 208 
6 11 238 197 336 129 531 30 564 118 683 65 824 202 894 81 931 164 
84 173 163 18 321 28 434 211 662 134 742 247 817 194 911 238 978 140 
63 179 182 194 330 175 433 171 565 246 746 147 809 249 943 109 989 71 
98 88 149 78 315 7 493 113 662 226 712 179 873 170 922 238 
104 104 255 38 266 254 454 107 576 112 784 74 865 135 930 204 997 153 
6 185 225 108 332 229 497 178 661 112 780 4 816 207 964 86 
61 54 214 246 289 82 469 141 512 28 759 95 825 224 893 99 
42 147 169 175 380 110 456 162 656 162 704 117 864 184 890 146 
12 108 262 121 268 111 486 58 521 27 671 16 825 164 932 64 
25 127 144 142 299 34 428 72 646 208 701 80 815 165 917 81 
70 71 261 247 361 112 482 206 520 81 716 97 884 32 941 252 
