818 82 256
3 22
2 2 2 2 2 2 2 2 2 2 2 2 2 2 2 2 2 2 2 2 2 2 2 2 2 2 2 2 2 2 2 2 2 2 2 2 2 2 2 2 2 2 2 2 2 2 2 2 2 2 2 2 2 2 2 2 2 2 2 2 2 2 2 2 2 2 2 2 2 2 2 2 2 2 2 2 2 2 2 2 2 2 2 2 2 2 2 2 2 2 2 2 2 2 2 2 2 2 2 2 2 2 2 2 2 2 2 2 2 2 2 2 2 2 2 2 2 2 2 2 2 2 2 2 2 2 2 2 2 2 2 2 2 2 2 2 2 2 2 2 2 2 2 2 2 2 2 2 2 2 2 2 2 2 2 2 2 2 2 2 2 2 2 2 2 2 2 2 2 2 2 2 2 2 2 2 2 2 2 2 2 2 2 2 2 2 2 2 2 2 2 2 2 2 2 2 2 2 2 2 2 2 2 2 2 2 2 2 2 2 2 2 2 2 2 2 2 2 2 2 2 2 2 2 2 2 2 2 2 2 2 2 2 2 2 2 2 2 2 2 2 2 2 2 2 2 2 2 2 2 2 2 2 2 2 2 2 2 2 2 2 2 2 2 2 2 2 2 2 2 2 2 2 2 2 2 2 2 2 2 2 2 2 2 2 2 2 2 2 2 2 2 2 2 2 2 2 2 2 2 2 2 2 2 2 2 2 2 2 2 2 2 2 2 2 2 2 2 2 2 2 2 2 2 2 2 2 2 2 2 2 2 2 2 2 2 2 2 2 2 2 2 2 2 2 2 2 2 2 2 2 2 2 2 2 2 2 2 2 2 2 2 2 2 2 2 2 2 2 2 2 2 2 2 2 2 2 2 2 2 2 2 2 2 2 2 2 2 2 2 2 2 2 2 2 2 2 2 2 2 2 2 2 2 2 2 2 2 2 2 2 2 2 2 2 2 2 2 2 2 2 2 2 2 2 2 2 2 2 2 2 2 2 2 2 2 2 2 2 2 2 2 2 2 2 2 2 2 2 2 2 2 2 2 2 2 2 2 2 2 2 2 2 2 2 2 2 2 2 2 2 2 2 2 2 2 2 2 2 2 2 2 2 2 2 2 2 2 2 2 2 2 2 2 2 2 2 2 2 2 2 2 2 2 2 2 2 2 2 2 2 2 2 2 2 2 2 2 2 2 2 2 2 2 2 2 2 2 2 2 2 2 2 2 2 2 2 2 2 2 2 2 2 2 2 2 2 2 2 2 2 2 2 2 2 2 2 2 2 2 2 2 2 2 2 2 2 2 2 2 2 2 2 2 2 2 2 2 2 2 2 2 2 2 2 2 2 2 2 2 2 2 2 2 2 2 2 2 2 2 2 2 2 2 2 2 2 2 2 2 2 2 2 2 2 2 2 2 2 2 2 2 2 2 2 2 2 2 2 2 2 2 2 2 2 2 2 2 2 2 2 2 2 2 2 2 2 2 2 2 2 2 2 2 3 3 3 3 3 3 3 3 3 3 3 3 3 3 3 3 3 3 3 3 3 3 3 3 3 3 3 3 3 3 3 3 3 3 3 3 3 3 3 3 3 3 3 3 3 3 3 3 3 3 3 3 3 3 3 3 3 3 3 3 3 3 3 3 3 3 3 3 3 3 3 3 3 3 3 3 3 3 3 3 3 3 3 3 3 3 3 3 3 3 3 3 3 3 3 3 3 3 3 3 3 3 3 3 3 3 3 3 3 3 3 3 3 3 3 3 3 3 3 3 3 3 3 3 3 3 3 3 3 3 3 3 3 3 3 3 3 3 3 3 3 3 3 3 3 3 3 3 3 3 3 3 3 3 3 3 3 3 3 3 3 3 3 3 
22 22 22 22 22 22 22 22 22 22 22 22 22 22 22 22 22 21 22 22 22 22 22 22 22 22 22 22 22 21 22 22 22 21 22 22 22 22 22 22 22 22 22 22 22 22 22 22 22 22 22 22 22 22 22 22 22 22 22 22 22 22 22 22 22 22 22 22 22 22 22 22 22 22 22 22 22 22 22 22 21 22 
1 120 15 252 
19 97 75 74 
12 109 59 243 
37 46 55 252 
28 59 50 210 
17 7 20 157 
21 144 62 182 
25 123 27 209 
22 94 43 244 
34 192 57 229 
45 13 66 46 
30 131 54 92 
10 181 29 174 
26 81 73 110 
8 160 78 116 
31 205 53 84 
47 63 49 177 
4 251 41 146 
18 246 79 54 
7 22 64 68 
33 29 38 198 
35 181 56 71 
46 149 71 206 
40 223 70 53 
32 254 68 192 
67 94 81 201 
2 50 65 93 
24 175 77 35 
5 22 74 76 
9 116 51 177 
44 28 80 53 
6 35 42 92 
16 22 61 162 
39 107 76 25 
13 244 14 127 
63 10 72 173 
3 102 58 160 
48 253 69 26 
52 208 82 47 
11 124 36 103 
23 233 60 202 
45 241 75 195 
19 101 53 233 
7 44 51 59 
15 55 55 137 
50 63 80 94 
27 31 57 53 
3 21 37 228 
42 221 82 116 
32 19 61 246 
44 194 47 131 
11 76 39 60 
23 48 40 184 
12 84 31 211 
54 113 69 59 
36 98 60 144 
14 103 66 172 
52 42 67 15 
30 129 33 110 
16 55 38 40 
41 176 72 34 
6 215 25 39 
8 88 71 6 
59 102 65 205 
9 97 63 151 
29 92 79 150 
4 61 46 105 
13 32 35 217 
10 13 22 13 
26 125 62 93 
49 35 74 8 
5 31 56 210 
20 127 78 210 
77 115 81 128 
24 187 76 198 
43 3 48 200 
58 50 68 165 
18 45 34 32 
1 233 2 17 
17 78 28 246 
21 112 70 82 
64 98 73 110 
3 63 73 252 
24 206 74 84 
27 180 63 246 
6 33 53 112 
30 231 44 71 
47 199 51 128 
20 44 65 44 
28 67 40 247 
10 25 55 47 
36 126 57 223 
71 160 81 159 
33 174 75 242 
39 162 68 211 
1 86 35 42 
4 138 61 21 
26 214 31 92 
8 61 48 66 
42 128 50 191 
14 33 70 45 
13 174 32 58 
25 173 43 127 
46 171 60 41 
12 64 41 1 
2 157 7 31 
21 16 69 74 
45 228 72 112 
18 48 62 228 
19 225 76 186 
15 63 54 21 
5 185 79 121 
58 226 78 234 
37 218 52 152 
34 70 38 237 
16 68 82 78 
11 53 59 227 
17 172 29 32 
49 171 66 253 
64 231 77 179 
22 157 39 120 
56 122 60 229 
9 149 68 71 
59 99 67 100 
23 209 51 97 
41 68 80 129 
46 209 62 206 
14 126 67 41 
22 157 26 71 
3 210 33 55 
6 151 56 23 
7 156 16 20 
55 95 63 16 
20 202 45 188 
1 144 4 128 
5 246 58 98 
11 192 30 193 
19 17 40 46 
43 78 75 79 
48 246 51 214 
57 159 78 30 
12 31 74 245 
8 52 13 245 
25 206 77 178 
34 64 53 205 
72 153 81 121 
50 28 69 210 
32 77 54 75 
1 146 76 215 
10 163 38 98 
28 209 73 20 
36 92 82 83 
64 46 79 3 
49 138 61 126 
23 81 37 12 
9 51 17 155 
42 70 65 123 
44 158 71 44 
18 78 52 102 
68 66 80 180 
15 80 66 16 
2 53 27 151 
35 177 47 7 
27 173 70 100 
14 192 29 254 
21 155 24 244 
9 68 31 22 
44 161 70 28 
52 43 76 98 
10 197 71 141 
3 25 4 1 
49 241 57 56 
6 43 30 110 
22 8 49 106 
11 198 64 86 
28 58 74 234 
15 223 82 196 
58 34 59 138 
13 48 26 169 
56 95 72 242 
8 246 79 193 
62 92 65 210 
31 104 81 41 
17 182 37 144 
16 210 39 85 
24 37 60 92 
21 176 61 187 
54 93 73 216 
33 249 67 144 
23 86 41 180 
32 52 40 176 
7 198 53 170 
2 240 29 176 
5 65 55 220 
42 65 75 174 
35 225 38 233 
45 126 69 68 
19 149 63 78 
18 114 25 71 
20 101 80 240 
46 38 50 118 
47 189 77 175 
12 148 48 202 
36 218 43 148 
19 175 78 146 
38 198 66 67 
4 56 34 144 
21 71 78 244 
27 15 50 178 
36 34 81 228 
70 42 82 98 
5 150 16 144 
67 63 80 154 
32 184 65 23 
47 103 55 22 
29 93 30 10 
58 111 77 213 
60 230 68 112 
26 104 44 95 
13 74 24 63 
22 147 56 71 
39 9 45 19 
35 212 69 27 
48 193 76 144 
71 241 75 78 
3 45 70 114 
52 217 56 250 
41 220 79 179 
63 102 73 120 
1 160 31 80 
17 125 61 200 
6 243 8 193 
18 149 28 61 
64 95 66 237 
15 228 62 15 
14 55 51 47 
7 214 46 187 
20 106 25 75 
37 124 43 238 
10 179 12 236 
9 10 42 190 
7 152 72 113 
34 21 59 229 
54 40 57 32 
11 223 40 135 
33 205 74 54 
23 5 26 46 
2 78 74 134 
53 106 69 242 
13 240 59 85 
18 6 51 85 
16 77 25 15 
32 165 43 80 
24 56 42 86 
4 151 52 30 
6 74 66 217 
44 107 76 146 
23 154 45 43 
11 31 55 106 
40 128 48 63 
41 55 54 99 
10 239 21 252 
37 184 53 177 
27 71 79 117 
75 224 77 244 
63 187 65 203 
9 216 38 205 
33 146 62 180 
8 237 15 233 
49 68 73 78 
46 108 57 213 
61 225 81 141 
22 177 50 145 
64 132 80 199 
29 251 60 231 
12 15 30 115 
19 85 29 161 
47 197 82 196 
20 49 34 94 
35 39 36 250 
14 68 68 140 
1 135 72 236 
39 238 71 159 
31 25 58 88 
5 140 17 18 
67 100 78 240 
2 95 3 75 
14 13 28 5 
9 136 79 184 
16 213 69 56 
6 245 10 130 
60 4 67 240 
34 47 76 3 
20 234 30 174 
45 110 73 181 
17 188 57 16 
15 123 80 157 
8 186 37 28 
18 77 44 4 
39 191 51 16 
23 3 65 235 
7 246 24 227 
53 77 77 143 
27 186 31 28 
19 119 54 90 
61 61 75 196 
11 25 50 241 
43 51 78 212 
22 151 70 139 
2 133 26 122 
41 46 71 57 
3 102 25 55 
5 200 32 39 
28 26 56 197 
38 56 40 234 
1 211 64 16 
68 135 72 185 
36 238 74 163 
55 254 81 76 
63 150 66 191 
46 80 82 101 
21 154 59 199 
48 166 62 213 
49 209 58 55 
4 163 47 145 
12 107 35 165 
42 202 54 198 
13 52 52 5 
33 177 63 179 
5 230 45 182 
66 219 76 250 
30 65 51 73 
1 51 43 207 
57 96 64 4 
38 184 72 98 
27 64 56 225 
40 62 80 83 
13 44 17 195 
15 49 53 192 
48 163 58 65 
12 174 18 181 
10 163 65 86 
32 98 71 236 
26 143 75 165 
52 108 69 91 
2 151 55 76 
39 102 42 186 
7 144 78 200 
35 106 61 199 
20 125 36 75 
3 162 19 197 
37 79 50 197 
21 157 41 16 
49 15 67 216 
8 178 31 158 
70 27 77 85 
6 202 74 209 
34 224 68 18 
4 55 11 203 
28 199 81 186 
14 248 46 190 
9 46 22 23 
29 35 47 176 
16 245 62 138 
25 69 59 73 
33 89 82 6 
44 177 60 65 
24 105 79 184 
36 73 73 141 
23 35 77 216 
13 220 16 167 
4 212 74 245 
31 8 52 202 
55 160 60 80 
12 75 78 134 
29 135 50 136 
19 156 49 46 
1 15 5 212 
23 212 61 196 
51 155 75 238 
26 213 67 29 
33 120 69 188 
38 247 54 186 
20 200 70 77 
43 140 80 24 
7 182 59 66 
35 240 63 236 
37 153 39 40 
42 110 81 69 
3 77 57 39 
14 84 53 2 
27 191 76 234 
17 42 62 107 
56 190 71 6 
28 251 58 60 
46 173 79 136 
47 165 72 35 
8 124 34 56 
10 250 45 61 
48 113 82 118 
15 66 25 185 
24 126 73 194 
2 134 41 89 
6 113 40 178 
44 177 65 158 
32 197 64 245 
9 129 21 248 
11 35 18 99 
30 207 68 196 
15 166 22 114 
18 181 66 88 
48 143 64 90 
43 39 46 210 
21 29 30 40 
68 111 69 97 
7 102 40 29 
37 127 59 171 
51 80 57 209 
3 35 81 58 
12 86 17 144 
5 46 67 53 
25 130 29 166 
73 187 78 222 
13 109 50 237 
23 170 34 236 
31 2 39 116 
10 32 76 196 
19 149 82 11 
4 109 26 85 
52 86 63 206 
32 50 47 190 
56 161 62 130 
60 20 75 105 
9 123 74 57 
16 92 44 168 
49 60 79 32 
35 234 80 249 
36 41 41 209 
38 32 58 71 
11 177 72 112 
22 152 33 181 
53 111 65 43 
66 81 71 114 
54 125 70 77 
8 181 45 232 
14 183 55 145 
1 215 20 157 
28 57 82 199 
6 160 61 166 
2 19 77 43 
24 141 71 87 
27 240 75 178 
14 9 42 15 
12 22 46 252 
1 23 28 87 
13 14 72 80 
43 131 63 223 
3 85 80 70 
22 165 81 144 
20 73 49 171 
7 47 10 196 
62 21 68 157 
9 182 67 14 
52 88 57 140 
26 48 69 212 
25 44 35 38 
36 44 53 34 
27 83 38 182 
6 221 47 93 
45 103 59 10 
40 87 79 212 
19 106 64 73 
8 77 33 186 
29 250 39 196 
15 117 58 8 
21 136 66 16 
34 183 73 11 
11 63 78 27 
30 178 37 46 
50 81 51 198 
5 206 70 62 
17 215 44 179 
32 38 76 41 
48 147 55 196 
54 145 60 103 
2 193 18 229 
24 57 31 64 
16 197 41 250 
48 175 61 125 
23 228 74 108 
4 41 65 210 
12 121 42 178 
56 181 77 2 
69 62 81 43 
31 216 54 147 
10 200 82 84 
41 254 76 180 
7 105 52 253 
2 85 61 148 
56 122 59 136 
6 160 26 73 
39 18 63 248 
5 189 30 253 
18 30 22 1 
35 47 79 94 
45 78 46 67 
44 190 78 183 
64 83 74 41 
36 236 62 244 
9 177 11 139 
28 71 65 201 
20 9 55 189 
40 230 57 42 
27 64 68 77 
14 8 41 242 
29 54 34 225 
21 91 47 149 
15 166 75 217 
8 31 70 82 
16 177 73 102 
1 202 51 247 
53 106 71 162 
24 61 80 141 
17 157 66 139 
38 166 43 72 
50 172 77 102 
23 175 78 22 
25 129 72 78 
3 213 60 99 
42 19 58 243 
13 151 19 44 
48 127 67 197 
37 66 49 244 
32 79 33 85 
4 225 66 96 
37 179 64 14 
79 220 81 135 
10 193 80 246 
21 192 28 204 
26 14 38 70 
22 53 24 80 
55 97 57 3 
13 83 30 129 
4 179 27 38 
50 11 61 18 
2 108 45 191 
17 50 43 34 
8 3 65 126 
19 95 68 27 
18 90 32 70 
7 19 49 116 
11 117 75 114 
1 196 42 238 
12 246 77 40 
29 209 52 77 
51 92 73 177 
35 131 70 15 
58 211 63 167 
25 184 71 82 
39 218 74 179 
5 223 34 148 
49 53 62 98 
17 204 69 206 
15 180 23 2 
9 228 76 245 
20 87 56 243 
14 247 61 74 
16 74 57 228 
6 141 46 189 
27 3 67 18 
59 113 82 121 
31 205 47 66 
31 176 40 56 
8 80 36 105 
54 99 74 55 
44 118 45 115 
53 112 79 104 
60 151 66 73 
48 101 72 26 
33 247 41 38 
3 148 12 167 
25 224 63 107 
6 254 41 136 
9 94 71 216 
26 13 82 89 
30 24 81 122 
46 65 76 131 
3 200 9 223 
16 63 55 61 
19 116 56 51 
4 44 5 150 
20 123 26 239 
28 81 75 40 
24 11 37 97 
62 73 80 213 
1 37 60 35 
10 45 13 196 
70 87 72 9 
53 11 54 253 
7 152 35 51 
38 67 52 181 
68 14 78 115 
23 73 47 244 
42 103 73 234 
22 55 64 196 
54 227 59 233 
14 64 15 238 
57 111 65 209 
40 6 69 135 
39 205 77 5 
11 29 49 253 
21 3 39 23 
39 173 67 123 
5 217 50 216 
34 63 75 108 
2 184 58 110 
18 12 19 230 
7 86 33 48 
36 21 58 40 
44 191 74 83 
29 136 43 218 
51 35 56 32 
32 9 34 63 
2 184 24 66 
1 160 14 224 
3 144 48 72 
37 183 72 208 
22 204 80 242 
44 210 51 149 
50 126 66 186 
76 176 81 199 
49 88 69 135 
1 62 33 218 
47 92 52 115 
60 158 65 150 
29 50 55 154 
12 153 25 48 
11 233 24 11 
35 161 37 252 
23 81 27 200 
28 197 30 213 
59 235 62 81 
38 122 61 46 
32 137 70 221 
31 242 66 203 
6 124 63 32 
15 143 17 55 
16 170 46 174 
71 230 78 114 
36 8 64 203 
20 120 73 145 
40 35 42 142 
9 16 77 37 
18 186 82 60 
13 61 43 220 45 236 
67 81 68 8 79 23 
4 77 8 228 21 92 
10 204 53 30 81 234 
11 3 35 105 54 53 
2 241 32 225 73 82 
19 238 26 59 42 85 
18 134 57 145 72 152 
34 105 67 69 82 157 
52 53 68 64 75 101 
8 163 25 198 30 5 
1 41 22 77 59 224 
50 223 58 36 70 163 
4 147 23 93 64 19 
3 100 27 225 61 61 
33 22 51 206 65 78 
7 253 17 89 79 199 
20 125 21 70 53 147 
12 49 14 117 43 58 
29 35 63 33 74 162 
13 94 31 103 77 226 
15 105 16 171 45 199 
5 41 40 58 62 181 
6 71 69 5 80 169 
36 53 38 108 44 59 
60 65 76 197 78 12 
1 5 47 187 71 144 
28 9 46 205 48 120 
41 226 55 194 56 5 
10 21 41 214 78 109 
6 219 37 180 65 190 
39 202 62 8 79 135 
12 165 47 247 61 216 
22 43 29 49 67 254 
16 187 59 129 74 132 
11 105 68 154 81 8 
30 47 60 139 73 204 
26 67 45 75 51 4 
13 103 34 32 66 107 
5 97 19 168 72 20 
4 160 63 91 71 81 
24 128 44 42 69 60 
35 145 46 118 64 168 
8 51 40 42 54 114 
3 85 38 93 49 191 
25 207 28 213 57 98 
7 88 9 163 18 102 
20 95 32 178 58 124 
55 126 76 189 77 49 
56 191 80 253 82 234 
10 70 52 153 70 153 
31 4 48 148 75 26 
15 205 33 84 43 14 
2 143 23 152 42 158 
17 210 21 152 27 134 
14 145 36 200 50 74 
30 42 46 164 53 20 
7 167 61 126 74 22 
45 39 56 160 63 127 
14 252 21 216 33 239 
37 244 58 156 66 224 
13 35 81 126 82 174 
17 184 39 217 73 126 
8 31 47 234 80 53 
12 196 24 230 57 154 
16 149 32 20 36 207 
2 96 22 225 40 103 
6 166 35 63 44 231 
27 1 43 171 52 90 
34 95 49 213 70 119 
25 215 67 88 75 33 
4 227 29 246 53 112 
15 146 42 174 68 246 
11 112 48 86 60 176 
3 74 50 193 71 42 
28 173 64 241 76 132 
10 222 51 246 62 125 
9 34 55 90 78 79 
23 79 31 230 59 49 
18 249 38 36 69 201 
26 250 54 97 77 210 
65 129 72 1 79 181 
5 248 20 53 41 168 
14 48 19 87 23 157 
2 205 25 205 44 238 
18 242 30 8 41 102 
8 61 20 81 24 139 
4 23 6 105 62 241 
12 18 53 73 58 128 
22 62 57 132 60 108 
32 128 59 89 81 223 
15 206 73 47 76 121 
16 40 66 87 80 140 
1 216 3 87 67 189 
13 114 48 94 49 222 
5 251 35 202 65 229 
39 217 43 240 61 1 
7 106 70 227 71 137 
46 240 54 177 63 56 
19 46 37 236 47 73 
10 230 33 241 68 229 
17 177 42 212 56 180 
51 239 72 51 77 153 
29 59 38 192 75 83 
11 181 27 9 28 193 
9 19 45 156 52 147 
26 233 50 23 79 116 
31 162 34 195 64 229 
69 219 74 37 82 163 
36 227 40 171 78 238 
21 96 54 27 55 6 
20 123 52 248 61 178 
3 134 43 158 69 175 
11 182 12 9 62 224 
13 208 57 96 75 114 
14 22 34 224 63 53 
50 249 53 36 64 16 
24 77 39 220 58 75 
30 176 66 103 79 125 
27 189 40 179 81 79 
71 222 72 113 74 29 
25 197 33 35 36 184 
5 208 77 178 80 233 
22 204 23 170 76 6 
7 183 15 57 41 2 
2 38 31 124 46 53 
45 27 49 196 55 199 
37 7 42 27 70 64 
6 162 29 31 32 53 
9 205 10 138 60 179 
17 160 65 112 82 60 
1 223 8 16 68 182 
4 93 19 157 59 126 
18 242 47 199 78 155 
44 241 56 190 67 205 
21 42 38 150 73 36 
28 227 35 99 51 99 
16 23 26 75 48 25 
6 169 43 21 64 202 
29 132 66 162 73 228 
56 59 58 228 65 149 
3 169 14 6 75 60 
50 201 54 100 82 20 
23 56 33 61 57 51 
22 66 45 80 48 236 
7 222 19 199 62 158 
1 221 13 144 41 91 
21 162 35 226 71 21 
39 144 44 127 72 131 
31 41 63 43 69 74 
15 89 20 153 27 12 
10 20 26 157 61 253 
17 98 32 242 53 252 
28 150 52 30 78 146 
16 23 68 189 76 244 
38 210 70 90 80 228 
24 64 36 81 67 131 
9 170 25 239 47 211 
8 236 42 25 46 205 
2 25 5 151 12 203 
11 160 37 38 51 2 
4 158 49 143 60 146 
59 229 77 233 79 137 
40 129 55 95 74 187 
1 120 79 233 96 86 135 144 149 146 230 160 282 135 316 211 333 51 378 15 447 215 455 23 521 202 553 196 596 37 625 160 633 62 666 41 681 5 748 216 786 223 801 221 
27 50 79 17 106 157 162 53 193 240 248 78 287 95 310 133 346 151 403 134 450 19 486 193 499 85 546 108 616 184 624 184 660 241 708 143 721 96 739 205 780 38 814 25 
37 102 48 21 83 63 130 210 171 25 226 45 287 75 312 102 351 162 390 77 419 35 458 85 529 213 581 148 588 200 626 144 669 100 699 85 729 74 748 87 767 134 796 169 
18 251 67 61 97 138 135 128 171 1 207 56 255 151 325 163 359 55 372 212 429 109 491 41 535 225 544 179 591 44 657 77 668 147 695 160 726 227 742 23 787 93 816 158 
29 22 72 31 112 185 136 246 194 65 212 150 285 140 313 200 330 230 378 212 421 46 481 206 503 189 561 223 591 150 614 217 677 41 694 97 737 248 750 251 777 208 814 151 
32 35 62 215 86 33 131 151 173 43 232 243 256 74 291 245 357 202 404 113 449 160 469 221 501 160 569 141 583 254 646 124 678 71 685 219 722 166 742 105 783 162 793 169 
20 22 44 44 106 31 132 156 192 198 237 214 242 152 302 246 348 144 386 182 416 102 461 47 498 105 551 19 600 152 618 86 671 253 701 88 712 167 752 106 779 183 800 222 
15 160 63 88 99 61 143 52 181 246 232 193 269 237 298 186 355 178 398 124 445 181 473 77 519 31 548 3 574 80 657 228 665 163 698 51 718 31 741 61 786 16 813 236 
30 116 65 97 123 149 156 51 167 68 241 10 267 216 289 136 362 46 407 129 434 123 463 182 510 177 565 228 584 94 588 223 653 16 701 163 732 34 760 19 784 205 812 170 
13 181 69 13 91 25 150 163 170 197 240 179 262 239 291 130 342 163 399 250 427 32 461 196 496 200 538 193 597 45 658 204 684 21 705 70 731 222 755 230 784 138 806 20 
40 124 52 76 117 53 137 192 175 198 245 223 259 31 307 25 359 203 408 35 440 177 478 63 510 139 552 117 611 29 638 233 659 3 690 105 728 112 759 181 768 182 815 160 
3 109 54 84 105 64 142 31 203 148 240 236 276 15 326 107 341 174 375 75 420 86 454 22 492 121 554 246 581 167 637 153 673 49 687 165 719 196 743 18 768 9 814 203 
35 244 68 32 102 174 143 245 179 48 220 74 250 240 328 52 338 44 371 220 424 109 456 14 531 151 543 83 597 196 655 61 675 94 693 103 716 35 749 114 769 208 801 144 
35 127 57 103 101 33 128 126 165 192 236 55 281 68 288 13 361 248 391 84 446 183 453 9 515 8 567 247 607 64 625 224 673 117 710 145 714 252 738 48 770 22 796 6 
1 252 45 55 111 63 161 80 177 223 235 228 269 233 297 123 339 49 401 66 410 166 475 117 518 166 564 180 607 238 647 143 676 105 707 205 727 146 746 206 779 57 805 89 
33 22 60 55 116 68 132 20 185 210 212 144 252 77 290 213 364 245 371 167 435 92 488 197 520 177 568 74 589 63 648 170 676 171 689 187 720 149 747 40 792 23 809 23 
6 7 80 78 118 172 156 155 184 182 231 125 285 18 296 188 338 195 393 42 420 144 482 215 524 157 547 50 563 204 647 55 671 89 709 210 717 184 756 177 785 160 807 98 
19 246 78 45 109 48 159 78 199 114 233 149 251 6 299 77 341 181 408 99 411 181 486 229 504 30 550 90 617 12 654 186 662 134 701 102 734 249 740 242 788 242 
2 97 43 101 110 225 138 17 198 149 205 175 277 85 305 119 351 197 377 156 428 149 472 106 531 44 549 95 590 116 617 230 661 238 694 168 738 87 754 46 787 157 800 199 
6 157 73 127 89 44 134 202 200 101 238 106 279 49 294 234 350 125 384 200 447 157 460 73 512 9 566 87 592 123 651 120 672 125 702 95 737 53 741 81 766 123 805 153 
7 144 81 112 107 16 166 155 187 176 208 71 262 252 322 154 353 157 407 248 414 29 476 136 517 91 539 192 612 3 657 92 672 70 709 152 714 216 765 96 790 42 802 162 
9 94 69 13 121 157 129 157 174 8 221 147 273 177 309 151 362 23 410 114 441 152 459 165 504 1 541 53 605 55 628 204 666 77 688 43 721 225 744 62 778 204 799 66 
41 233 53 48 125 209 155 81 190 86 247 5 258 154 301 3 370 35 379 212 425 170 490 228 527 175 564 2 603 73 640 81 668 93 708 152 733 79 738 157 778 170 798 56 
28 175 75 187 84 206 166 244 186 37 220 63 254 56 302 227 368 105 402 126 451 141 487 57 523 61 541 80 594 11 624 66 638 11 696 128 719 230 741 139 772 77 811 64 
8 123 62 39 103 173 144 206 199 71 238 75 252 15 312 55 365 69 401 185 422 130 466 44 528 129 559 184 582 224 637 48 665 198 700 207 725 215 739 205 776 197 812 239 
14 81 70 125 98 214 129 71 179 169 219 104 247 46 310 122 344 143 381 213 429 85 465 48 501 73 540 14 585 13 592 239 661 59 692 67 735 250 761 233 792 75 806 157 
8 209 47 31 85 180 162 151 164 173 209 15 264 71 304 186 336 64 392 191 452 240 468 83 514 64 544 38 570 3 640 200 669 225 709 134 723 1 759 9 774 189 805 12 
5 59 80 246 90 67 151 209 176 58 233 61 288 5 314 26 360 199 395 251 448 57 455 87 511 71 539 204 593 81 641 197 682 9 700 213 730 173 759 193 791 227 808 150 
13 174 66 92 118 32 165 254 193 176 216 93 275 251 277 161 363 35 376 135 422 166 474 250 516 54 555 209 621 136 636 50 674 35 688 49 726 246 758 59 783 31 794 132 
12 131 59 129 87 231 137 193 173 110 216 10 276 115 294 174 332 65 409 207 414 40 479 178 503 253 543 129 586 24 641 213 665 5 691 47 711 42 740 8 773 176 
16 205 54 211 98 92 167 22 183 104 230 80 284 25 304 28 355 158 373 8 426 2 487 64 495 216 572 205 573 176 645 242 675 103 706 4 733 230 762 162 780 124 804 41 
25 254 50 19 102 58 148 77 191 52 214 184 253 165 313 39 343 98 406 197 431 50 483 38 534 79 550 70 623 9 644 137 660 225 702 178 720 20 745 128 783 53 807 242 
21 29 59 110 94 174 130 55 189 249 246 205 268 146 329 177 366 89 382 120 441 181 473 186 534 85 580 247 618 48 633 218 670 22 707 84 714 239 755 241 776 35 798 61 
10 192 78 32 115 70 145 64 207 144 243 21 279 94 293 47 358 224 398 56 425 236 477 183 516 225 561 148 615 63 623 63 663 105 693 32 724 95 762 195 770 224 
22 181 68 217 96 42 163 177 196 225 223 212 280 39 326 165 349 106 387 240 437 234 466 38 505 47 557 131 600 51 639 161 659 105 697 145 722 63 750 202 791 99 802 226 
40 103 56 98 92 126 152 92 204 218 210 34 280 250 318 238 350 75 369 73 438 41 467 44 509 236 574 105 619 21 650 8 679 53 710 200 720 207 764 227 776 184 811 81 
4 46 48 228 114 218 155 12 184 144 239 124 263 184 298 28 352 79 388 153 417 127 479 46 533 66 536 179 594 97 627 183 639 252 685 180 715 244 754 236 782 7 815 38 
21 198 60 40 115 237 150 98 196 233 206 198 267 205 315 56 335 184 383 247 439 32 468 182 525 166 540 70 601 67 643 122 679 108 699 93 734 36 758 192 790 150 810 210 
34 107 52 60 95 162 121 120 185 85 222 9 283 238 300 191 347 102 388 40 426 116 474 196 502 18 560 218 610 205 612 23 613 173 686 202 717 217 751 217 772 220 803 144 
24 223 53 184 90 247 138 46 191 176 245 135 260 128 315 234 337 62 404 178 416 29 471 87 513 230 573 56 609 6 652 35 677 58 698 42 721 103 764 171 774 179 818 129 
18 146 61 176 105 1 126 68 190 180 228 220 261 55 311 46 353 16 403 89 438 209 488 250 497 254 515 242 580 38 583 136 683 226 684 214 737 168 740 102 779 2 801 91 
32 92 49 221 100 128 157 70 195 65 241 190 254 86 327 202 347 186 389 110 453 15 492 178 530 19 553 238 604 103 652 142 661 85 708 158 727 174 756 212 782 27 813 25 
9 244 76 3 103 127 139 78 204 148 239 238 253 80 308 51 333 207 385 140 413 39 457 131 525 72 547 34 621 218 655 220 673 58 707 14 723 171 751 240 767 158 793 21 
31 28 51 194 87 71 158 158 168 161 219 95 257 107 299 4 367 177 405 177 435 168 482 179 507 190 576 118 620 191 629 210 679 59 696 42 722 231 739 238 789 241 803 127 
11 13 42 241 108 228 134 188 197 126 222 19 258 43 295 110 330 182 399 61 445 232 470 103 506 78 546 191 576 115 655 236 676 199 692 75 713 39 760 156 781 27 799 80 
23 149 67 105 104 171 127 209 201 38 237 187 271 108 321 80 361 190 396 173 413 210 454 252 506 67 569 189 587 65 648 174 682 205 697 118 711 164 753 240 780 53 813 205 
17 63 51 131 88 199 163 7 202 189 215 103 278 197 325 145 363 176 397 165 431 190 469 93 517 149 572 66 603 244 634 92 681 187 687 247 718 234 754 73 788 199 812 211 
38 253 76 200 99 66 140 246 203 202 224 193 260 63 323 166 340 163 400 113 412 143 484 147 489 175 532 127 579 101 626 72 682 120 706 148 728 86 749 94 792 25 799 236 
17 177 71 35 119 171 154 138 172 241 174 106 270 68 324 209 354 15 377 46 436 60 460 171 533 244 551 116 562 53 611 253 632 88 699 191 724 213 749 222 781 196 816 143 
5 210 46 63 100 191 147 28 201 118 209 178 273 145 307 241 352 197 376 136 424 237 480 81 526 172 545 11 614 216 630 126 667 223 710 74 729 193 761 23 771 249 797 201 
30 177 44 59 88 128 125 97 140 214 236 47 251 85 300 16 332 73 380 155 418 80 480 198 521 247 556 92 622 35 629 149 670 206 692 4 731 246 757 239 791 99 815 2 
39 208 58 42 114 152 159 102 169 43 227 217 255 30 328 5 345 108 373 202 430 86 464 88 498 253 555 77 601 181 634 115 664 53 705 153 723 90 760 147 766 248 808 30 
16 84 43 233 86 112 145 205 192 170 249 106 263 177 303 77 339 192 391 2 442 111 467 34 522 106 577 112 599 11 658 30 672 147 711 20 726 112 743 73 771 36 807 252 
12 92 55 113 111 21 148 75 188 93 244 40 261 99 305 90 327 198 383 186 444 125 485 145 495 147 575 99 599 253 606 227 659 53 698 114 735 97 753 177 765 27 797 100 
4 252 45 137 91 47 133 95 194 220 215 22 259 106 319 254 346 76 374 160 446 145 484 196 512 189 542 97 589 61 636 154 683 194 703 126 732 90 765 6 781 199 818 95 
22 71 72 210 122 122 131 23 180 95 221 71 227 250 314 197 336 225 394 190 432 161 493 181 500 122 566 243 590 51 622 32 683 5 704 191 713 160 756 180 789 190 795 59 
10 229 47 53 92 223 141 159 172 56 244 32 271 213 296 16 334 96 390 39 418 209 464 140 513 42 542 3 568 228 608 111 662 145 700 98 719 154 744 132 769 96 798 51 
37 160 77 50 113 226 136 98 178 34 217 111 284 88 324 55 340 65 395 60 439 71 475 8 530 243 558 211 616 110 619 40 667 36 702 124 715 156 743 128 772 75 795 228 
3 243 64 102 117 227 124 99 178 138 243 229 250 85 322 199 365 73 386 66 417 171 470 10 500 136 571 113 606 233 642 235 666 224 689 129 733 49 745 89 787 126 817 229 
41 202 56 144 104 41 122 229 186 92 218 230 275 231 292 4 367 65 374 80 433 20 485 103 529 99 578 151 596 35 635 158 680 65 691 139 728 176 744 108 784 179 816 146 
33 162 50 246 97 21 154 126 187 187 231 200 272 225 306 61 349 199 379 196 449 166 489 125 499 148 545 18 567 74 643 46 669 61 687 216 712 126 751 1 766 178 806 253 
7 182 70 93 109 228 127 206 182 92 235 15 268 180 323 213 364 138 393 107 432 130 462 21 509 244 562 98 595 73 642 81 677 181 686 8 731 125 742 241 768 224 800 158 
36 10 65 151 85 246 133 16 198 78 229 102 266 187 320 150 329 179 387 236 430 206 457 223 502 248 558 167 582 107 646 32 674 33 695 91 713 127 753 56 770 53 804 43 
20 68 82 98 120 231 153 46 175 86 234 95 274 132 316 16 334 4 406 245 412 90 472 73 508 83 536 14 605 196 650 203 668 19 697 168 730 241 762 229 771 16 793 202 
27 93 64 205 89 44 157 123 182 210 214 23 266 203 301 235 342 86 405 158 442 43 491 210 511 201 548 126 608 209 635 150 670 78 685 190 736 129 750 229 785 112 795 149 
11 46 57 172 119 253 161 16 206 67 234 237 256 217 320 191 331 219 411 88 443 81 476 16 524 139 535 96 578 73 630 186 645 203 693 107 715 224 747 87 773 103 794 162 
26 94 58 15 124 100 128 41 189 144 213 63 286 100 292 240 354 216 381 29 421 53 463 14 532 197 570 18 613 123 656 81 663 69 688 254 725 88 748 189 789 205 811 131 
25 192 77 165 95 211 123 71 160 66 218 112 281 140 317 135 358 18 409 196 415 111 462 157 514 77 549 27 602 14 656 8 664 64 690 154 727 246 755 229 786 182 809 189 
38 26 55 59 107 74 147 210 197 68 223 27 249 242 290 56 345 91 382 188 415 97 465 212 494 62 563 206 609 135 632 135 678 5 696 60 734 201 763 219 767 175 804 74 
24 53 81 82 101 45 164 100 168 28 211 42 226 114 309 139 356 27 384 77 444 77 481 62 519 82 557 15 598 87 644 221 667 163 705 153 724 119 752 227 782 64 810 90 
23 206 63 6 93 160 158 44 170 141 225 241 283 159 311 57 343 236 394 6 443 114 451 87 522 162 559 82 584 216 649 230 681 144 695 81 729 42 752 137 775 222 802 21 
36 173 61 34 108 112 146 153 180 242 242 113 282 236 317 185 335 98 397 35 440 112 456 80 528 78 579 26 598 9 627 208 662 152 694 20 736 1 757 51 775 113 803 131 
14 110 82 110 83 252 151 20 188 216 229 120 270 78 295 181 369 141 402 194 423 187 477 11 520 102 556 177 604 234 651 145 660 82 691 204 717 126 746 47 790 36 794 228 
29 76 71 8 84 84 142 245 176 234 246 54 248 134 318 163 357 209 372 245 434 57 490 108 508 41 560 179 575 55 620 83 674 162 689 132 712 22 763 37 775 29 818 187 
2 74 42 195 94 242 139 79 195 174 225 78 265 224 306 196 344 165 380 238 433 105 452 178 518 217 552 114 593 40 615 108 664 101 706 26 725 33 758 83 769 114 796 60 
34 25 75 198 110 186 149 215 169 98 224 144 257 146 293 3 331 250 392 234 427 196 483 41 497 180 565 245 587 131 631 176 680 197 703 189 730 132 746 121 778 6 809 244 
28 35 74 115 120 179 144 178 202 175 217 213 265 244 303 143 356 85 370 216 450 43 493 2 526 102 554 40 610 5 653 37 675 226 703 49 735 210 757 153 777 178 817 233 
15 116 73 210 113 234 141 30 205 146 208 244 286 240 308 212 348 200 375 134 423 222 478 27 507 183 527 22 602 115 649 114 680 12 684 109 732 79 764 238 788 155 808 146 
19 54 66 150 112 121 153 3 181 193 228 179 264 117 289 184 368 184 396 136 436 32 471 212 505 94 537 220 577 104 656 23 671 199 686 135 736 181 761 116 773 125 817 137 
31 53 46 94 126 129 160 180 200 240 213 154 274 199 297 157 337 83 385 24 437 249 458 70 523 141 538 246 595 213 628 242 678 169 704 253 718 53 747 140 777 233 810 228 
26 201 74 128 93 159 146 121 183 41 210 228 272 141 319 76 360 186 389 69 419 58 459 144 494 43 537 135 586 122 631 199 658 234 690 8 716 126 745 223 774 79 
39 47 49 116 116 78 152 83 177 196 211 98 278 196 321 101 366 6 400 118 428 11 448 199 496 84 571 121 585 89 654 60 663 157 704 234 716 174 763 163 785 60 797 20 
