800 64 256
3 28
2 2 2 2 2 2 2 2 2 2 2 2 2 2 2 2 2 2 2 2 2 2 2 2 2 2 2 2 2 2 2 2 2 2 2 2 2 2 2 2 2 2 2 2 2 2 2 2 2 2 2 2 2 2 2 2 2 2 2 2 2 2 2 2 2 2 2 2 2 2 2 2 2 2 2 2 2 2 2 2 2 2 2 2 2 2 2 2 2 2 2 2 2 2 2 2 2 2 2 2 2 2 2 2 2 2 2 2 2 2 2 2 2 2 2 2 2 2 2 2 2 2 2 2 2 2 2 2 2 2 2 2 2 2 2 2 2 2 2 2 2 2 2 2 2 2 2 2 2 2 2 2 2 2 2 2 2 2 2 2 2 2 2 2 2 2 2 2 2 2 2 2 2 2 2 2 2 2 2 2 2 2 2 2 2 2 2 2 2 2 2 2 2 2 2 2 2 2 2 2 2 2 2 2 2 2 2 2 2 2 2 2 2 2 2 2 2 2 2 2 2 2 2 2 2 2 2 2 2 2 2 2 2 2 2 2 2 2 2 2 2 2 2 2 2 2 2 2 2 2 2 2 2 2 2 2 2 2 2 2 2 2 2 2 2 2 2 2 2 2 2 2 2 2 2 2 2 2 2 2 2 2 2 2 2 2 2 2 2 2 2 2 2 2 2 2 2 2 2 2 2 2 2 2 2 2 2 2 2 2 2 2 2 2 2 2 2 2 2 2 2 2 2 2 2 2 2 2 2 2 2 2 2 2 2 2 2 2 2 2 2 2 2 2 2 2 2 2 2 2 2 2 2 2 2 2 2 2 2 2 2 2 2 2 2 2 2 2 2 2 2 2 2 2 2 2 2 2 2 2 2 2 2 2 2 2 2 2 2 2 2 2 2 2 2 2 2 2 2 2 2 2 2 2 2 2 2 2 2 2 2 2 2 2 2 2 2 2 2 2 2 2 2 2 2 2 2 2 2 2 2 2 2 2 2 2 2 2 2 2 2 2 2 2 2 2 2 2 2 2 2 2 2 2 2 2 2 2 2 2 2 2 2 2 2 2 2 2 2 2 2 2 2 2 2 2 2 2 2 2 2 2 2 2 2 2 2 2 2 2 2 2 2 2 2 2 2 2 2 2 2 2 2 2 2 2 2 2 2 2 2 2 2 2 2 2 2 2 2 2 2 2 2 2 2 2 2 2 2 2 2 2 2 2 2 2 2 2 2 2 2 2 2 2 2 2 2 2 2 2 2 2 2 2 2 2 2 2 2 2 2 2 2 2 2 2 2 2 2 2 2 2 2 2 2 2 2 2 2 2 2 2 2 2 2 2 2 2 2 2 2 2 2 2 2 2 2 2 2 2 2 2 2 2 2 2 2 2 2 2 2 2 2 2 2 2 2 2 2 2 2 2 2 2 2 2 2 2 2 2 2 2 2 2 2 2 2 2 2 2 3 3 3 3 3 3 3 3 3 3 3 3 3 3 3 3 3 3 3 3 3 3 3 3 3 3 3 3 3 3 3 3 3 3 3 3 3 3 3 3 3 3 3 3 3 3 3 3 3 3 3 3 3 3 3 3 3 3 3 3 3 3 3 3 3 3 3 3 3 3 3 3 3 3 3 3 3 3 3 3 3 3 3 3 3 3 3 3 3 3 3 3 3 3 3 3 3 3 3 3 3 3 3 3 3 3 3 3 3 3 3 3 3 3 3 3 3 3 3 3 3 3 3 3 3 3 3 3 3 3 3 3 3 3 3 3 3 3 3 3 3 3 3 3 3 3 3 3 3 3 3 3 3 3 3 3 3 3 3 3 
27 28 27 28 27 27 28 27 28 27 28 27 27 28 28 28 28 28 27 27 28 27 27 27 27 27 27 28 28 27 27 27 27 27 27 28 28 28 28 27 27 28 28 28 27 27 27 27 28 28 28 28 28 28 27 28 27 28 27 28 28 27 28 28 
4 187 52 226 
25 110 29 152 
23 28 51 235 
35 141 46 228 
20 187 57 116 
42 182 63 233 
5 211 37 80 
18 251 26 42 
15 18 49 89 
11 48 64 235 
12 101 50 5 
48 12 62 254 
27 234 44 74 
31 166 53 250 
3 73 19 190 
38 11 59 244 
10 225 28 109 
2 195 45 28 
43 51 60 76 
9 96 33 54 
30 220 32 39 
54 40 61 103 
36 5 58 66 
17 3 55 202 
8 16 21 136 
16 120 40 73 
24 238 41 119 
47 150 56 47 
14 9 39 131 
1 123 6 248 
13 77 22 171 
7 32 34 11 
27 230 35 17 
36 115 46 183 
2 148 53 47 
10 167 31 70 
17 57 23 210 
11 132 44 117 
14 52 19 105 
13 91 25 21 
33 159 59 236 
9 197 29 176 
30 103 63 72 
42 248 56 109 
26 8 58 25 
32 118 51 197 
54 123 57 132 
18 160 24 236 
41 150 60 94 
20 90 47 14 
48 64 61 97 
34 156 37 232 
3 65 12 222 
4 119 7 7 
1 78 38 217 
43 119 62 45 
5 57 6 105 
16 191 39 117 
8 50 15 23 
40 208 52 54 
28 51 55 189 
21 124 45 145 
22 89 49 35 
50 95 64 3 
6 119 54 175 
53 203 62 36 
3 50 15 236 
30 245 35 111 
23 80 52 179 
39 126 41 177 
11 33 38 170 
22 116 36 194 
37 126 58 162 
12 217 55 44 
42 63 45 144 
47 36 50 46 
18 228 64 75 
13 130 31 254 
33 72 40 176 
4 228 21 82 
20 66 29 254 
1 77 10 119 
32 46 61 132 
14 5 27 206 
5 131 19 131 
24 159 63 109 
8 12 57 58 
49 95 59 63 
37 13 56 239 
43 108 46 204 
25 150 44 74 
13 184 51 207 
34 98 60 227 
2 124 14 218 
17 139 43 83 
28 250 63 168 
7 82 11 119 
9 199 26 222 
33 221 48 123 
10 129 16 53 
9 67 55 191 
41 130 57 144 
2 112 26 217 
4 113 12 54 
42 59 59 204 
23 124 56 184 
28 62 44 204 
39 80 49 143 
16 106 50 53 
6 81 22 255 
19 185 48 254 
21 138 46 10 
52 192 54 23 
3 108 24 248 
27 65 47 121 
38 51 58 13 
18 180 51 187 
14 23 17 179 
5 27 30 99 
62 182 64 39 
45 49 61 215 
8 114 31 71 
20 80 36 153 
52 247 53 174 
1 153 60 87 
7 42 32 144 
25 83 45 84 
29 205 34 123 
35 106 40 124 
15 199 23 1 
26 150 54 149 
56 63 62 122 
16 127 21 7 
22 70 55 213 
49 128 61 79 
7 30 15 173 
2 210 28 48 
6 21 44 127 
24 156 27 1 
4 118 58 85 
10 236 36 122 
29 122 64 190 
5 61 59 124 
37 160 39 240 
50 14 63 244 
31 186 33 94 
19 234 57 233 
12 153 25 143 
20 170 40 207 
30 47 53 220 
42 2 60 201 
34 191 48 131 
1 74 35 217 
11 208 17 145 
9 106 46 67 
38 15 47 119 
13 171 41 207 
8 238 18 236 
19 190 51 235 
32 134 43 11 
3 173 46 97 
13 71 47 239 
25 134 43 101 
11 42 31 44 
9 253 39 13 
6 25 62 2 
8 160 55 65 
29 51 30 82 
48 20 63 23 
50 144 54 22 
26 84 60 191 
23 237 36 209 
17 171 41 162 
28 212 37 84 
4 109 14 29 
27 222 34 128 
44 116 58 253 
24 23 52 4 
7 143 16 10 
1 104 15 158 
57 41 64 105 
2 31 20 127 
22 105 34 227 
10 217 61 39 
5 72 21 117 
35 60 49 33 
12 123 59 165 
38 78 53 130 
40 177 42 12 
33 164 51 107 
18 104 45 119 
3 123 32 82 
25 104 56 237 
49 56 64 220 
22 2 42 7 
39 186 63 80 
5 125 7 2 
26 252 40 172 
27 140 61 122 
44 85 57 208 
2 154 15 13 
30 126 33 253 
28 252 46 246 
4 111 47 237 
19 210 35 103 
9 11 10 181 
13 157 16 45 
6 16 23 202 
21 233 38 205 
24 160 36 23 
8 216 48 138 
3 172 11 90 
43 151 58 222 
12 179 41 163 
45 247 52 111 
28 89 51 228 
17 198 53 229 
1 146 20 18 
37 227 54 171 
14 97 50 110 
32 231 55 175 
18 168 59 216 
29 182 31 100 
33 62 60 174 
7 141 62 164 
2 239 56 59 
49 239 60 181 
14 124 30 109 
1 174 12 112 
15 128 25 11 
3 75 42 67 
32 179 44 87 
46 232 56 34 
9 58 24 179 
4 206 61 250 
17 178 35 229 
8 213 39 123 
19 51 47 19 
13 116 58 227 
31 80 54 131 
45 168 50 234 
23 200 38 33 
20 139 63 47 
10 182 57 230 
5 202 43 38 
51 138 62 192 
16 229 59 194 
27 160 64 232 
21 70 22 155 
37 98 53 53 
11 78 26 96 
29 103 52 133 
34 20 40 176 
6 61 18 227 
55 125 64 147 
41 254 48 131 
8 151 36 133 
21 18 29 123 
4 38 31 152 
33 146 45 191 
50 79 58 94 
17 9 54 26 
9 168 42 218 
13 17 35 172 
39 236 51 27 
12 121 53 196 
14 225 60 250 
41 99 56 98 
32 112 37 132 
23 165 63 30 
16 43 19 120 
24 226 49 223 
5 46 20 143 
7 82 36 11 
52 22 59 240 
25 173 38 218 
40 1 44 213 
28 121 47 177 
55 132 60 224 
30 245 57 149 
22 72 26 84 
1 50 48 199 
2 16 34 187 
27 90 43 11 
46 60 61 255 
3 37 6 213 
10 59 62 93 
11 41 51 112 
15 233 41 40 
17 72 18 3 
30 34 47 228 
32 67 59 88 
42 140 57 25 
8 118 52 26 
4 146 63 236 
9 63 13 243 
39 49 43 142 
46 196 53 8 
24 71 37 17 
35 174 45 138 
44 59 48 254 
5 157 61 162 
21 86 27 92 
15 36 54 182 
3 120 58 11 
16 91 56 22 
11 31 20 20 
40 34 64 70 
31 112 49 28 
12 254 36 82 
2 167 6 211 
34 188 50 255 
23 44 26 11 
19 163 29 25 
14 196 25 71 
7 248 28 166 
10 13 18 153 
22 135 33 254 
38 61 55 177 
1 109 32 13 
45 32 62 94 
38 55 61 167 
10 191 25 191 
18 53 34 136 
1 191 56 41 
49 241 58 104 
42 134 53 70 
27 10 59 49 
16 185 30 195 
6 222 9 22 
3 197 39 55 
7 89 33 34 
5 6 31 162 
26 196 62 121 
20 194 55 78 
22 46 43 57 
36 64 60 8 
2 57 48 186 
50 115 51 119 
13 27 64 56 
15 183 47 59 
4 56 57 78 
28 81 29 177 
11 130 37 56 
1 194 52 157 
12 57 40 32 
17 17 21 100 
24 213 38 133 
14 187 46 163 
25 100 63 178 
29 188 41 156 
23 104 64 99 
36 201 54 151 
19 92 55 241 
8 99 35 21 
39 234 44 1 
19 222 53 11 
34 122 46 100 
43 11 57 16 
27 12 31 122 
20 198 49 166 
11 230 52 225 
33 245 37 84 
26 81 32 61 
21 6 51 185 
16 128 24 144 
40 233 61 8 
3 50 10 250 
17 2 47 217 
8 122 56 64 
6 253 41 25 
12 235 58 254 
18 151 30 64 
9 178 50 149 
59 123 62 242 
5 178 64 30 
2 85 13 175 
7 17 42 83 
4 140 35 197 
22 139 54 83 
14 66 22 205 
23 160 34 8 
45 104 55 143 
15 132 63 58 
44 252 60 118 
28 213 59 177 
20 63 48 186 
31 253 32 77 
15 109 40 143 
44 226 53 75 
17 221 33 68 
24 144 62 76 
49 213 56 125 
38 100 57 47 
43 112 48 4 
1 192 39 176 
12 216 47 206 
23 49 31 232 
29 142 61 144 
13 8 52 253 
42 127 51 18 
4 193 6 38 
8 7 50 229 
19 164 36 182 
25 48 26 106 
21 26 60 74 
10 184 54 186 
30 15 58 146 
6 239 16 213 
35 41 37 29 
46 122 64 43 
14 182 40 210 
5 50 26 183 
2 75 24 184 
9 250 15 251 
41 234 45 7 
3 241 63 247 
11 244 30 193 
26 231 27 105 
18 23 20 163 
3 220 28 116 
7 170 8 124 
43 124 52 27 
32 173 41 124 
13 252 29 128 
42 209 44 29 
7 232 60 99 
2 105 58 69 
1 41 64 195 
12 146 62 97 
10 85 11 63 
36 69 45 214 
47 132 48 156 
28 200 57 64 
51 4 61 168 
39 139 47 159 
4 173 9 234 
5 111 46 52 
23 240 55 185 
35 119 50 42 
22 93 27 201 
34 206 38 181 
49 54 54 115 
18 12 21 166 
3 174 33 109 
56 100 59 56 
17 84 63 79 
16 110 53 161 
19 115 37 1 
20 138 25 201 
14 21 62 57 
5 246 34 234 
12 168 57 98 
21 151 52 19 
11 224 48 122 
24 45 33 158 
23 111 61 118 
6 13 50 164 
18 236 46 234 
29 192 56 215 
1 255 36 237 
17 125 51 232 
19 215 39 4 
28 10 40 60 
8 128 13 71 
32 88 45 135 
10 78 37 38 
43 223 44 158 
38 255 41 17 
35 155 53 136 
2 88 63 248 
14 39 31 224 
4 50 16 171 
47 148 60 219 
30 179 49 17 
25 189 27 193 
9 242 22 141 
7 158 55 247 
42 54 58 247 
54 90 59 72 
15 41 19 201 
7 77 54 211 
34 39 51 207 
46 243 57 68 
6 166 63 128 
18 194 61 62 
21 241 24 128 
22 18 58 92 
10 42 14 55 
35 148 43 133 
40 207 62 60 
4 77 5 200 
20 174 59 154 
27 107 38 186 
2 199 9 85 
25 2 52 242 
36 10 50 98 
11 156 33 251 
12 33 49 159 
15 253 56 174 
3 110 23 114 
28 235 53 205 
31 38 41 139 
13 170 42 128 
39 28 55 109 
16 177 17 133 
1 138 30 116 
26 187 48 187 
37 14 44 121 
32 255 64 150 
8 198 45 85 
29 90 60 141 
27 226 42 12 
39 254 57 204 
58 161 64 115 
10 149 51 204 
46 150 63 158 
4 60 25 245 
1 131 29 42 
28 161 32 201 
14 54 61 55 
18 29 54 219 
6 157 35 82 
12 34 24 236 
30 78 56 122 
21 6 48 3 
37 96 55 60 
19 8 33 170 
5 219 8 98 
45 156 47 217 
22 71 41 127 
11 115 36 162 
44 193 59 31 
34 208 53 111 
2 8 7 88 
3 105 43 36 
31 19 40 189 
15 219 26 205 
20 11 38 78 
23 8 60 250 
9 87 17 63 
16 215 49 164 
13 82 62 170 
50 103 52 54 
15 204 38 170 
28 191 33 72 
5 234 44 255 
19 223 20 200 
29 91 55 197 
51 53 64 39 
7 236 56 164 
34 188 57 116 
32 18 54 219 
36 170 39 45 
12 146 30 224 
3 4 13 75 
2 60 60 72 
26 147 46 172 
42 220 47 198 
22 6 40 245 
25 253 35 82 
1 135 27 114 
4 139 62 35 
37 103 45 163 
23 98 41 113 
11 226 58 170 
53 248 59 125 
24 124 43 228 
21 147 63 78 
8 128 9 194 
10 173 49 61 
17 10 48 113 
6 159 14 79 
50 242 61 228 
16 132 52 171 
18 138 31 205 
32 54 57 78 
41 210 43 114 
8 196 37 188 
45 86 63 105 
29 91 53 255 
15 37 17 50 
36 35 52 35 
1 15 14 26 
39 228 59 30 
23 116 25 145 
11 45 13 255 
28 59 64 167 
7 2 19 225 
5 245 24 173 
6 9 48 52 
46 38 54 6 
10 90 35 74 
4 227 50 62 
16 117 31 102 
21 53 34 188 
12 166 18 75 
47 147 49 192 
26 209 42 143 
33 4 58 86 
38 74 44 203 
9 17 40 165 
22 177 30 88 
60 233 61 113 
2 105 62 188 
20 59 51 165 
3 100 56 174 
27 222 55 104 
9 144 53 152 
6 183 28 54 
4 204 19 56 
5 247 10 165 
54 95 60 22 
56 221 57 225 
26 225 30 238 
18 131 55 46 
3 197 17 56 
41 44 64 114 
46 98 62 7 
20 32 33 191 
42 185 49 190 
8 194 47 5 
14 145 24 63 
27 112 37 144 
45 120 51 49 
13 119 48 28 
39 227 50 244 
12 144 44 122 
31 142 61 36 
15 174 58 205 
35 215 59 212 
2 53 11 42 
1 17 16 219 
32 195 36 32 
34 164 63 143 
22 221 29 183 
21 84 40 157 
23 141 43 44 
7 32 52 157 
25 205 54 231 
12 180 38 7 48 61 
30 159 46 152 52 80 
7 147 24 202 35 60 
2 120 18 19 42 125 
17 89 59 198 60 33 
8 174 32 159 53 147 
20 150 21 167 39 252 
15 202 31 141 36 77 
11 74 57 52 62 163 
13 117 44 114 49 175 
5 17 38 201 56 100 
1 18 26 64 33 164 
23 24 28 248 45 33 
41 126 47 6 63 118 
6 130 27 4 29 35 
3 197 22 29 25 53 
34 60 55 104 61 216 
14 137 43 58 64 192 
9 189 16 183 58 119 
19 240 40 30 50 19 
4 254 8 118 10 136 
7 132 37 15 51 190 
15 198 43 30 59 111 
16 240 18 219 27 3 
10 135 19 233 34 191 
22 132 31 212 39 59 
32 213 46 99 49 166 
13 20 17 108 30 88 
24 170 29 223 40 58 
38 175 54 240 63 241 
9 199 14 117 48 237 
2 43 25 61 57 95 
11 196 45 174 53 29 
21 162 26 129 28 137 
1 184 44 20 61 200 
33 128 41 116 55 121 
5 159 23 89 62 172 
20 154 58 98 60 243 
35 154 52 110 56 218 
3 30 37 163 50 190 
6 35 12 57 64 209 
4 232 36 13 51 51 
33 210 42 180 43 42 
23 105 47 200 58 119 
27 155 39 90 56 33 
30 45 31 136 45 142 
7 127 10 159 21 165 
13 163 37 224 46 68 
51 248 53 98 57 189 
19 47 24 34 59 77 
26 112 38 74 64 91 
12 190 28 41 60 203 
1 184 41 97 50 103 
3 24 8 4 49 20 
9 227 32 207 63 120 
4 86 29 223 54 8 
40 32 48 220 55 70 
5 160 11 56 25 204 
20 191 52 157 62 94 
2 173 16 239 36 12 
6 67 17 212 34 15 
14 32 18 138 44 140 
35 32 47 92 61 238 
15 44 39 174 42 208 
16 112 22 45 61 226 
30 52 41 63 62 160 
24 158 44 202 47 103 
15 242 22 236 53 58 
2 149 46 4 59 38 
10 229 38 131 60 179 
3 92 4 209 27 175 
25 137 48 6 50 166 
18 123 28 170 49 145 
8 13 26 99 63 110 
6 104 13 118 20 110 
14 37 35 129 58 92 
23 57 40 115 54 137 
29 224 36 244 43 232 
19 166 21 155 42 26 
5 197 12 20 32 91 
9 31 37 44 64 206 
7 161 45 52 57 220 
31 141 34 26 52 102 
1 45 11 223 55 84 
17 116 45 145 56 13 
14 24 21 218 33 41 
5 190 29 167 51 130 
11 224 23 188 46 134 
4 226 20 102 44 154 
22 55 28 1 52 65 
25 123 36 17 59 93 
17 160 32 130 50 107 
15 204 18 125 60 75 
43 125 55 221 56 236 
39 144 40 134 53 151 
10 75 47 180 64 44 
2 196 19 34 54 149 
27 98 48 98 58 148 
3 76 57 238 61 185 
13 128 33 144 63 239 
7 200 31 78 38 84 
34 206 41 99 49 209 
16 181 42 87 62 1 
26 91 35 111 51 39 
6 26 8 107 24 212 
1 55 37 19 49 21 
9 157 30 208 38 93 
12 34 15 149 27 157 
19 32 32 51 62 107 
14 46 51 21 59 146 
3 207 53 102 60 197 
6 202 31 55 43 217 
5 148 36 99 47 65 
7 98 20 59 23 24 
24 193 30 235 34 205 
12 192 13 19 39 232 
18 52 29 232 35 6 
40 210 57 150 58 153 
2 137 4 52 55 150 
11 102 42 158 50 118 
25 219 33 154 64 129 
17 65 22 196 44 63 
1 103 22 159 63 152 
26 164 56 96 61 74 
16 236 45 144 46 220 
8 183 28 165 54 101 
9 236 21 122 41 145 
37 99 48 94 52 180 
10 174 29 20 33 32 
15 131 20 191 37 170 
24 230 50 16 56 228 
31 193 58 184 59 182 
4 19 39 239 46 43 
27 192 45 61 49 99 
52 242 55 115 57 88 
30 130 51 245 60 81 
25 16 28 222 62 165 
6 8 40 125 47 147 
14 59 16 241 38 76 
5 123 42 64 54 140 
8 106 17 192 19 141 
23 246 35 133 48 149 
2 86 3 197 44 138 
11 231 41 134 61 153 
12 224 21 247 43 77 
10 144 13 237 32 137 
26 42 36 119 53 40 
7 78 63 109 64 42 
1 130 9 75 34 136 
7 119 18 182 53 255 
21 123 36 106 49 5 
28 99 42 196 61 217 
14 61 37 42 63 36 
17 230 52 45 58 160 
9 7 18 146 56 89 
44 26 54 117 64 82 
15 60 29 141 50 160 
2 123 38 189 39 97 
16 231 43 252 51 92 
4 167 11 159 60 45 
30 123 55 78 82 77 125 153 153 74 180 104 218 146 229 174 282 50 320 109 325 191 345 194 396 192 429 41 461 255 507 138 519 131 562 135 584 15 633 17 652 18 675 184 693 184 724 45 746 55 763 103 789 130 
18 195 35 148 94 124 103 112 137 210 182 31 201 154 226 239 283 16 311 167 338 57 377 85 414 75 428 105 471 88 495 199 535 8 557 60 605 105 632 53 644 120 672 43 700 173 709 149 737 196 759 137 783 86 798 123 
15 73 53 65 67 50 114 108 161 173 192 123 212 172 231 75 286 37 305 120 331 197 368 50 417 241 421 220 445 174 501 110 536 105 556 4 607 100 617 197 656 197 680 30 694 24 711 92 739 76 751 207 783 197 
1 187 54 119 80 228 104 113 140 118 175 109 204 111 235 206 259 38 295 146 342 56 379 140 402 193 437 173 473 50 492 77 518 60 563 139 594 227 611 204 661 254 682 232 696 86 711 209 729 226 759 52 773 19 800 167 
7 211 57 57 85 131 119 27 143 61 185 72 197 125 245 202 273 46 302 157 333 6 376 178 413 50 438 111 452 246 492 200 529 219 547 234 590 245 612 247 651 17 677 159 698 160 720 197 727 190 753 148 780 123 
30 248 57 105 65 119 110 81 138 21 166 25 208 16 254 61 286 213 311 211 330 222 371 253 402 38 409 239 458 13 485 166 523 157 573 159 591 9 610 183 655 130 681 35 701 67 715 104 745 26 752 202 778 8 
32 32 54 7 97 82 126 42 136 30 179 143 197 2 225 141 274 82 316 248 332 89 378 17 422 170 427 232 478 158 482 77 535 88 551 236 589 2 639 32 643 147 662 132 687 127 722 161 741 200 754 98 788 78 790 119 
25 16 59 50 87 12 122 114 158 238 167 160 211 216 237 213 257 151 294 118 355 99 370 122 403 7 422 124 465 128 511 198 529 98 570 128 579 196 622 194 646 174 661 118 694 4 714 13 745 107 766 183 781 106 
20 96 42 197 98 199 101 67 155 106 165 253 206 11 234 58 263 168 296 63 330 22 374 178 415 250 437 234 477 242 495 85 541 87 570 194 602 17 609 144 659 189 671 199 695 227 721 31 747 157 767 236 789 75 795 7 
17 225 36 167 82 119 100 129 141 236 184 217 206 181 244 182 287 59 317 13 323 191 368 250 407 184 431 85 467 78 489 42 516 149 571 173 593 90 612 165 661 136 665 135 687 159 710 229 736 75 769 174 786 144 
10 48 38 132 71 33 97 119 154 208 164 42 212 90 251 78 288 41 307 31 344 130 362 230 418 244 431 63 455 224 498 156 532 115 566 226 587 45 632 42 649 74 673 196 698 56 724 223 728 224 760 102 784 231 800 159 
11 101 53 222 74 217 104 54 148 153 187 123 214 179 229 112 266 121 310 254 346 57 372 235 397 216 430 146 453 168 499 33 524 34 555 146 597 166 628 144 641 180 681 57 692 190 720 20 748 34 756 192 785 224 
31 77 40 91 78 130 92 184 157 171 162 71 207 157 239 116 264 17 296 243 340 27 377 175 400 8 425 252 465 71 504 170 543 82 556 75 587 255 626 119 650 117 668 20 688 163 715 118 740 128 756 19 786 237 
29 9 39 52 84 5 94 218 118 23 175 29 220 97 228 124 267 225 315 196 349 187 381 66 412 182 451 21 472 39 489 55 521 54 573 79 584 26 623 145 658 137 671 117 702 32 716 37 726 24 750 46 779 59 793 61 
9 18 59 23 67 236 130 199 136 173 180 158 201 13 230 128 289 233 304 36 341 183 384 132 389 109 415 251 481 41 500 253 538 219 545 204 582 37 630 174 648 202 663 198 704 44 708 242 733 204 748 149 770 131 797 60 
26 120 58 191 100 53 109 106 133 127 179 10 207 45 247 229 271 43 306 91 329 185 366 128 409 213 448 110 473 171 506 177 542 215 575 132 595 117 633 219 659 183 664 240 700 239 705 112 743 181 765 236 779 241 799 231 
24 3 37 57 95 139 118 179 154 145 173 171 217 198 236 178 262 9 290 72 347 17 369 2 391 221 447 84 462 125 506 133 541 63 572 10 582 50 617 56 645 89 668 108 701 212 725 116 732 160 762 65 781 192 794 230 
8 251 48 160 77 228 117 180 158 236 191 104 222 168 254 227 290 3 317 153 324 53 373 151 420 23 444 12 459 236 486 194 522 29 576 138 597 75 616 131 644 19 664 219 702 138 713 123 733 125 757 52 790 182 795 146 
15 190 39 105 85 131 111 185 147 234 159 190 205 210 238 51 271 120 314 163 354 92 357 222 404 164 449 115 463 215 481 201 528 8 548 223 589 225 611 56 660 240 665 233 690 47 719 166 737 34 749 32 781 141 
5 187 50 90 81 66 123 80 149 170 182 127 218 18 243 139 273 143 307 20 335 194 361 198 387 63 420 163 450 138 493 174 539 11 548 200 606 59 620 32 647 150 678 154 699 191 715 110 729 102 754 59 770 191 
25 136 62 124 80 82 112 138 133 7 185 117 209 233 249 70 258 18 303 86 347 100 365 6 406 26 444 166 454 151 487 241 526 6 569 147 596 53 637 84 647 167 674 162 687 165 719 155 726 218 767 122 785 247 791 123 
31 171 63 89 72 116 110 255 134 70 183 105 195 2 249 155 281 72 318 135 336 46 380 139 381 205 441 93 477 141 488 18 531 71 560 6 603 177 636 221 656 29 666 132 705 45 708 236 730 55 762 196 763 159 
3 28 37 210 69 80 106 124 130 1 172 237 208 202 242 200 270 165 313 44 352 104 382 160 398 49 439 240 457 111 501 114 540 8 565 98 586 116 638 141 653 24 677 89 684 105 717 57 728 188 754 24 782 246 
27 238 48 236 86 159 114 248 139 156 178 23 210 160 234 179 272 226 299 71 348 213 366 144 392 144 414 184 456 45 487 128 524 236 568 124 590 173 623 63 643 202 669 170 690 34 707 158 745 212 755 193 771 230 
2 110 40 21 91 150 127 83 148 143 163 134 193 104 230 11 276 173 315 71 323 191 350 100 405 48 450 201 476 189 496 2 518 245 561 253 586 145 640 205 656 53 672 61 698 204 712 137 731 123 761 219 777 16 
8 42 45 8 98 222 103 217 131 150 171 84 198 252 251 96 281 84 313 11 334 196 364 81 405 106 413 183 419 231 508 187 538 205 558 147 599 209 615 225 652 64 674 129 691 112 714 99 744 91 764 164 787 42 
13 234 33 230 84 206 115 65 139 1 176 222 199 140 248 160 284 90 303 92 328 10 360 12 419 105 441 201 476 193 494 107 513 226 562 114 608 222 624 112 655 4 664 3 685 155 711 175 738 98 748 157 774 192 
17 109 61 51 96 250 107 62 137 48 174 212 203 252 216 89 278 121 316 166 343 81 386 213 421 116 434 200 464 10 502 235 520 161 546 191 588 59 610 54 653 248 674 137 692 41 713 170 730 1 766 165 777 222 792 99 
2 152 42 176 81 254 128 205 142 122 168 51 223 182 252 103 258 123 314 25 343 177 351 188 399 142 425 128 460 192 512 90 519 42 549 91 581 91 636 183 655 35 669 223 696 223 718 224 727 167 757 232 769 20 797 141 
21 220 43 103 68 245 119 99 150 47 168 82 202 126 228 109 280 245 291 34 329 195 373 64 408 15 418 193 475 179 507 116 525 78 555 224 603 88 615 238 642 159 668 88 686 45 706 52 747 208 755 235 776 130 
14 166 36 70 78 254 122 71 146 186 164 44 223 100 240 80 259 152 309 112 333 162 360 122 388 253 398 232 472 224 503 38 537 19 576 205 595 102 629 142 648 141 666 212 686 136 723 141 741 78 752 55 772 193 
21 39 46 118 83 46 126 144 160 134 192 82 221 231 232 179 269 112 292 67 320 13 364 61 388 77 424 173 466 88 510 255 520 201 553 18 577 54 634 195 646 159 667 213 695 207 720 91 732 130 749 51 786 137 
20 54 41 159 79 72 99 221 146 94 190 164 202 253 224 62 260 146 318 254 332 34 363 245 391 68 445 109 456 158 498 251 528 170 546 72 600 4 620 191 652 164 676 128 683 210 726 41 740 144 761 154 769 32 
32 11 52 156 93 98 128 123 152 191 176 128 183 227 253 20 283 187 312 188 324 136 358 122 382 8 442 206 452 234 483 39 534 208 552 188 596 188 635 164 657 60 665 191 701 15 723 26 742 206 755 205 789 136 
4 141 33 17 68 111 129 106 153 217 186 60 205 103 236 229 264 172 300 174 355 21 379 197 410 41 440 119 470 155 490 148 523 82 561 82 593 74 631 215 643 60 679 154 703 32 716 129 744 111 757 6 782 133 
23 5 34 115 72 194 123 153 141 122 172 209 210 23 257 133 274 11 310 82 337 64 353 201 404 182 432 69 461 237 497 10 532 162 554 170 583 35 634 32 648 77 682 13 700 12 718 244 731 17 753 99 787 119 791 106 
7 80 52 232 73 126 89 13 144 160 174 84 219 227 250 98 269 132 299 17 344 56 363 84 410 29 449 1 467 38 509 14 527 96 564 103 579 188 624 144 662 15 680 163 688 224 721 44 746 19 768 99 770 170 793 42 
16 11 55 217 71 170 116 51 156 15 188 78 209 205 242 33 276 218 319 61 322 55 348 133 394 100 442 181 469 255 494 186 539 78 545 170 601 74 641 7 651 201 670 175 691 74 710 131 741 84 747 93 779 76 798 189 
29 131 58 117 70 126 108 80 144 240 165 13 196 186 237 123 265 236 297 49 331 55 356 234 396 176 436 139 463 4 505 28 514 254 554 45 585 228 627 227 647 252 666 59 685 90 704 174 735 144 756 232 773 239 798 97 
26 73 60 208 79 176 129 124 149 207 189 177 198 172 253 176 277 1 308 34 346 32 367 233 389 143 412 210 464 60 491 207 537 189 560 245 602 165 637 157 660 30 669 58 697 32 717 115 735 134 758 210 778 125 
27 119 49 150 70 177 102 130 157 207 173 162 214 163 256 254 268 99 289 40 351 156 371 25 416 234 424 124 469 17 503 139 531 127 565 113 578 210 618 44 654 126 676 116 693 97 706 63 742 99 767 145 784 134 
6 182 44 248 75 63 105 59 151 2 189 12 195 7 231 67 263 218 293 140 327 134 378 83 401 127 426 209 479 54 504 128 513 12 559 220 599 143 621 185 644 125 683 180 704 208 719 26 743 87 760 158 780 64 792 196 
19 51 56 119 90 108 95 83 160 11 163 101 213 151 245 38 284 11 297 142 336 57 359 11 395 112 423 124 468 223 490 133 536 36 568 228 578 114 638 44 658 58 663 30 683 42 718 232 734 125 752 217 785 77 799 252 
13 74 38 117 91 74 107 204 138 127 177 116 200 85 232 87 277 213 301 59 356 1 385 252 390 226 426 29 468 158 509 121 533 193 547 255 601 203 628 122 650 114 675 20 702 140 707 202 729 154 762 63 783 138 796 26 
18 28 62 145 75 144 121 49 127 84 191 119 215 247 241 168 260 191 300 138 321 32 383 104 416 7 432 214 466 135 511 85 530 156 564 163 580 86 625 120 653 33 673 174 686 142 722 52 725 145 765 144 774 61 
4 228 34 183 90 204 112 10 155 67 161 97 203 246 233 232 285 60 298 196 349 163 358 100 411 122 438 52 459 234 484 243 517 150 558 172 592 38 619 98 642 152 667 99 688 68 709 4 728 134 765 220 773 43 
28 150 50 14 76 36 115 121 156 119 162 239 204 237 238 19 278 177 291 228 341 59 369 217 397 206 433 132 436 159 474 148 530 217 559 198 598 147 622 5 654 6 684 200 703 92 707 103 736 180 753 65 778 147 
12 12 51 64 99 123 111 254 152 131 169 20 211 138 256 131 282 199 301 254 338 186 387 186 395 4 433 156 455 122 508 187 526 3 572 113 591 52 626 28 641 61 671 237 697 220 712 6 738 98 768 94 782 149 
9 89 63 35 88 95 108 143 135 128 186 33 194 56 227 239 272 223 309 28 326 241 361 166 393 213 443 54 475 17 499 159 542 164 571 61 598 192 621 190 650 175 667 166 694 20 713 145 742 209 746 21 774 99 791 5 
11 5 64 95 76 46 109 53 145 14 170 144 220 110 241 234 261 79 312 255 339 115 374 149 403 229 440 42 458 164 497 98 544 103 574 242 594 62 627 244 660 19 680 190 693 103 712 166 732 107 760 118 771 16 797 160 
3 235 46 197 92 207 117 187 159 235 190 107 216 228 246 138 265 27 288 112 339 119 365 185 401 18 435 4 462 232 483 207 516 204 550 53 606 165 625 49 662 190 682 51 689 248 727 130 744 39 750 21 776 245 799 92 
1 226 60 54 69 179 113 192 124 247 178 4 215 111 252 133 275 22 294 26 345 157 362 225 400 253 423 27 454 19 496 242 544 54 575 171 583 35 639 157 642 80 679 110 699 157 723 102 730 65 768 180 775 242 794 45 
14 250 35 47 66 203 124 174 150 220 188 130 217 229 250 53 266 196 298 8 327 70 357 11 390 75 448 161 470 136 502 205 534 111 567 248 581 255 609 152 646 147 673 29 689 98 708 58 735 151 751 102 787 40 790 255 
22 40 47 123 65 175 113 23 131 149 170 22 219 171 240 131 262 26 304 182 353 151 380 83 407 186 443 115 480 90 482 211 522 219 553 219 592 6 613 95 640 231 670 240 696 8 717 137 737 149 766 101 780 140 796 117 
24 202 61 189 74 44 101 191 134 213 167 65 221 175 255 125 279 132 319 177 335 78 354 241 383 143 439 185 478 247 505 109 527 60 549 197 608 104 616 46 657 104 676 121 697 70 724 84 734 221 759 150 775 115 
28 47 44 109 89 239 106 184 132 63 193 237 226 59 233 34 268 98 306 22 325 41 370 64 393 125 446 100 460 215 500 174 525 122 551 164 607 174 614 221 651 100 679 218 685 33 725 13 734 236 764 96 771 228 795 89 
5 116 47 132 87 58 102 144 147 233 181 41 200 208 244 230 280 149 293 25 342 78 359 16 394 47 434 64 453 98 484 68 514 204 552 116 577 78 614 225 649 52 672 95 689 189 722 220 739 238 758 150 775 88 
23 66 45 25 73 162 116 13 140 85 177 253 213 222 239 227 261 94 305 11 326 104 372 254 408 146 428 69 479 247 488 92 515 161 566 170 600 86 630 205 659 119 678 98 684 119 716 92 738 148 758 153 772 184 794 160 
16 244 41 236 88 63 105 204 143 124 187 165 222 216 247 194 275 240 292 88 328 49 375 123 386 177 446 56 480 72 493 154 533 31 567 125 585 30 631 212 645 198 663 111 690 77 709 38 731 93 750 146 772 182 
19 76 49 94 93 227 125 87 151 201 171 191 224 174 227 181 267 250 279 224 337 8 385 118 406 74 427 99 474 219 512 141 540 250 557 72 604 233 613 22 645 33 678 243 692 203 710 179 733 75 751 197 776 81 800 45 
22 103 51 97 83 132 121 215 135 79 184 39 199 122 235 250 285 255 302 162 322 167 367 8 399 144 435 168 457 118 486 62 521 55 574 228 604 113 629 36 657 216 675 200 703 238 705 226 739 185 764 74 784 153 792 217 
12 254 56 45 66 36 120 182 132 122 166 2 225 164 246 192 287 93 321 94 334 121 375 242 392 76 430 97 451 57 491 60 543 170 563 35 605 188 619 7 649 163 677 172 699 94 706 160 743 1 749 107 777 165 
6 233 43 72 86 109 96 168 145 244 169 23 196 80 243 47 270 30 295 236 350 178 384 58 417 247 447 79 471 248 485 128 517 158 569 78 580 105 635 143 654 118 670 241 695 120 714 110 740 239 763 152 788 109 793 36 
10 235 64 3 77 75 120 39 142 190 181 105 194 220 248 232 255 147 308 70 340 56 352 99 376 30 411 43 429 195 510 150 515 115 550 39 588 167 618 114 658 192 681 209 691 91 721 206 736 44 761 129 788 42 796 82 
