856 120 256
3 17
2 2 2 2 2 2 2 2 2 2 2 2 2 2 2 2 2 2 2 2 2 2 2 2 2 2 2 2 2 2 2 2 2 2 2 2 2 2 2 2 2 2 2 2 2 2 2 2 2 2 2 2 2 2 2 2 2 2 2 2 2 2 2 2 2 2 2 2 2 2 2 2 2 2 2 2 2 2 2 2 2 2 2 2 2 2 2 2 2 2 2 2 2 2 2 2 2 2 2 2 2 2 2 2 2 2 2 2 2 2 2 2 2 2 2 2 2 2 2 2 2 2 2 2 2 2 2 2 2 2 2 2 2 2 2 2 2 2 2 2 2 2 2 2 2 2 2 2 2 2 2 2 2 2 2 2 2 2 2 2 2 2 2 2 2 2 2 2 2 2 2 2 2 2 2 2 2 2 2 2 2 2 2 2 2 2 2 2 2 2 2 2 2 2 2 2 2 2 2 2 2 2 2 2 2 2 2 2 2 2 2 2 2 2 2 2 2 2 2 2 2 2 2 2 2 2 2 2 2 2 2 2 2 2 2 2 2 2 2 2 2 2 2 2 2 2 2 2 2 2 2 2 2 2 2 2 2 2 2 2 2 2 2 2 2 2 2 2 2 2 2 2 2 2 2 2 2 2 2 2 2 2 2 2 2 2 2 2 2 2 2 2 2 2 2 2 2 2 2 2 2 2 2 2 2 2 2 2 2 2 2 2 2 2 2 2 2 2 2 2 2 2 2 2 2 2 2 2 2 2 2 2 2 2 2 2 2 2 2 2 2 2 2 2 2 2 2 2 2 2 2 2 2 2 2 2 2 2 2 2 2 2 2 2 2 2 2 2 2 2 2 2 2 2 2 2 2 2 2 2 2 2 2 2 2 2 2 2 2 2 2 2 2 2 2 2 2 2 2 2 2 2 2 2 2 2 2 2 2 2 2 2 2 2 2 2 2 2 2 2 2 2 2 2 2 2 2 2 2 2 2 2 2 2 2 2 2 2 2 2 2 2 2 2 2 2 2 2 2 2 2 2 2 2 2 2 2 2 2 2 2 2 2 2 2 2 2 2 2 2 2 2 2 2 2 2 2 2 2 2 2 2 2 2 2 2 2 2 2 2 2 2 2 2 2 2 2 2 2 2 2 2 2 2 2 2 2 2 2 2 2 2 2 2 2 2 2 2 2 2 2 2 2 2 2 2 2 2 2 2 2 2 2 2 2 2 2 2 2 2 2 2 2 2 2 2 2 2 2 2 2 2 2 2 2 2 2 2 2 2 2 2 2 2 2 2 2 2 2 2 2 2 2 2 2 2 2 2 2 2 2 2 2 2 2 2 2 2 2 2 2 2 2 2 2 2 2 2 2 2 2 2 2 2 2 2 2 2 2 2 2 2 2 2 2 2 2 2 2 2 2 2 2 2 2 2 2 2 2 2 2 2 2 2 2 2 2 2 2 2 2 2 2 2 2 2 2 2 2 2 2 2 2 2 2 2 2 2 2 2 2 2 2 2 2 2 2 2 2 2 2 2 2 2 2 2 2 2 2 2 2 2 2 2 2 3 3 3 3 3 3 3 3 3 3 3 3 3 3 3 3 3 3 3 3 3 3 3 3 3 3 3 3 3 3 3 3 3 3 3 3 3 3 3 3 3 3 3 3 3 3 3 3 3 3 3 3 3 3 3 3 3 3 3 3 3 3 3 3 3 3 3 3 3 3 3 3 3 3 3 3 3 3 3 3 3 3 3 3 3 3 3 3 3 3 3 3 3 3 3 3 3 3 3 3 3 3 3 3 3 3 3 3 3 3 3 3 3 3 3 3 3 3 3 3 3 3 3 3 3 3 3 3 3 3 3 3 3 3 3 3 3 3 3 3 3 3 3 3 3 3 3 3 3 3 3 3 3 3 3 3 3 3 3 3 3 3 3 3 3 3 3 3 3 3 3 
16 15 16 16 15 16 16 15 16 16 16 16 15 15 15 15 16 16 15 16 16 15 16 16 15 15 16 15 16 15 16 16 15 15 16 16 16 16 16 16 16 15 16 16 16 15 16 15 15 15 16 15 16 16 16 16 15 16 16 16 16 15 15 16 15 16 16 16 16 15 16 15 15 15 15 15 16 16 16 16 16 17 16 16 16 16 16 16 15 16 15 16 16 16 16 16 16 16 16 15 16 15 16 16 17 16 15 16 16 16 15 16 15 16 16 15 16 16 16 16 
2 248 16 18 
44 165 88 214 
54 52 95 149 
7 126 53 151 
8 208 14 84 
32 205 74 104 
103 51 105 94 
61 3 117 222 
28 144 30 40 
67 208 92 50 
43 128 58 23 
79 112 111 128 
21 200 86 41 
52 80 71 249 
47 223 108 142 
23 143 78 57 
39 181 76 37 
99 40 120 141 
15 115 118 222 
3 223 29 11 
13 122 73 138 
50 74 107 204 
45 81 66 147 
26 167 57 114 
17 213 114 114 
60 118 102 104 
5 6 85 231 
36 43 116 52 
19 20 84 47 
75 47 109 4 
25 159 104 243 
41 3 90 166 
20 108 51 78 
77 177 97 165 
89 74 96 125 
9 140 113 96 
59 60 87 45 
83 189 98 18 
18 108 49 79 
68 64 112 221 
94 225 101 112 
62 151 63 143 
4 100 93 242 
38 110 106 45 
6 122 80 35 
22 128 24 26 
33 170 64 103 
37 25 46 26 
40 30 42 58 
12 248 70 135 
10 234 27 68 
48 228 100 115 
34 105 91 58 
81 11 110 214 
35 18 82 217 
55 9 65 27 
31 242 115 50 
56 6 72 8 
11 170 119 34 
1 142 69 16 
47 134 65 87 
90 152 120 103 
27 181 117 138 
6 56 63 125 
73 121 91 125 
103 246 118 27 
46 221 110 158 
1 126 62 34 
24 190 28 127 
12 48 39 108 
88 249 89 197 
40 226 66 38 
67 164 99 1 
106 129 114 192 
41 207 61 92 
38 179 75 44 
86 26 95 23 
14 9 98 108 
4 157 48 244 
83 102 93 74 
42 34 85 38 
25 205 107 176 
15 1 23 136 
32 81 37 75 
7 178 111 93 
19 223 70 138 
20 51 101 248 
58 177 119 144 
5 111 44 17 
29 147 52 124 
30 126 45 4 
80 186 112 107 
55 246 113 35 
2 135 108 185 
72 170 94 239 
26 75 105 75 
82 97 96 122 
64 67 84 137 
21 60 35 107 
36 73 68 60 
33 30 97 20 
51 39 102 208 
71 61 116 72 
16 212 87 254 
18 5 74 213 
50 151 54 239 
60 53 81 195 
9 152 92 236 
34 188 100 231 
49 29 59 216 
77 197 78 233 
22 160 76 47 
31 94 109 185 
56 49 104 49 
11 113 57 118 
43 229 115 7 
3 92 17 95 
8 94 53 1 
69 199 79 62 
10 228 13 5 
18 33 43 219 
32 212 83 5 
76 1 102 237 
37 72 82 143 
41 33 116 236 
80 51 119 122 
27 229 45 19 
33 117 47 68 
50 222 117 17 
72 32 103 20 
70 10 75 49 
65 78 79 216 
23 163 89 98 
73 240 77 41 
20 132 92 18 
98 226 120 12 
74 183 104 231 
3 230 118 151 
11 254 24 186 
5 192 67 49 
34 53 112 182 
8 241 78 156 
16 109 29 210 
52 192 60 144 
40 226 87 228 
7 120 22 156 
42 112 63 10 
13 134 20 55 
28 121 35 186 
9 220 115 242 
25 200 39 205 
58 217 64 190 
84 175 90 102 
14 59 95 20 
85 142 105 249 
56 127 69 14 
1 249 81 28 
55 64 68 211 
21 234 71 11 
4 165 114 221 
51 238 93 135 
54 25 113 193 
38 243 62 190 
96 65 109 43 
6 35 86 240 
53 129 59 120 
44 126 100 65 
36 4 106 88 
97 189 107 240 
17 43 111 41 
15 166 61 140 
31 78 66 159 
2 109 12 118 
46 89 91 86 
19 128 94 149 
26 210 110 148 
10 161 111 147 
30 69 48 229 
36 42 49 230 
35 70 101 84 
88 70 108 242 
69 78 99 93 
50 195 57 72 
56 247 66 124 
85 22 116 112 
6 227 10 218 
77 84 106 54 
46 118 84 68 
114 7 119 25 
37 228 113 18 
24 245 120 234 
93 241 105 113 
21 67 33 5 
98 64 108 48 
30 196 110 169 
39 206 68 172 
53 219 94 33 
61 238 65 109 
72 125 80 29 
49 101 88 66 
52 198 115 243 
23 107 76 180 
9 101 103 156 
27 18 32 24 
2 66 13 79 
4 169 19 96 
18 234 70 194 
17 141 96 105 
42 112 107 217 
43 196 78 77 
48 85 63 83 
67 195 117 122 
40 86 91 89 
44 4 60 219 
12 147 26 64 
14 58 75 84 
95 223 102 158 
3 198 74 153 
83 120 112 116 
57 115 59 183 
81 14 97 129 
29 136 99 226 
15 62 62 140 
5 100 64 134 
1 67 82 176 
7 93 71 249 
38 118 92 212 
11 238 31 68 
25 139 90 221 
22 185 91 60 
8 31 45 25 
100 148 104 64 
28 129 87 46 
58 169 118 110 
43 253 79 253 
34 80 101 106 
41 143 109 152 
16 254 86 57 
55 175 89 92 
54 10 73 89 
47 203 51 10 
13 43 90 208 
23 62 87 134 
70 79 113 93 
63 42 108 221 
32 12 94 242 
52 253 112 175 
35 99 50 223 
24 65 97 34 
73 143 96 103 
77 253 103 131 
26 162 89 22 
11 209 100 211 
58 51 101 241 
56 121 71 114 
33 233 75 73 
57 50 79 240 
19 152 86 55 
31 97 93 34 
14 131 46 164 
74 144 81 133 
44 243 111 95 
34 95 41 88 
66 198 106 108 
15 30 83 113 
28 173 68 45 
6 250 109 121 
2 65 114 152 
102 66 119 182 
20 38 110 102 
54 72 64 48 
17 195 42 120 
40 63 65 128 
59 60 92 179 
3 125 51 45 
29 81 45 71 
5 10 30 104 
25 110 38 84 
7 218 62 129 
69 130 95 24 
104 156 115 149 
18 61 22 70 
4 11 99 230 
1 248 12 18 
67 11 80 132 
6 8 78 248 
83 36 107 32 
10 49 105 252 
47 243 72 190 
48 239 76 148 
21 10 98 31 
22 253 117 92 
52 9 84 87 
49 86 93 175 
113 174 120 84 
53 254 55 206 
36 133 46 108 
8 38 116 212 
16 182 37 229 
39 112 85 161 
88 47 118 203 
60 33 61 70 
82 223 115 218 
9 29 76 1 
27 193 33 89 
67 3 74 106 
48 177 50 205 
56 12 59 209 
77 198 111 111 
28 29 51 48 
80 184 87 223 
19 174 66 197 
65 240 71 198 
24 92 89 221 
34 186 62 173 
38 250 94 238 
20 55 104 6 
13 192 49 183 
11 102 21 245 
23 245 69 248 
1 192 119 219 
92 17 97 28 
2 69 7 154 
25 138 78 112 
68 161 103 98 
95 169 112 21 
108 174 115 183 
26 51 106 134 
15 232 85 135 
45 21 58 81 
30 212 75 236 
42 191 84 53 
37 232 44 192 
43 5 110 170 
99 61 109 6 
29 188 107 23 
3 168 98 85 
4 87 27 6 
35 244 88 106 
55 150 81 135 
53 10 64 180 
36 160 120 94 
90 46 102 101 
8 152 12 132 
91 232 105 42 
32 218 79 19 
57 219 116 206 
31 88 117 18 
18 28 114 166 
63 223 73 103 
47 196 100 233 
72 59 82 34 
60 98 96 241 
40 204 118 235 
10 110 14 130 
5 122 86 28 
9 200 17 95 
16 81 61 93 
39 54 101 70 
41 88 54 90 
51 78 70 86 
58 164 109 72 
56 161 75 170 
64 38 76 34 
73 62 119 30 
48 7 118 18 
39 108 47 228 
24 177 72 253 
10 16 107 187 
15 183 104 34 
1 28 93 228 
8 130 17 158 
13 226 65 7 
4 225 71 157 
9 6 83 93 
53 199 105 46 
21 227 91 136 
80 247 110 79 
14 110 100 107 
5 64 106 41 
97 180 116 43 
62 3 113 72 
25 179 37 109 
69 31 84 184 
92 176 95 45 
33 172 87 5 
54 197 74 14 
55 54 86 219 
34 28 89 83 
27 87 102 191 
61 150 94 222 
88 96 99 48 
19 105 108 152 
46 16 50 165 
6 124 22 215 
59 103 96 100 
66 214 81 164 
35 210 90 236 
36 74 60 142 
43 2 85 225 
26 63 29 154 
41 51 111 145 
2 250 112 212 
7 100 30 226 
12 40 32 162 
44 142 114 21 
23 66 31 208 
52 86 77 204 
20 251 42 216 
11 61 70 69 
68 234 117 195 
28 80 79 99 
40 32 120 40 
8 36 67 195 
3 203 38 170 
18 7 103 96 
36 131 63 22 
57 206 112 244 
45 141 82 211 
16 33 43 45 
4 130 78 156 
77 92 98 123 
30 210 49 242 
69 243 101 108 
12 217 64 35 
91 100 92 86 
98 80 117 200 
53 65 115 201 
15 131 46 52 
32 163 109 97 
20 132 88 126 
39 145 66 82 
80 170 113 172 
14 9 93 93 
27 191 34 122 
28 183 73 215 
17 249 33 205 
77 236 101 146 
29 223 100 107 
10 157 67 255 
16 173 93 2 
70 22 107 107 
9 144 119 73 
87 206 99 125 
38 93 52 73 
19 154 111 185 
90 71 103 185 
40 143 54 61 
5 173 108 133 
83 135 114 126 
50 230 96 201 
86 156 104 172 
7 94 58 14 
48 220 55 172 
51 92 116 191 
37 14 71 250 
26 46 102 216 
25 202 89 203 
21 45 81 195 
3 137 6 33 
1 211 18 127 
56 59 63 178 
41 162 110 51 
45 98 65 101 
13 17 23 69 
61 163 74 150 
24 167 62 6 
57 234 76 103 
78 67 82 117 
49 122 79 152 
31 127 60 103 
22 164 95 243 
94 207 120 236 
44 69 75 179 
11 163 106 196 
84 184 105 254 
35 168 59 161 
2 157 85 72 
68 108 97 89 
42 103 72 126 
47 44 118 226 
39 29 59 91 
35 163 47 102 
1 234 28 130 
43 52 102 217 
25 176 58 170 
73 195 76 67 
64 186 111 69 
63 248 81 6 
34 151 36 149 
16 202 101 17 
33 9 95 12 
12 128 46 225 
41 13 108 130 
14 76 106 34 
69 162 91 205 
62 183 67 147 
8 36 88 184 
52 29 114 35 
53 65 75 93 
89 91 115 44 
44 150 94 91 
20 2 66 225 
57 57 90 201 
56 239 117 100 
60 135 87 198 
9 201 49 154 
22 192 113 131 
100 163 103 28 
42 183 61 45 
18 204 55 104 
21 149 72 118 
11 77 45 45 
74 9 84 107 
23 37 27 232 
82 22 83 194 
10 165 37 51 
2 190 51 54 
32 191 68 103 
96 3 118 128 
7 74 99 39 
92 165 120 233 
54 20 105 73 
4 128 24 88 
71 145 107 19 
3 9 97 239 
70 39 112 165 
26 28 31 75 
19 175 109 147 
85 35 119 26 
13 211 29 52 
40 241 78 76 
6 56 15 175 
50 180 104 160 
79 50 80 174 
98 91 116 87 
38 79 86 70 
17 179 30 38 
5 118 65 185 
33 190 110 44 
48 247 59 242 
29 131 95 46 
57 35 66 186 
70 198 82 172 
13 222 38 148 
22 237 108 46 
48 71 112 156 
31 161 63 46 
100 199 110 138 
18 10 46 162 
69 80 98 7 
9 108 28 13 
6 117 84 214 
15 96 99 71 
14 109 97 57 
43 87 107 253 
49 185 85 130 
7 183 32 45 
5 50 87 104 
76 121 80 46 
36 3 119 41 
35 20 111 121 
4 45 96 122 
12 3 72 190 
25 220 93 231 
47 85 73 35 
89 153 117 236 
94 176 118 237 
62 101 78 106 
58 132 92 77 
41 124 114 67 
71 224 106 234 
67 173 75 136 
10 47 81 100 
19 98 60 240 
17 201 68 189 
39 150 54 26 
26 97 120 84 
83 142 90 172 
61 91 88 73 
102 182 109 120 
34 77 64 3 
53 252 77 121 
8 5 101 107 
56 96 105 221 
11 61 74 54 
23 15 44 160 
2 213 45 174 
42 227 113 219 
40 203 52 116 
1 92 3 49 
30 42 103 168 
65 150 115 85 
24 224 37 145 
86 247 116 3 
20 49 21 52 
51 254 91 133 
27 10 104 125 
16 91 50 191 
55 164 101 227 
4 51 79 46 
5 220 68 90 
46 39 79 5 
56 5 120 64 
45 183 89 9 
86 121 114 198 
94 213 112 153 
28 118 85 52 
48 111 90 101 
40 123 53 251 
14 99 80 248 
51 154 54 69 
30 1 47 210 
57 97 75 171 
16 3 91 96 
65 176 77 115 
34 119 71 87 
32 162 108 215 
25 246 111 65 
31 30 84 210 
1 155 13 201 
55 246 107 3 
3 46 35 191 
95 71 115 10 
44 110 92 56 
36 85 67 20 
9 186 27 252 
21 151 99 236 
7 166 93 46 
64 97 96 12 
20 97 117 251 
66 79 100 105 
23 60 70 203 
49 146 109 87 
58 94 116 142 
8 92 76 237 
17 64 43 174 
50 128 119 67 
2 231 81 14 
37 181 73 2 
61 166 106 179 
22 37 82 210 
12 40 118 180 
38 26 69 167 
41 151 104 17 
6 241 26 178 
59 92 103 51 
11 76 39 252 
29 193 78 226 
10 12 52 129 
83 244 110 34 
15 97 19 81 
18 59 42 206 
33 230 88 234 
102 28 113 237 
97 140 105 234 
24 136 60 127 
62 252 98 45 
63 226 87 111 
72 131 74 248 
37 107 98 224 
30 211 97 231 
73 153 99 118 
10 46 61 128 
38 130 119 77 
41 239 93 166 
75 204 85 212 
89 31 114 137 
43 171 54 10 
81 51 103 72 
29 20 111 87 
87 154 94 219 
53 228 60 73 
26 235 82 8 
18 100 25 115 
27 43 116 134 
14 136 96 102 
76 132 107 53 
3 219 31 94 
2 112 79 31 
4 131 115 167 
9 93 47 148 
49 192 101 213 
55 17 106 147 
110 173 118 10 
80 142 88 72 91 151 
24 109 59 96 86 254 
35 210 42 138 67 63 
57 22 77 126 113 29 
7 195 33 5 90 1 
36 45 45 246 69 207 
58 250 105 226 112 44 
12 30 22 85 104 146 
34 235 50 205 72 188 
15 179 17 9 71 146 
1 65 19 236 117 39 
17 124 100 47 120 152 
28 218 56 181 64 186 
5 137 46 171 109 147 
44 32 51 12 63 2 
21 104 32 17 78 52 
26 231 48 165 74 139 
39 5 62 54 84 239 
6 181 20 104 60 242 
11 63 92 173 108 145 
16 142 36 102 70 25 
8 153 13 95 56 112 
59 129 65 72 102 84 
23 142 47 19 52 145 
24 65 66 179 83 203 
25 156 28 76 95 253 
40 91 68 218 93 31 
49 203 71 87 95 75 
21 172 41 252 76 217 
31 253 103 42 107 194 
10 32 51 172 89 217 
12 248 61 137 92 25 
30 68 98 20 119 146 
19 83 73 29 110 37 
14 167 63 104 65 20 
72 151 102 54 111 255 
2 83 35 7 109 5 
38 193 54 217 100 26 
67 226 97 63 115 254 
69 72 85 228 96 220 
38 181 83 254 88 19 
32 152 50 167 52 63 
79 71 86 67 118 181 
18 141 27 203 80 35 
22 57 75 49 101 83 
4 90 42 206 58 64 
31 116 113 162 114 23 
16 1 66 54 84 191 
20 86 37 108 64 149 
29 182 46 202 94 118 
13 229 45 217 62 171 
74 20 87 51 116 174 
5 157 9 204 78 108 
33 131 55 167 82 89 
8 219 37 245 112 76 
44 220 90 190 117 55 
11 146 40 160 111 194 
17 3 70 244 81 222 
43 172 99 147 106 101 
23 99 86 12 105 8 
3 71 7 66 36 12 
1 203 15 224 57 91 
6 174 30 22 34 192 
77 149 91 182 104 246 
39 207 79 14 120 175 
68 193 99 131 108 140 
53 228 69 153 110 14 
10 244 48 129 69 199 
32 117 59 113 106 250 
44 72 74 134 107 54 
15 38 51 96 53 77 
18 209 56 160 60 113 
7 237 9 106 26 7 
48 90 101 80 114 98 
27 208 43 214 63 235 
67 70 93 24 94 127 
28 134 61 159 100 25 
2 206 78 48 117 18 
14 2 40 176 58 160 
24 96 54 144 82 115 
52 62 55 7 85 94 
50 212 65 230 92 238 
23 202 41 145 119 193 
3 229 5 21 73 249 
8 91 19 199 103 52 
25 55 108 213 112 214 
75 1 84 34 89 34 
11 224 62 228 96 154 
12 201 81 13 87 233 
33 242 49 8 72 86 
42 3 64 131 83 91 
16 225 47 134 97 11 
35 14 66 231 80 144 
46 3 76 140 113 18 
39 178 90 175 109 170 
4 243 57 230 91 182 
34 18 105 217 118 8 
88 9 102 94 116 169 
29 97 59 125 120 41 
68 225 70 114 98 238 
1 252 47 144 106 190 
45 93 93 162 104 40 
13 117 21 134 22 102 
20 7 77 107 105 219 
6 100 66 235 95 74 
71 159 115 118 120 200 
18 210 89 252 92 40 
6 182 11 197 94 103 
29 193 63 4 84 11 
56 58 58 206 81 75 
21 80 70 125 88 209 
43 21 44 9 45 60 
39 10 60 23 91 140 
15 255 35 254 49 134 
37 168 85 127 115 83 
23 163 100 160 109 120 
17 149 104 237 110 79 
22 245 31 130 116 204 
26 71 33 163 108 85 
7 201 61 196 75 225 
5 255 10 180 57 4 
32 50 95 185 119 105 
36 73 54 18 78 16 
1 185 64 55 107 217 
38 219 65 42 76 53 
30 113 40 143 80 52 
4 216 9 70 14 179 
42 230 86 182 117 215 
67 182 68 41 102 134 
72 237 114 190 118 240 
13 96 74 146 82 38 
34 191 83 138 87 75 
25 237 48 19 53 115 
55 237 77 82 95 199 
2 23 19 50 24 48 
90 200 111 105 115 28 
8 3 50 213 73 236 
27 68 69 233 113 101 
52 67 99 226 105 67 
28 179 98 72 114 29 
46 254 47 155 101 225 
16 188 96 54 103 41 
51 51 62 171 120 229 
3 126 41 74 55 37 
20 199 79 30 97 72 
12 163 71 100 112 142 
24 124 29 105 80 13 
27 200 90 90 106 155 
53 236 79 100 82 124 
4 111 38 212 98 115 
97 23 109 115 118 89 
36 178 86 118 101 18 
9 187 10 93 94 36 
12 163 43 136 96 219 
51 227 58 168 103 6 
11 117 56 21 93 46 
71 166 104 141 108 211 
32 120 35 62 60 220 
45 22 87 124 110 191 
7 16 44 94 85 251 
23 204 54 138 67 95 
37 204 41 27 83 148 
1 239 68 135 88 141 
21 189 59 110 84 79 
66 36 82 8 92 14 
3 98 18 165 39 248 
64 255 99 11 117 121 
61 29 77 177 81 17 
6 193 31 219 112 63 
17 63 78 117 105 129 
20 94 40 247 119 59 
60 142 68 126 157 249 225 67 284 248 321 192 371 28 461 211 484 234 591 92 621 155 696 65 747 203 786 252 809 185 848 239 
1 248 94 135 173 109 205 66 268 65 323 69 403 250 478 157 518 190 588 213 639 231 680 112 722 83 763 206 820 23 
20 223 117 92 138 230 218 198 275 125 337 168 415 203 460 137 526 9 591 49 623 46 679 219 746 71 769 229 829 126 851 98 
43 100 79 157 160 165 206 169 283 11 338 87 374 225 421 130 524 128 563 45 601 51 681 131 731 90 781 243 812 216 835 111 
27 6 89 111 140 192 224 100 277 10 356 122 380 64 449 173 539 118 559 50 602 220 699 137 738 157 769 21 806 255 
45 122 64 56 165 35 186 227 267 250 286 8 395 124 460 33 533 56 553 117 646 241 704 181 748 174 790 100 793 182 854 193 
4 126 85 178 146 120 226 93 279 218 323 154 404 100 453 94 521 74 558 183 629 166 690 195 746 66 758 237 805 201 845 16 
5 208 118 94 142 241 231 31 298 38 344 152 372 130 414 36 498 36 584 5 636 92 707 153 740 219 770 91 822 3 
36 140 108 152 150 220 203 101 304 29 357 200 375 6 443 144 507 201 552 108 627 186 682 93 738 204 758 106 812 70 838 187 
51 234 120 228 177 161 186 218 288 49 355 110 369 16 440 157 517 165 574 47 650 12 664 46 716 32 753 244 806 180 838 93 
59 170 115 113 139 254 228 238 253 209 319 102 410 61 475 163 513 77 586 61 648 76 705 63 742 146 773 224 793 197 841 117 
50 248 70 48 173 118 215 147 284 18 344 132 405 40 425 217 493 128 564 3 643 40 693 30 717 248 774 201 831 163 839 163 
21 122 120 5 148 134 205 79 242 43 318 192 373 226 465 17 531 211 545 222 621 201 707 95 736 229 788 117 816 96 
5 84 78 9 154 59 216 58 260 131 355 130 379 110 434 9 495 76 555 109 611 99 677 136 720 167 764 2 812 179 
19 115 83 1 171 166 223 62 265 30 329 232 370 183 429 131 533 175 554 96 652 97 695 179 747 224 756 38 799 255 
1 18 104 212 143 109 238 254 299 182 358 81 420 33 441 173 491 202 599 91 615 3 706 142 733 1 777 225 827 188 
25 213 117 95 170 43 208 141 272 195 357 95 372 158 437 249 538 179 576 201 637 64 695 9 697 124 743 3 802 149 855 63 
39 108 105 5 121 33 207 234 282 61 349 28 416 7 461 127 511 204 550 10 653 59 675 100 729 141 757 209 792 210 851 165 
29 20 86 223 175 128 206 96 258 152 312 174 393 105 446 154 529 175 575 98 652 81 696 236 719 83 770 199 820 50 
33 108 87 51 135 132 148 55 270 38 317 55 409 251 431 132 503 2 596 49 631 97 704 104 734 86 789 7 830 199 856 94 
13 200 99 60 159 234 193 67 291 10 319 245 377 227 459 45 512 149 596 52 628 151 701 104 714 172 788 134 796 80 849 189 
46 128 112 160 146 156 230 185 282 70 292 253 395 215 472 164 508 192 546 237 642 37 693 85 730 57 788 102 803 245 
16 143 83 136 133 163 202 107 243 62 320 245 407 66 465 69 515 37 587 15 633 60 709 142 745 99 768 202 801 163 846 204 
46 26 69 190 139 186 191 245 249 65 314 92 368 177 467 167 524 88 594 224 657 136 687 109 710 65 765 96 820 48 832 124 
31 159 82 205 151 200 229 139 278 110 324 138 383 179 458 202 486 176 565 220 619 246 675 115 711 156 771 55 818 237 
24 167 96 75 176 210 215 64 252 162 328 51 401 63 457 46 528 28 578 97 646 178 674 235 702 231 758 7 804 71 
51 68 63 181 127 229 204 18 305 193 338 6 390 87 435 191 515 232 598 10 627 252 676 43 729 203 760 208 823 68 833 200 
9 144 69 127 149 121 233 129 266 173 310 29 412 80 436 183 484 130 552 13 608 118 698 218 711 76 762 134 825 179 
20 11 90 147 143 210 222 136 276 81 336 188 401 154 439 223 531 52 542 131 649 193 671 20 735 182 784 97 794 193 832 105 
9 40 91 126 178 69 195 196 277 104 331 212 404 226 423 210 538 38 592 42 613 1 662 211 718 68 748 22 811 113 
57 242 113 94 172 78 228 68 259 97 348 88 407 208 471 127 528 75 548 161 620 30 679 94 715 253 732 116 803 130 854 219 
6 205 84 81 122 212 204 24 246 12 346 218 405 162 430 163 519 191 558 45 618 162 701 17 727 152 754 117 807 50 843 120 
47 170 101 30 128 117 193 5 256 233 305 89 386 172 437 205 492 9 540 190 654 230 690 5 739 131 775 242 804 163 
53 105 109 188 141 53 236 80 263 95 315 186 389 28 435 122 490 151 582 77 617 119 694 235 748 192 782 18 817 191 
55 18 99 107 149 186 180 70 248 99 339 244 398 210 477 168 483 163 562 20 623 191 688 210 722 7 778 14 799 254 843 62 
28 43 100 73 168 4 179 42 297 133 342 160 399 74 417 131 490 149 561 3 626 85 691 45 706 102 746 12 808 73 837 178 
48 25 84 75 124 72 190 228 299 229 333 232 383 109 456 14 517 51 594 145 640 181 661 107 734 108 740 245 800 168 847 204 
44 110 76 179 163 243 227 118 278 84 316 250 415 170 445 93 537 79 545 148 644 26 665 130 723 193 726 181 810 219 835 212 
17 181 70 108 151 205 196 206 300 112 359 54 367 108 432 145 482 29 577 150 648 252 703 5 750 207 780 178 798 10 851 248 
49 30 72 226 145 226 213 86 273 63 354 204 413 32 448 143 532 241 590 203 610 123 712 91 742 160 764 176 811 143 856 247 
32 3 75 207 125 33 237 143 263 88 360 88 402 51 463 162 494 13 571 124 645 151 666 239 714 252 768 145 829 74 847 27 
49 58 81 34 147 112 209 112 272 120 332 191 409 216 480 103 510 183 589 227 653 206 688 138 731 206 776 3 813 230 
11 128 116 229 121 219 210 196 235 253 334 5 400 2 420 45 485 52 556 87 637 174 669 171 744 172 760 214 797 21 839 136 
2 165 89 17 167 126 214 4 262 243 333 192 406 142 474 69 502 150 587 160 625 110 700 32 741 220 755 72 797 9 845 94 
23 81 91 4 127 19 231 25 276 71 330 21 419 141 464 98 513 45 588 174 605 183 691 246 736 217 787 93 797 60 844 22 
48 26 67 221 174 89 188 118 260 164 297 108 394 16 429 52 493 225 550 162 603 39 699 171 735 202 779 3 826 254 
15 223 61 134 128 68 241 203 289 243 351 196 367 228 481 44 483 102 566 85 613 210 682 148 709 19 777 134 786 144 826 155 
52 228 79 244 178 229 211 85 290 239 307 177 366 7 454 220 541 247 547 71 609 111 702 165 753 129 759 90 818 19 
39 79 110 29 179 230 200 101 294 86 318 183 423 242 470 122 507 154 557 185 634 146 683 192 713 203 775 8 799 134 
22 74 106 151 129 222 183 195 248 223 307 205 394 165 451 230 534 180 599 191 638 128 694 205 727 167 767 212 822 213 
33 78 102 39 161 238 241 10 275 45 310 48 361 78 455 92 518 54 597 254 612 154 700 12 716 172 756 96 828 51 840 227 
14 80 90 124 144 192 201 198 247 253 293 9 408 86 445 73 499 29 590 116 650 129 709 145 727 63 766 62 824 67 
4 151 118 1 166 129 197 219 296 254 341 10 376 199 428 65 500 65 583 252 610 251 673 228 752 228 756 77 818 115 834 236 
3 52 106 239 162 25 240 10 271 72 360 90 387 197 448 61 523 20 577 26 612 69 669 10 723 217 765 144 808 18 846 138 
56 9 93 246 158 64 239 175 296 206 340 150 388 54 454 172 511 104 600 164 622 246 684 17 739 167 766 7 819 237 829 37 
58 6 114 49 156 127 184 247 255 121 308 12 363 161 462 59 505 239 585 96 604 5 698 181 707 112 757 160 795 58 841 21 
24 114 115 118 183 72 220 115 257 50 347 219 418 206 468 234 504 57 543 35 614 97 689 22 747 91 781 230 806 4 
11 23 88 177 152 217 234 169 254 51 330 81 362 164 453 14 486 170 570 132 635 94 692 250 731 64 764 160 795 206 840 168 
37 60 110 216 166 120 220 183 274 60 308 209 396 103 477 161 482 91 541 242 647 92 687 96 708 129 754 113 784 125 849 110 
26 118 107 53 144 144 214 219 302 33 353 98 399 142 471 103 506 135 575 240 657 127 673 73 704 242 757 113 798 23 843 220 
8 3 75 92 171 140 198 238 302 70 358 93 391 150 466 163 510 45 580 91 641 166 664 128 717 137 762 159 805 196 853 29 
42 151 68 34 163 190 223 140 279 129 315 173 382 3 467 6 497 183 569 101 658 252 703 54 736 171 773 228 828 171 
42 143 64 125 147 10 211 83 245 42 350 223 417 22 462 178 489 248 548 46 659 226 700 2 720 104 760 235 794 4 
47 103 98 67 152 190 224 134 271 48 341 180 364 38 425 35 488 186 582 3 630 97 698 186 734 149 776 131 809 55 852 255 
56 27 61 87 132 78 198 109 273 128 313 240 373 7 464 101 539 185 593 150 616 176 708 72 720 20 767 230 810 42 
23 147 72 38 172 159 184 124 264 198 312 197 397 214 432 82 503 225 543 186 632 79 710 179 733 54 778 231 790 235 850 36 
10 208 73 164 140 49 212 195 285 11 306 3 414 195 440 255 497 147 573 173 626 20 688 63 724 226 761 70 814 182 846 95 
40 64 100 60 158 211 196 172 266 45 325 161 411 234 479 108 519 103 576 189 602 90 712 218 751 193 785 225 814 41 848 135 
60 16 119 199 156 14 182 78 280 130 320 248 384 31 424 243 496 162 551 80 644 167 691 207 725 72 752 153 753 199 823 233 
50 135 86 138 131 10 207 194 244 79 361 86 410 69 442 22 527 39 544 198 633 203 706 25 743 244 785 114 796 125 
14 249 103 61 159 11 226 249 255 114 313 198 374 157 456 250 525 145 572 224 617 87 695 146 713 87 791 159 831 100 842 166 
58 8 95 170 130 32 199 125 289 190 352 59 368 253 480 126 512 118 564 190 660 131 694 188 721 151 775 86 815 237 
21 138 65 121 134 240 240 89 250 143 350 103 365 62 436 215 487 195 566 35 640 2 663 153 719 29 769 249 822 236 
6 104 105 213 137 183 218 153 261 144 306 106 387 14 466 150 514 9 586 54 660 248 702 139 737 20 755 134 816 146 
30 47 76 44 131 49 216 84 256 73 331 236 363 170 474 179 500 93 573 136 614 171 667 204 730 49 772 1 805 225 
17 37 112 47 123 1 202 180 290 148 304 1 364 34 468 103 487 67 560 121 636 237 678 132 714 217 779 140 810 53 
34 177 111 197 134 41 187 84 251 253 309 198 408 204 422 92 438 236 583 121 616 115 689 126 749 149 789 107 819 82 853 177 
16 57 111 233 142 156 210 77 286 248 324 112 421 156 469 67 532 76 569 106 649 226 701 52 738 108 763 48 808 16 855 117 
12 112 119 62 132 216 235 253 257 240 346 19 412 99 470 152 535 50 601 46 603 5 680 31 728 71 750 14 830 30 834 100 
45 35 92 186 126 51 199 29 285 132 311 184 378 247 433 170 535 174 560 46 611 248 686 142 729 35 778 144 811 52 832 13 
54 11 107 195 157 28 221 14 261 133 340 135 397 164 459 195 489 6 574 100 639 14 670 51 743 222 774 13 795 75 853 17 
55 217 97 97 124 143 225 176 303 223 352 34 419 211 469 117 516 22 544 172 642 210 674 8 739 89 765 115 816 38 834 124 850 8 
38 189 80 102 122 5 219 120 265 113 287 36 375 93 450 135 516 194 579 142 651 244 710 203 726 254 776 91 817 138 847 148 
29 47 98 137 153 175 188 68 293 87 332 53 384 184 476 184 514 107 553 214 620 210 703 239 733 191 772 34 794 11 849 79 
27 231 81 38 155 142 185 22 300 161 329 135 400 225 478 72 530 35 557 130 608 52 667 212 725 228 766 94 800 127 845 251 
13 41 77 26 165 240 238 57 258 55 356 28 388 219 452 156 537 70 595 247 606 121 687 254 728 67 745 12 813 182 837 118 
37 45 104 254 145 228 233 46 243 134 311 223 386 5 444 206 506 198 559 104 659 111 672 154 737 51 774 233 817 75 844 124 
2 214 71 249 181 70 200 66 301 47 339 106 392 96 431 126 498 184 580 73 654 234 686 72 726 19 783 9 796 209 848 141 
35 74 71 197 133 98 239 92 252 22 314 221 389 83 458 203 501 91 567 153 605 9 668 31 716 217 772 34 792 252 
32 166 62 152 153 102 229 221 242 208 343 46 398 236 447 71 504 201 579 172 609 101 690 1 741 190 780 175 821 200 833 90 
53 58 65 125 174 86 213 89 230 60 345 232 377 136 426 100 496 205 597 133 615 96 686 151 749 182 781 182 798 140 
10 50 108 236 135 18 227 212 274 179 322 17 385 176 426 86 522 165 570 77 625 56 705 173 717 25 767 238 792 40 850 14 
43 242 80 74 161 135 192 241 259 34 294 175 371 228 434 93 441 2 565 231 629 46 666 166 712 31 761 24 787 162 841 46 
41 225 95 239 175 149 197 33 246 242 316 238 391 222 473 207 502 91 568 176 607 213 672 219 735 118 761 127 793 103 838 36 
3 149 77 23 154 20 217 223 280 24 326 169 385 45 472 243 492 12 542 46 624 71 711 253 713 75 790 74 807 185 819 199 
35 125 97 122 164 65 208 105 250 103 353 241 396 100 451 201 520 3 563 122 630 12 677 102 725 220 773 154 827 54 839 219 
34 165 101 20 169 189 221 129 249 34 322 28 381 180 479 89 526 239 555 57 656 140 662 231 724 63 777 11 830 72 836 23 
38 18 78 108 136 226 194 64 291 31 337 85 422 123 427 80 536 91 551 7 658 45 661 224 718 20 785 238 825 72 835 115 
18 40 73 1 182 93 222 226 283 230 335 61 392 48 444 125 521 39 554 71 628 236 663 118 744 147 751 131 824 226 852 11 
52 115 109 231 167 65 232 148 253 211 351 233 379 107 439 107 509 163 549 199 632 105 697 47 723 26 762 25 801 160 
41 112 87 248 180 84 236 106 254 241 359 70 424 108 438 146 491 17 584 107 600 227 683 213 730 83 759 80 826 225 837 18 
26 104 102 208 123 237 217 158 269 66 343 101 390 191 457 216 485 217 581 182 655 28 708 84 721 54 783 94 814 134 
7 51 66 246 130 20 203 156 251 131 325 98 416 96 447 185 509 28 592 168 647 51 670 72 715 42 770 52 827 41 840 6 
31 243 114 49 137 231 232 64 281 156 317 6 370 34 452 172 534 160 598 125 645 17 693 146 749 246 787 40 802 237 842 141 
7 94 96 75 155 249 192 113 288 252 345 42 376 46 476 254 523 73 585 221 656 234 692 226 745 8 782 217 789 219 824 67 855 129 
44 45 74 129 168 88 187 54 264 108 328 134 380 41 475 196 495 34 572 234 641 179 684 147 744 101 754 250 786 190 833 155 
22 204 82 176 169 240 209 217 287 32 336 23 369 187 442 107 525 19 556 253 622 3 678 53 715 194 755 54 809 217 
15 142 94 185 181 242 194 48 245 221 327 174 393 152 449 133 494 130 546 46 618 215 705 145 751 140 771 213 804 85 842 211 
30 4 113 185 164 43 237 152 267 121 335 6 362 72 430 97 529 147 581 120 634 87 699 147 722 5 780 170 801 120 836 115 
54 214 67 158 176 148 195 169 270 102 334 170 378 79 463 51 540 44 549 138 651 34 685 173 719 37 752 14 802 79 844 191 
12 128 85 93 170 41 177 147 262 95 309 111 402 145 446 185 488 69 562 121 619 65 671 87 721 255 742 194 821 105 
40 221 92 107 141 182 219 116 247 175 326 21 403 212 418 244 527 165 547 156 607 153 692 44 740 76 771 214 831 142 854 63 
36 96 93 35 162 193 190 18 244 93 295 174 382 72 433 172 508 131 589 219 655 237 689 29 732 162 779 18 823 101 
25 114 74 192 160 221 189 7 268 152 349 166 406 21 450 126 499 35 571 67 606 198 668 137 732 23 759 98 815 190 825 29 
57 50 116 7 150 242 201 243 281 149 303 218 327 183 428 201 501 44 593 85 624 10 681 167 724 254 791 118 800 83 821 28 
28 52 103 72 125 236 185 112 298 212 347 206 381 43 455 191 536 87 595 3 635 142 676 134 737 174 783 169 803 204 
8 222 63 138 129 17 212 122 292 92 348 18 411 195 427 200 505 100 567 236 631 251 696 39 741 55 763 18 813 215 852 121 
19 222 66 27 138 151 234 110 301 203 354 235 366 18 481 226 520 128 568 237 643 180 685 10 728 181 782 8 815 240 836 89 
59 34 88 144 126 122 189 25 269 182 321 219 365 30 443 73 530 26 561 41 638 67 665 77 718 146 768 193 807 105 856 59 
18 141 62 103 136 12 191 234 295 84 342 94 413 40 473 236 522 233 578 84 604 64 697 152 750 175 784 41 791 200 828 229 
