739 3 256
3 542
2 2 2 2 2 2 2 2 2 2 2 2 2 2 2 2 2 2 2 2 2 2 2 2 2 2 2 2 2 2 2 2 2 2 2 2 2 2 2 2 2 2 2 2 2 2 2 2 2 2 2 2 2 2 2 2 2 2 2 2 2 2 2 2 2 2 2 2 2 2 2 2 2 2 2 2 2 2 2 2 2 2 2 2 2 2 2 2 2 2 2 2 2 2 2 2 2 2 2 2 2 2 2 2 2 2 2 2 2 2 2 2 2 2 2 2 2 2 2 2 2 2 2 2 2 2 2 2 2 2 2 2 2 2 2 2 2 2 2 2 2 2 2 2 2 2 2 2 2 2 2 2 2 2 2 2 2 2 2 2 2 2 2 2 2 2 2 2 2 2 2 2 2 2 2 2 2 2 2 2 2 2 2 2 2 2 2 2 2 2 2 2 2 2 2 2 2 2 2 2 2 2 2 2 2 2 2 2 2 2 2 2 2 2 2 2 2 2 2 2 2 2 2 2 2 2 2 2 2 2 2 2 2 2 2 2 2 2 2 2 2 2 2 2 2 2 2 2 2 2 2 2 2 2 2 2 2 2 2 2 2 2 2 2 2 2 2 2 2 2 2 2 2 2 2 2 2 2 2 2 2 2 2 2 2 2 2 2 2 2 2 2 2 2 2 2 2 2 2 2 2 2 2 2 2 2 2 2 2 2 2 2 2 2 2 2 2 2 2 2 2 2 2 2 2 2 2 2 2 2 2 2 2 2 2 2 2 2 2 2 2 2 2 2 2 2 2 2 2 2 2 2 2 2 2 2 2 2 2 2 2 2 2 2 2 2 2 2 2 2 2 2 2 2 2 2 2 2 2 2 2 2 2 2 2 2 2 2 2 2 2 2 2 2 2 2 2 2 2 2 2 2 2 2 2 2 2 2 2 2 2 2 2 2 2 2 2 2 2 2 2 2 2 2 2 2 2 2 2 2 2 2 2 2 2 2 2 2 2 2 2 2 2 2 2 2 2 2 2 2 2 2 2 2 2 2 2 2 2 2 2 2 2 2 2 2 2 2 2 2 2 2 2 2 2 2 2 2 2 2 2 2 2 2 2 2 2 2 2 2 2 2 2 2 2 2 2 2 2 2 2 2 2 2 2 2 2 2 2 2 2 2 2 2 2 2 2 2 2 2 2 2 2 2 2 2 2 2 2 2 2 2 2 2 2 2 2 2 2 2 2 2 2 2 2 2 2 2 2 2 2 2 2 2 2 2 2 2 2 2 2 2 2 2 2 2 2 2 2 2 2 2 2 2 2 2 2 2 2 2 2 2 2 2 2 2 2 2 2 2 2 3 3 3 3 3 3 3 3 3 3 3 3 3 3 3 3 3 3 3 3 3 3 3 3 3 3 3 3 3 3 3 3 3 3 3 3 3 3 3 3 3 3 3 3 3 3 3 3 3 3 3 3 3 3 3 3 3 3 3 3 3 3 3 3 3 3 3 3 3 3 3 3 3 3 3 3 3 3 3 3 3 3 3 3 3 3 3 3 3 3 3 3 3 3 3 3 3 3 3 3 3 3 3 3 3 3 3 3 3 3 3 3 3 3 3 3 3 3 3 3 3 3 3 3 3 3 3 3 3 3 3 3 3 3 3 3 3 3 3 3 3 3 3 3 3 3 3 3 
542 542 542 
2 244 3 209 
1 185 2 123 
1 72 3 216 
1 124 2 96 
2 93 3 41 
1 124 3 164 
1 143 2 131 
1 190 3 223 
2 170 3 182 
1 161 2 183 
2 16 3 72 
1 120 3 7 
1 209 2 172 
2 116 3 172 
1 108 3 97 
1 146 2 25 
2 254 3 173 
1 59 3 44 
2 108 3 89 
1 74 2 38 
1 180 3 145 
1 3 2 245 
2 157 3 120 
1 50 3 120 
1 156 2 207 
1 75 3 158 
2 184 3 99 
1 193 3 53 
2 27 3 46 
1 77 2 207 
2 128 3 23 
1 60 3 194 
1 222 2 51 
2 219 3 235 
1 246 2 55 
1 182 3 70 
2 228 3 19 
1 188 2 83 
1 230 3 248 
1 209 3 59 
2 254 3 146 
1 36 2 64 
1 176 3 101 
1 154 2 112 
2 249 3 224 
2 148 3 63 
1 98 2 6 
1 104 3 13 
1 175 3 16 
2 254 3 12 
1 155 2 23 
1 156 3 177 
1 163 2 194 
2 31 3 58 
2 134 3 79 
1 25 2 165 
1 125 3 32 
1 92 3 54 
2 228 3 67 
1 109 2 111 
2 255 3 85 
1 34 3 178 
1 134 2 83 
2 184 3 132 
1 130 2 75 
1 239 3 65 
2 231 3 248 
1 103 3 129 
1 180 2 254 
2 237 3 193 
1 221 2 163 
1 34 3 242 
1 199 3 192 
1 178 2 25 
2 244 3 130 
2 19 3 129 
1 161 3 159 
1 102 2 116 
1 129 3 253 
2 19 3 132 
1 191 2 233 
2 232 3 16 
1 151 3 208 
1 20 2 190 
1 189 2 38 
2 58 3 135 
1 90 3 104 
1 198 2 21 
1 75 3 31 
2 12 3 12 
1 246 2 26 
2 103 3 194 
1 251 3 199 
2 209 3 154 
1 236 2 230 
1 126 3 160 
1 11 3 70 
1 190 2 212 
2 158 3 232 
1 208 3 170 
2 124 3 134 
1 27 2 236 
1 119 3 200 
2 224 3 211 
1 63 2 204 
1 240 3 35 
1 83 2 2 
2 187 3 120 
1 140 2 186 
2 142 3 157 
1 234 3 246 
1 153 2 186 
1 63 3 24 
2 220 3 207 
2 61 3 84 
1 240 3 199 
1 158 2 203 
2 212 3 123 
1 79 2 221 
1 159 3 141 
1 196 2 12 
2 207 3 72 
1 41 3 106 
1 4 3 239 
2 130 3 99 
1 123 2 19 
1 90 2 160 
2 201 3 108 
1 91 3 76 
1 16 2 15 
2 121 3 184 
1 85 3 124 
1 74 2 177 
1 30 3 221 
2 125 3 202 
1 190 3 193 
2 82 3 111 
1 233 2 207 
2 134 3 65 
1 31 3 35 
1 93 2 161 
2 38 3 30 
1 241 2 79 
1 207 3 217 
1 102 2 162 
1 43 3 44 
2 49 3 112 
1 54 2 17 
1 145 3 224 
2 69 3 171 
2 55 3 126 
1 179 2 2 
1 212 3 178 
2 144 3 28 
1 22 2 14 
1 86 3 230 
1 164 3 97 
2 128 3 9 
1 211 2 13 
1 41 2 210 
2 64 3 174 
1 132 3 79 
1 18 3 202 
2 190 3 164 
1 54 2 154 
1 74 3 149 
2 19 3 113 
1 109 2 207 
2 40 3 153 
1 138 3 228 
1 9 2 197 
1 68 3 110 
2 248 3 13 
1 79 2 50 
2 42 3 82 
1 158 3 19 
1 40 2 237 
1 146 2 215 
2 233 3 3 
1 117 3 132 
1 255 3 187 
2 146 3 151 
1 164 2 182 
1 211 3 86 
1 1 2 244 
2 156 3 253 
1 87 2 63 
1 20 3 224 
2 247 3 86 
1 111 2 28 
1 52 3 34 
2 173 3 11 
1 163 3 244 
1 93 2 152 
2 59 3 41 
1 225 2 255 
2 14 3 61 
1 180 3 73 
1 56 2 178 
2 36 3 232 
1 89 3 69 
1 76 3 169 
1 177 2 199 
2 12 3 139 
1 253 2 206 
2 165 3 73 
1 132 3 25 
1 168 3 156 
1 83 2 75 
2 132 3 57 
1 18 2 189 
2 144 3 122 
1 124 3 191 
1 40 2 8 
1 104 3 154 
2 117 3 155 
1 98 2 79 
1 55 3 64 
2 139 3 16 
1 58 3 105 
2 70 3 15 
1 155 2 19 
1 219 2 12 
2 213 3 201 
1 23 3 238 
2 91 3 128 
1 172 2 45 
1 185 3 173 
1 191 2 32 
2 153 3 28 
1 81 3 173 
2 152 3 42 
1 156 2 91 
1 85 3 63 
2 72 3 4 
1 86 3 184 
1 140 2 129 
1 167 3 250 
2 227 3 18 
1 85 2 65 
1 193 2 230 
1 186 3 214 
2 48 3 168 
1 248 2 177 
1 233 3 171 
2 113 3 214 
1 112 3 62 
1 47 2 231 
2 129 3 118 
1 14 2 21 
2 184 3 206 
1 209 3 105 
1 249 2 123 
1 241 3 199 
2 119 3 141 
1 12 2 218 
2 255 3 53 
1 120 3 81 
1 41 2 170 
1 127 3 130 
2 37 3 219 
2 66 3 170 
1 239 2 232 
1 60 3 23 
1 233 2 199 
2 116 3 3 
1 79 3 62 
1 84 2 235 
1 77 3 70 
2 193 3 89 
1 211 3 18 
2 54 3 129 
1 31 2 28 
1 101 3 27 
2 125 3 73 
1 20 2 235 
2 71 3 31 
1 159 2 121 
1 81 3 166 
1 172 3 217 
2 147 3 145 
1 36 2 214 
1 215 2 131 
1 49 3 210 
2 225 3 134 
1 117 3 92 
1 118 2 59 
2 135 3 122 
2 158 3 10 
1 240 3 35 
1 122 2 30 
2 70 3 205 
1 16 3 175 
1 73 2 155 
1 29 3 23 
1 92 2 241 
2 95 3 129 
2 61 3 169 
1 211 2 206 
1 12 3 190 
1 74 2 254 
2 252 3 225 
1 225 3 7 
1 8 3 34 
1 169 2 16 
2 161 3 12 
1 57 3 32 
1 124 2 12 
2 45 3 174 
1 78 3 164 
1 124 2 147 
2 109 3 21 
1 58 3 124 
2 130 3 84 
1 242 2 207 
1 5 2 235 
1 53 3 54 
2 216 3 84 
1 70 3 84 
2 105 3 229 
1 113 2 79 
1 16 3 39 
1 171 2 186 
2 56 3 71 
1 141 3 35 
2 80 3 81 
1 133 2 236 
1 49 2 29 
1 243 3 49 
2 195 3 163 
2 103 3 34 
1 156 2 17 
1 39 3 53 
1 177 3 156 
2 136 3 20 
1 58 2 239 
1 138 3 74 
2 240 3 138 
1 141 2 83 
1 172 3 84 
2 49 3 132 
1 171 2 206 
2 128 3 85 
1 117 2 225 
1 121 3 232 
2 221 3 153 
1 119 2 255 
1 55 3 2 
1 200 2 116 
1 126 3 183 
2 116 3 160 
1 138 3 134 
2 140 3 180 
1 15 2 171 
1 29 2 77 
1 50 3 250 
2 124 3 105 
1 194 2 130 
1 109 3 66 
2 29 3 17 
2 94 3 156 
1 40 2 229 
1 66 3 134 
1 149 2 140 
1 134 3 16 
2 252 3 6 
1 116 2 52 
1 222 3 59 
2 6 3 225 
2 137 3 171 
1 96 2 144 
1 25 3 151 
2 182 3 26 
1 48 2 79 
1 238 3 145 
1 224 3 1 
2 114 3 78 
1 137 2 242 
1 145 2 92 
2 21 3 246 
1 110 3 171 
1 67 3 178 
1 243 2 195 
2 149 3 55 
2 223 3 81 
1 223 2 246 
1 129 3 11 
1 212 3 160 
1 114 2 108 
2 146 3 167 
1 50 3 160 
2 43 3 63 
1 212 2 173 
2 38 3 217 
1 49 2 207 
1 165 3 167 
2 138 3 230 
1 255 2 114 
1 26 3 242 
1 106 3 135 
1 74 2 32 
2 37 3 202 
2 101 3 68 
1 99 2 198 
1 144 3 156 
1 42 3 136 
2 238 3 23 
1 31 2 165 
1 234 2 138 
1 190 3 65 
2 252 3 229 
1 161 3 152 
2 35 3 136 
1 9 2 56 
2 1 3 15 
1 206 3 12 
1 18 2 159 
1 248 3 145 
1 192 2 32 
2 199 3 50 
1 106 2 24 
1 115 3 133 
2 217 3 241 
1 86 2 247 
2 30 3 174 
1 120 3 52 
2 8 3 248 
1 54 3 73 
1 74 2 25 
1 50 3 220 
1 186 2 17 
2 125 3 166 
1 196 3 144 
2 75 3 208 
1 226 2 236 
1 63 3 111 
1 242 2 75 
2 6 3 230 
1 128 3 239 
2 187 3 34 
1 61 2 183 
1 100 2 1 
2 41 3 36 
1 41 3 1 
2 1 3 82 
1 80 3 71 
1 188 2 18 
1 76 2 47 
1 220 3 177 
2 40 3 193 
1 245 3 242 
2 28 3 12 
1 79 2 253 
2 13 3 45 
1 220 3 110 
1 61 2 124 
1 124 2 223 
2 160 3 28 
1 237 3 106 
1 235 2 6 
2 23 3 204 
1 7 3 63 
1 175 3 179 
1 141 2 55 
2 201 3 108 
1 27 3 121 
2 106 3 87 
1 162 2 47 
1 173 2 167 
2 17 3 235 
1 204 3 209 
2 43 3 204 
1 139 2 127 
1 199 3 173 
1 89 2 121 
1 162 3 223 
2 40 3 189 
2 181 3 26 
1 18 3 29 
1 149 2 209 
2 186 3 155 
1 32 2 54 
1 45 3 114 
2 52 3 118 
1 72 2 75 
1 181 3 73 
2 176 3 202 
1 71 3 210 
1 171 2 144 
1 212 2 194 
1 78 3 8 
2 120 3 59 
1 165 2 238 
1 31 3 62 
2 127 3 70 
1 163 2 84 
2 61 3 67 
1 214 3 116 
1 18 3 193 
1 223 2 162 
2 176 3 66 
1 231 3 19 
1 134 2 135 
2 235 3 235 
1 13 3 88 
2 255 3 73 
1 180 2 63 
1 68 3 113 
1 41 2 216 
2 253 3 249 
1 226 2 64 
2 216 3 101 
1 80 3 97 
2 50 3 172 
1 9 3 196 
1 233 2 251 
1 1 3 40 
2 158 3 91 
1 32 2 190 
1 160 2 53 
1 173 3 99 
2 66 3 235 
1 78 2 196 
1 105 3 229 
2 76 3 240 
2 58 3 133 
1 61 2 218 
1 34 3 75 
2 197 3 25 
1 231 2 149 
1 152 3 124 
1 169 2 59 
2 253 3 181 
1 60 3 246 
2 108 3 76 
1 175 2 88 
1 150 3 131 
1 102 2 204 
2 209 3 58 
1 203 3 92 
1 231 3 37 
1 21 2 68 
2 3 3 128 
2 3 3 138 
1 29 2 7 
1 25 3 172 
2 203 3 19 
1 29 2 123 
1 126 3 161 
1 112 3 122 
2 156 3 203 
1 141 2 9 
1 207 3 166 
1 255 2 213 
2 138 3 73 
2 16 3 168 
1 78 3 177 
1 69 2 31 
1 68 2 176 
2 228 3 147 
1 168 3 109 
2 139 3 217 
1 177 3 229 
1 56 2 216 
1 193 2 70 
2 252 3 131 
1 47 3 18 
1 129 2 124 
2 90 3 127 
1 73 3 170 
1 46 2 25 
1 7 3 216 
2 235 3 72 
1 217 3 86 
2 125 3 65 
1 48 2 65 
1 178 3 69 
2 217 3 84 
1 195 2 211 
1 182 2 18 
2 228 3 156 
1 170 3 109 
1 166 3 146 
1 226 2 47 
2 255 3 56 
2 20 3 178 
1 165 3 9 
1 173 2 72 
1 232 3 66 
2 51 3 14 
1 51 2 112 
1 177 2 178 3 252 
1 11 2 93 3 177 
1 80 2 137 3 55 
1 230 2 7 3 113 
1 160 2 211 3 174 
1 138 2 96 3 90 
1 172 2 94 3 214 
1 203 2 127 3 243 
1 184 2 187 3 19 
1 44 2 245 3 225 
1 210 2 156 3 9 
1 91 2 238 3 151 
1 190 2 166 3 198 
1 196 2 132 3 108 
1 77 2 174 3 252 
1 67 2 70 3 173 
1 194 2 243 3 219 
1 230 2 73 3 5 
1 244 2 48 3 102 
1 20 2 13 3 190 
1 128 2 104 3 157 
1 75 2 233 3 116 
1 119 2 113 3 72 
1 110 2 169 3 70 
1 142 2 80 3 187 
1 112 2 13 3 197 
1 100 2 52 3 42 
1 3 2 111 3 31 
1 38 2 86 3 113 
1 28 2 191 3 89 
1 10 2 88 3 73 
1 41 2 68 3 8 
1 227 2 128 3 251 
1 15 2 29 3 102 
1 179 2 140 3 37 
1 40 2 8 3 108 
1 98 2 207 3 233 
1 37 2 195 3 117 
1 84 2 135 3 82 
1 81 2 184 3 216 
1 28 2 240 3 245 
1 167 2 20 3 15 
1 68 2 251 3 44 
1 239 2 122 3 51 
1 114 2 107 3 208 
1 142 2 80 3 22 
1 23 2 1 3 87 
1 153 2 214 3 83 
1 6 2 248 3 156 
1 53 2 187 3 161 
1 75 2 89 3 215 
1 58 2 194 3 139 
1 84 2 48 3 215 
1 118 2 190 3 239 
1 170 2 194 3 81 
1 235 2 91 3 150 
1 88 2 87 3 163 
1 54 2 40 3 211 
1 14 2 251 3 4 
1 30 2 27 3 216 
1 103 2 196 3 16 
1 244 2 75 3 181 
1 130 2 18 3 210 
1 220 2 193 3 109 
1 216 2 151 3 9 
1 3 2 54 3 248 
1 177 2 83 3 130 
1 87 2 112 3 227 
1 10 2 60 3 142 
1 239 2 192 3 203 
1 208 2 238 3 254 
1 9 2 213 3 87 
1 93 2 73 3 237 
1 228 2 101 3 108 
1 69 2 135 3 154 
1 97 2 17 3 184 
1 245 2 45 3 14 
1 59 2 23 3 151 
1 184 2 147 3 189 
1 98 2 182 3 106 
1 64 2 28 3 103 
1 51 2 126 3 127 
1 96 2 130 3 199 
1 80 2 226 3 71 
1 208 2 206 3 195 
1 72 2 226 3 52 
1 101 2 222 3 145 
1 2 2 104 3 100 
1 244 2 80 3 78 
1 246 2 199 3 35 
1 31 2 65 3 112 
1 232 2 37 3 37 
1 50 2 34 3 74 
1 247 2 85 3 40 
1 201 2 61 3 43 
1 89 2 135 3 168 
1 184 2 41 3 218 
1 254 2 68 3 240 
1 42 2 56 3 120 
1 4 2 25 3 132 
1 141 2 221 3 229 
1 127 2 181 3 65 
1 244 2 187 3 132 
1 162 2 16 3 188 
1 118 2 117 3 193 
1 10 2 112 3 4 
1 205 2 208 3 241 
1 206 2 221 3 148 
1 250 2 230 3 246 
1 158 2 95 3 147 
1 85 2 91 3 124 
1 31 2 210 3 37 
1 196 2 69 3 48 
1 55 2 186 3 69 
1 251 2 200 3 226 
1 122 2 196 3 174 
1 6 2 246 3 116 
1 27 2 193 3 210 
1 175 2 204 3 25 
1 230 2 126 3 185 
1 202 2 133 3 159 
1 243 2 243 3 86 
1 12 2 184 3 75 
1 43 2 248 3 123 
1 250 2 174 3 137 
1 229 2 87 3 239 
1 33 2 50 3 10 
1 78 2 98 3 50 
1 201 2 245 3 61 
1 65 2 53 3 46 
1 97 2 6 3 236 
1 134 2 208 3 4 
1 11 2 17 3 68 
1 86 2 117 3 61 
1 137 2 228 3 144 
1 58 2 75 3 249 
1 223 2 46 3 116 
1 137 2 64 3 22 
1 186 2 137 3 36 
1 208 2 194 3 40 
1 251 2 202 3 210 
1 22 2 38 3 14 
1 212 2 218 3 205 
1 107 2 133 3 147 
1 111 2 80 3 69 
1 143 2 33 3 224 
1 125 2 151 3 174 
1 26 2 139 3 179 
2 185 3 72 4 124 6 124 7 143 8 190 10 161 12 120 13 209 15 108 16 146 18 59 20 74 21 180 22 3 24 50 25 156 26 75 28 193 30 77 32 60 33 222 35 246 36 182 38 188 39 230 40 209 42 36 43 176 44 154 47 98 48 104 49 175 51 155 52 156 53 163 56 25 57 125 58 92 60 109 62 34 63 134 65 130 66 239 68 103 69 180 71 221 72 34 73 199 74 178 77 161 78 102 79 129 81 191 83 151 84 20 85 189 87 90 88 198 89 75 91 246 93 251 95 236 96 126 97 11 98 190 100 208 102 27 103 119 105 63 106 240 107 83 109 140 111 234 112 153 113 63 116 240 117 158 119 79 120 159 121 196 123 41 124 4 126 123 127 90 129 91 130 16 132 85 133 74 134 30 136 190 138 233 140 31 141 93 143 241 144 207 145 102 146 43 148 54 149 145 152 179 153 212 155 22 156 86 157 164 159 211 160 41 162 132 163 18 165 54 166 74 168 109 170 138 171 9 172 68 174 79 176 158 177 40 178 146 180 117 181 255 183 164 184 211 185 1 187 87 188 20 190 111 191 52 193 163 194 93 196 225 198 180 199 56 201 89 202 76 203 177 205 253 207 132 208 168 209 83 211 18 213 124 214 40 215 104 217 98 218 55 220 58 222 155 223 219 225 23 227 172 228 185 229 191 231 81 233 156 234 85 236 86 237 140 238 167 240 85 241 193 242 186 244 248 245 233 247 112 248 47 250 14 252 209 253 249 254 241 256 12 258 120 259 41 260 127 263 239 264 60 265 233 267 79 268 84 269 77 271 211 273 31 274 101 276 20 278 159 279 81 280 172 282 36 283 215 284 49 286 117 287 118 290 240 291 122 293 16 294 73 295 29 296 92 299 211 300 12 301 74 303 225 304 8 305 169 307 57 308 124 310 78 311 124 313 58 315 242 316 5 317 53 319 70 321 113 322 16 323 171 325 141 327 133 328 49 329 243 332 156 333 39 334 177 336 58 337 138 339 141 340 172 342 171 344 117 345 121 347 119 348 55 349 200 350 126 352 138 354 15 355 29 356 50 358 194 359 109 362 40 363 66 364 149 365 134 367 116 368 222 371 96 372 25 374 48 375 238 376 224 378 137 379 145 381 110 382 67 383 243 386 223 387 129 388 212 389 114 391 50 393 212 395 49 396 165 398 255 399 26 400 106 401 74 404 99 405 144 406 42 408 31 409 234 410 190 412 161 414 9 416 206 417 18 418 248 419 192 421 106 422 115 424 86 426 120 428 54 429 74 430 50 431 186 433 196 435 226 436 63 437 242 439 128 441 61 442 100 444 41 446 80 447 188 448 76 449 220 451 245 453 79 455 220 456 61 457 124 459 237 460 235 462 7 463 175 464 141 466 27 468 162 469 173 471 204 473 139 474 199 475 89 476 162 479 18 480 149 482 32 483 45 485 72 486 181 488 71 489 171 490 212 491 78 493 165 494 31 496 163 498 214 499 18 500 223 502 231 503 134 505 13 507 180 508 68 509 41 511 226 513 80 515 9 516 233 517 1 519 32 520 160 521 173 523 78 524 105 527 61 528 34 530 231 531 152 532 169 534 60 536 175 537 150 538 102 540 203 541 231 542 21 545 29 546 25 548 29 549 126 550 112 552 141 553 207 554 255 557 78 558 69 559 68 561 168 563 177 564 56 565 193 567 47 568 129 570 73 571 46 572 7 574 217 576 48 577 178 579 195 580 182 582 170 583 166 584 226 587 165 588 173 589 232 591 51 592 177 593 11 594 80 595 230 596 160 597 138 598 172 599 203 600 184 601 44 602 210 603 91 604 190 605 196 606 77 607 67 608 194 609 230 610 244 611 20 612 128 613 75 614 119 615 110 616 142 617 112 618 100 619 3 620 38 621 28 622 10 623 41 624 227 625 15 626 179 627 40 628 98 629 37 630 84 631 81 632 28 633 167 634 68 635 239 636 114 637 142 638 23 639 153 640 6 641 53 642 75 643 58 644 84 645 118 646 170 647 235 648 88 649 54 650 14 651 30 652 103 653 244 654 130 655 220 656 216 657 3 658 177 659 87 660 10 661 239 662 208 663 9 664 93 665 228 666 69 667 97 668 245 669 59 670 184 671 98 672 64 673 51 674 96 675 80 676 208 677 72 678 101 679 2 680 244 681 246 682 31 683 232 684 50 685 247 686 201 687 89 688 184 689 254 690 42 691 4 692 141 693 127 694 244 695 162 696 118 697 10 698 205 699 206 700 250 701 158 702 85 703 31 704 196 705 55 706 251 707 122 708 6 709 27 710 175 711 230 712 202 713 243 714 12 715 43 716 250 717 229 718 33 719 78 720 201 721 65 722 97 723 134 724 11 725 86 726 137 727 58 728 223 729 137 730 186 731 208 732 251 733 22 734 212 735 107 736 111 737 143 738 125 739 26 
1 244 2 123 4 96 5 93 7 131 9 170 10 183 11 16 13 172 14 116 16 25 17 254 19 108 20 38 22 245 23 157 25 207 27 184 29 27 30 207 31 128 33 51 34 219 35 55 37 228 38 83 41 254 42 64 44 112 45 249 46 148 47 6 50 254 51 23 53 194 54 31 55 134 56 165 59 228 60 111 61 255 63 83 64 184 65 75 67 231 69 254 70 237 71 163 74 25 75 244 76 19 78 116 80 19 81 233 82 232 84 190 85 38 86 58 88 21 90 12 91 26 92 103 94 209 95 230 98 212 99 158 101 124 102 236 104 224 105 204 107 2 108 187 109 186 110 142 112 186 114 220 115 61 117 203 118 212 119 221 121 12 122 207 125 130 126 19 127 160 128 201 130 15 131 121 133 177 135 125 137 82 138 207 139 134 141 161 142 38 143 79 145 162 147 49 148 17 150 69 151 55 152 2 154 144 155 14 158 128 159 13 160 210 161 64 164 190 165 154 167 19 168 207 169 40 171 197 173 248 174 50 175 42 177 237 178 215 179 233 182 146 183 182 185 244 186 156 187 63 189 247 190 28 192 173 194 152 195 59 196 255 197 14 199 178 200 36 203 199 204 12 205 206 206 165 209 75 210 132 211 189 212 144 214 8 216 117 217 79 219 139 221 70 222 19 223 12 224 213 226 91 227 45 229 32 230 153 232 152 233 91 235 72 237 129 239 227 240 65 241 230 243 48 244 177 246 113 248 231 249 129 250 21 251 184 253 123 255 119 256 218 257 255 259 170 261 37 262 66 263 232 265 199 266 116 268 235 270 193 272 54 273 28 275 125 276 235 277 71 278 121 281 147 282 214 283 131 285 225 287 59 288 135 289 158 291 30 292 70 294 155 296 241 297 95 298 61 299 206 301 254 302 252 305 16 306 161 308 12 309 45 311 147 312 109 314 130 315 207 316 235 318 216 320 105 321 79 323 186 324 56 326 80 327 236 328 29 330 195 331 103 332 17 335 136 336 239 338 240 339 83 341 49 342 206 343 128 344 225 346 221 347 255 349 116 351 116 353 140 354 171 355 77 357 124 358 130 360 29 361 94 362 229 364 140 366 252 367 52 369 6 370 137 371 144 373 182 374 79 377 114 378 242 379 92 380 21 383 195 384 149 385 223 386 246 389 108 390 146 392 43 393 173 394 38 395 207 397 138 398 114 401 32 402 37 403 101 404 198 407 238 408 165 409 138 411 252 413 35 414 56 415 1 417 159 419 32 420 199 421 24 423 217 424 247 425 30 427 8 429 25 431 17 432 125 434 75 435 236 437 75 438 6 440 187 441 183 442 1 443 41 445 1 447 18 448 47 450 40 452 28 453 253 454 13 456 124 457 223 458 160 460 6 461 23 464 55 465 201 467 106 468 47 469 167 470 17 472 43 473 127 475 121 477 40 478 181 480 209 481 186 482 54 484 52 485 75 487 176 489 144 490 194 492 120 493 238 495 127 496 84 497 61 500 162 501 176 503 135 504 235 506 255 507 63 509 216 510 253 511 64 512 216 514 50 516 251 518 158 519 190 520 53 522 66 523 196 525 76 526 58 527 218 529 197 530 149 532 59 533 253 535 108 536 88 538 204 539 209 542 68 543 3 544 3 545 7 547 203 548 123 551 156 552 9 554 213 555 138 556 16 558 31 559 176 560 228 562 139 564 216 565 70 566 252 568 124 569 90 571 25 573 235 575 125 576 65 578 217 579 211 580 18 581 228 584 47 585 255 586 20 588 72 590 51 591 112 592 178 593 93 594 137 595 7 596 211 597 96 598 94 599 127 600 187 601 245 602 156 603 238 604 166 605 132 606 174 607 70 608 243 609 73 610 48 611 13 612 104 613 233 614 113 615 169 616 80 617 13 618 52 619 111 620 86 621 191 622 88 623 68 624 128 625 29 626 140 627 8 628 207 629 195 630 135 631 184 632 240 633 20 634 251 635 122 636 107 637 80 638 1 639 214 640 248 641 187 642 89 643 194 644 48 645 190 646 194 647 91 648 87 649 40 650 251 651 27 652 196 653 75 654 18 655 193 656 151 657 54 658 83 659 112 660 60 661 192 662 238 663 213 664 73 665 101 666 135 667 17 668 45 669 23 670 147 671 182 672 28 673 126 674 130 675 226 676 206 677 226 678 222 679 104 680 80 681 199 682 65 683 37 684 34 685 85 686 61 687 135 688 41 689 68 690 56 691 25 692 221 693 181 694 187 695 16 696 117 697 112 698 208 699 221 700 230 701 95 702 91 703 210 704 69 705 186 706 200 707 196 708 246 709 193 710 204 711 126 712 133 713 243 714 184 715 248 716 174 717 87 718 50 719 98 720 245 721 53 722 6 723 208 724 17 725 117 726 228 727 75 728 46 729 64 730 137 731 194 732 202 733 38 734 218 735 133 736 80 737 33 738 151 739 139 
1 209 3 216 5 41 6 164 8 223 9 182 11 72 12 7 14 172 15 97 17 173 18 44 19 89 21 145 23 120 24 120 26 158 27 99 28 53 29 46 31 23 32 194 34 235 36 70 37 19 39 248 40 59 41 146 43 101 45 224 46 63 48 13 49 16 50 12 52 177 54 58 55 79 57 32 58 54 59 67 61 85 62 178 64 132 66 65 67 248 68 129 70 193 72 242 73 192 75 130 76 129 77 159 79 253 80 132 82 16 83 208 86 135 87 104 89 31 90 12 92 194 93 199 94 154 96 160 97 70 99 232 100 170 101 134 103 200 104 211 106 35 108 120 110 157 111 246 113 24 114 207 115 84 116 199 118 123 120 141 122 72 123 106 124 239 125 99 128 108 129 76 131 184 132 124 134 221 135 202 136 193 137 111 139 65 140 35 142 30 144 217 146 44 147 112 149 224 150 171 151 126 153 178 154 28 156 230 157 97 158 9 161 174 162 79 163 202 164 164 166 149 167 113 169 153 170 228 172 110 173 13 175 82 176 19 179 3 180 132 181 187 182 151 184 86 186 253 188 224 189 86 191 34 192 11 193 244 195 41 197 61 198 73 200 232 201 69 202 169 204 139 206 73 207 25 208 156 210 57 212 122 213 191 215 154 216 155 218 64 219 16 220 105 221 15 224 201 225 238 226 128 228 173 230 28 231 173 232 42 234 63 235 4 236 184 238 250 239 18 242 214 243 168 245 171 246 214 247 62 249 118 251 206 252 105 254 199 255 141 257 53 258 81 260 130 261 219 262 170 264 23 266 3 267 62 269 70 270 89 271 18 272 129 274 27 275 73 277 31 279 166 280 217 281 145 284 210 285 134 286 92 288 122 289 10 290 35 292 205 293 175 295 23 297 129 298 169 300 190 302 225 303 7 304 34 306 12 307 32 309 174 310 164 312 21 313 124 314 84 317 54 318 84 319 84 320 229 322 39 324 71 325 35 326 81 329 49 330 163 331 34 333 53 334 156 335 20 337 74 338 138 340 84 341 132 343 85 345 232 346 153 348 2 350 183 351 160 352 134 353 180 356 250 357 105 359 66 360 17 361 156 363 134 365 16 366 6 368 59 369 225 370 171 372 151 373 26 375 145 376 1 377 78 380 246 381 171 382 178 384 55 385 81 387 11 388 160 390 167 391 160 392 63 394 217 396 167 397 230 399 242 400 135 402 202 403 68 405 156 406 136 407 23 410 65 411 229 412 152 413 136 415 15 416 12 418 145 420 50 422 133 423 241 425 174 426 52 427 248 428 73 430 220 432 166 433 144 434 208 436 111 438 230 439 239 440 34 443 36 444 1 445 82 446 71 449 177 450 193 451 242 452 12 454 45 455 110 458 28 459 106 461 204 462 63 463 179 465 108 466 121 467 87 470 235 471 209 472 204 474 173 476 223 477 189 478 26 479 29 481 155 483 114 484 118 486 73 487 202 488 210 491 8 492 59 494 62 495 70 497 67 498 116 499 193 501 66 502 19 504 235 505 88 506 73 508 113 510 249 512 101 513 97 514 172 515 196 517 40 518 91 521 99 522 235 524 229 525 240 526 133 528 75 529 25 531 124 533 181 534 246 535 76 537 131 539 58 540 92 541 37 543 128 544 138 546 172 547 19 549 161 550 122 551 203 553 166 555 73 556 168 557 177 560 147 561 109 562 217 563 229 566 131 567 18 569 127 570 170 572 216 573 72 574 86 575 65 577 69 578 84 581 156 582 109 583 146 585 56 586 178 587 9 589 66 590 14 592 252 593 177 594 55 595 113 596 174 597 90 598 214 599 243 600 19 601 225 602 9 603 151 604 198 605 108 606 252 607 173 608 219 609 5 610 102 611 190 612 157 613 116 614 72 615 70 616 187 617 197 618 42 619 31 620 113 621 89 622 73 623 8 624 251 625 102 626 37 627 108 628 233 629 117 630 82 631 216 632 245 633 15 634 44 635 51 636 208 637 22 638 87 639 83 640 156 641 161 642 215 643 139 644 215 645 239 646 81 647 150 648 163 649 211 650 4 651 216 652 16 653 181 654 210 655 109 656 9 657 248 658 130 659 227 660 142 661 203 662 254 663 87 664 237 665 108 666 154 667 184 668 14 669 151 670 189 671 106 672 103 673 127 674 199 675 71 676 195 677 52 678 145 679 100 680 78 681 35 682 112 683 37 684 74 685 40 686 43 687 168 688 218 689 240 690 120 691 132 692 229 693 65 694 132 695 188 696 193 697 4 698 241 699 148 700 246 701 147 702 124 703 37 704 48 705 69 706 226 707 174 708 116 709 210 710 25 711 185 712 159 713 86 714 75 715 123 716 137 717 239 718 10 719 50 720 61 721 46 722 236 723 4 724 68 725 61 726 144 727 249 728 116 729 22 730 36 731 40 732 210 733 14 734 205 735 147 736 69 737 224 738 174 739 179 
