876 140 256
3 15
2 2 2 2 2 2 2 2 2 2 2 2 2 2 2 2 2 2 2 2 2 2 2 2 2 2 2 2 2 2 2 2 2 2 2 2 2 2 2 2 2 2 2 2 2 2 2 2 2 2 2 2 2 2 2 2 2 2 2 2 2 2 2 2 2 2 2 2 2 2 2 2 2 2 2 2 2 2 2 2 2 2 2 2 2 2 2 2 2 2 2 2 2 2 2 2 2 2 2 2 2 2 2 2 2 2 2 2 2 2 2 2 2 2 2 2 2 2 2 2 2 2 2 2 2 2 2 2 2 2 2 2 2 2 2 2 2 2 2 2 2 2 2 2 2 2 2 2 2 2 2 2 2 2 2 2 2 2 2 2 2 2 2 2 2 2 2 2 2 2 2 2 2 2 2 2 2 2 2 2 2 2 2 2 2 2 2 2 2 2 2 2 2 2 2 2 2 2 2 2 2 2 2 2 2 2 2 2 2 2 2 2 2 2 2 2 2 2 2 2 2 2 2 2 2 2 2 2 2 2 2 2 2 2 2 2 2 2 2 2 2 2 2 2 2 2 2 2 2 2 2 2 2 2 2 2 2 2 2 2 2 2 2 2 2 2 2 2 2 2 2 2 2 2 2 2 2 2 2 2 2 2 2 2 2 2 2 2 2 2 2 2 2 2 2 2 2 2 2 2 2 2 2 2 2 2 2 2 2 2 2 2 2 2 2 2 2 2 2 2 2 2 2 2 2 2 2 2 2 2 2 2 2 2 2 2 2 2 2 2 2 2 2 2 2 2 2 2 2 2 2 2 2 2 2 2 2 2 2 2 2 2 2 2 2 2 2 2 2 2 2 2 2 2 2 2 2 2 2 2 2 2 2 2 2 2 2 2 2 2 2 2 2 2 2 2 2 2 2 2 2 2 2 2 2 2 2 2 2 2 2 2 2 2 2 2 2 2 2 2 2 2 2 2 2 2 2 2 2 2 2 2 2 2 2 2 2 2 2 2 2 2 2 2 2 2 2 2 2 2 2 2 2 2 2 2 2 2 2 2 2 2 2 2 2 2 2 2 2 2 2 2 2 2 2 2 2 2 2 2 2 2 2 2 2 2 2 2 2 2 2 2 2 2 2 2 2 2 2 2 2 2 2 2 2 2 2 2 2 2 2 2 2 2 2 2 2 2 2 2 2 2 2 2 2 2 2 2 2 2 2 2 2 2 2 2 2 2 2 2 2 2 2 2 2 2 2 2 2 2 2 2 2 2 2 2 2 2 2 2 2 2 2 2 2 2 2 2 2 2 2 2 2 2 2 2 2 2 2 2 2 2 2 2 2 2 2 2 2 2 2 2 2 2 2 2 2 2 2 2 2 2 2 2 2 2 2 2 2 2 2 2 2 2 2 2 2 2 2 2 2 2 2 2 2 2 2 2 2 2 2 2 2 2 2 2 2 2 2 2 2 2 2 2 2 2 2 2 2 2 2 2 2 2 2 2 2 2 2 2 2 2 2 2 2 2 2 2 2 2 2 2 2 2 2 2 2 2 2 2 2 2 2 2 2 2 2 2 2 2 2 2 2 2 2 2 2 2 2 2 2 3 3 3 3 3 3 3 3 3 3 3 3 3 3 3 3 3 3 3 3 3 3 3 3 3 3 3 3 3 3 3 3 3 3 3 3 3 3 3 3 3 3 3 3 3 3 3 3 3 3 3 3 3 3 3 3 3 3 3 3 3 3 3 3 3 3 3 3 3 3 3 3 3 3 3 3 3 3 3 3 3 3 3 3 3 3 3 3 3 3 3 3 3 3 3 3 3 3 3 3 3 3 3 3 3 3 3 3 3 3 3 3 3 3 3 3 3 3 3 3 3 3 3 3 3 3 3 3 3 3 3 3 3 3 3 3 3 3 3 3 3 3 3 3 3 3 3 3 3 3 3 3 3 3 3 3 3 3 3 3 3 3 3 3 3 3 3 3 3 3 3 3 3 3 3 
13 14 14 14 14 14 13 13 13 14 14 14 14 14 13 15 13 14 14 14 14 14 14 14 14 13 14 14 14 14 13 14 13 14 14 14 14 14 14 13 14 14 13 13 14 14 15 14 14 13 15 14 14 14 13 15 13 14 13 14 13 14 13 13 14 13 14 14 14 14 14 14 14 14 14 14 14 14 14 13 14 14 14 15 13 13 14 14 14 14 13 14 14 13 13 13 14 14 13 14 14 14 14 13 13 14 14 14 14 14 14 14 13 15 14 14 13 13 14 14 14 14 14 14 13 13 14 14 14 14 14 13 14 13 14 14 13 14 13 14 
25 242 121 10 
128 52 135 219 
77 245 79 129 
24 217 71 213 
22 138 76 154 
68 143 75 17 
29 144 90 49 
4 5 45 222 
47 75 78 185 
51 196 88 172 
18 12 129 61 
94 147 97 182 
99 129 107 206 
69 136 119 98 
20 220 53 92 
23 107 116 239 
44 50 137 65 
32 88 113 136 
8 19 140 103 
56 28 59 172 
14 9 57 108 
61 196 89 64 
31 93 138 187 
37 146 49 218 
27 179 40 242 
3 81 66 219 
36 245 123 102 
82 4 127 177 
86 144 134 14 
13 16 130 178 
87 169 120 154 
62 56 91 217 
9 170 126 211 
12 202 95 14 
55 249 102 62 
10 226 33 83 
35 55 38 120 
104 191 109 248 
80 76 81 63 
96 133 139 10 
84 217 93 103 
73 48 124 52 
43 137 132 240 
58 211 83 130 
100 205 105 19 
6 235 21 189 
39 86 117 98 
60 49 70 233 
52 24 111 33 
92 75 98 111 
16 214 50 122 
42 64 65 93 
34 175 64 108 
46 41 114 155 
63 106 108 188 
110 54 133 62 
67 161 125 7 
15 194 118 89 
2 191 48 11 
1 131 112 212 
17 67 19 18 
26 7 103 3 
28 54 41 203 
74 98 115 26 
5 48 131 12 
72 24 101 44 
85 46 122 205 
7 114 30 170 
11 44 136 103 
54 99 106 92 
20 70 50 53 
22 141 71 105 
90 202 114 250 
89 45 98 164 
104 250 122 58 
26 89 86 62 
23 44 79 50 
10 226 129 255 
47 241 81 71 
65 125 115 236 
32 180 73 215 
19 202 101 80 
88 117 94 34 
27 209 34 238 
18 96 24 137 
33 56 136 72 
2 117 135 170 
4 141 137 50 
45 84 75 90 
121 191 126 224 
30 227 95 6 
132 108 138 80 
14 145 29 171 
7 53 106 159 
11 87 68 135 
118 3 140 55 
1 249 74 155 
119 128 125 157 
113 39 117 21 
17 183 100 62 
36 228 66 161 
110 17 127 232 
31 111 120 64 
54 51 55 152 
43 163 112 162 
60 140 96 20 
92 39 131 65 
28 21 40 200 
83 62 107 162 
53 140 109 28 
9 191 13 222 
52 135 105 238 
39 61 99 62 
5 5 82 112 
102 183 130 59 
63 202 111 112 
21 138 91 159 
103 60 128 58 
37 246 42 179 
57 249 64 194 
62 58 139 168 
72 79 133 94 
51 221 59 182 
84 141 87 194 
6 201 56 149 
12 48 97 128 
3 70 77 16 
69 69 85 153 
16 207 38 84 
25 126 108 73 
123 104 124 209 
8 223 58 31 
41 23 70 121 
15 23 35 54 
116 83 134 179 
49 222 76 152 
44 225 48 214 
46 163 78 94 
61 29 93 197 
67 113 80 137 
77 243 102 38 
75 77 78 151 
1 53 99 21 
41 119 131 200 
92 217 116 9 
56 243 140 21 
16 187 128 192 
15 195 52 54 
29 7 107 165 
14 42 106 181 
32 41 122 221 
45 144 133 30 
37 116 86 230 
12 146 26 7 
5 179 85 158 
80 214 121 237 
10 162 31 253 
23 174 100 24 
3 78 33 186 
59 92 69 119 
24 246 91 203 
98 179 114 48 
68 124 94 177 
19 152 112 48 
38 180 89 16 
70 25 74 248 
61 121 123 196 
44 121 139 149 
71 91 90 24 
84 178 137 149 
95 96 108 253 
62 69 126 20 
63 84 113 137 
34 41 135 92 
111 148 129 225 
125 253 132 95 
39 116 88 39 
60 11 136 133 
6 252 36 81 
46 56 65 174 
20 163 101 67 
13 215 50 218 
120 250 134 214 
18 173 127 18 
49 110 73 47 
25 4 40 155 
67 228 76 59 
30 202 93 30 
20 246 22 221 
81 32 118 116 
9 65 83 74 
11 250 109 172 
82 31 130 209 
64 52 138 197 
27 145 51 69 
96 171 124 30 
4 12 119 48 
21 41 103 181 
7 135 17 193 
57 23 104 92 
48 135 105 7 
66 94 72 51 
47 214 55 83 
35 195 43 157 
28 118 54 74 
79 41 117 194 
2 10 115 205 
8 138 87 32 
97 216 132 174 
11 168 58 10 
53 174 137 50 
9 145 42 53 
34 126 110 9 
44 7 88 245 
21 123 55 180 
110 202 118 94 
133 88 134 76 
17 181 80 206 
61 197 68 197 
124 66 130 59 
36 172 105 68 
38 111 117 209 
19 140 32 106 
56 239 65 73 
92 81 126 123 
45 89 108 29 
1 145 127 191 
14 187 63 249 
97 182 131 220 
54 193 120 101 
27 127 49 120 
10 204 50 163 
16 149 69 87 
78 58 85 231 
91 180 104 228 
29 219 72 136 
15 198 122 157 
13 157 48 31 
106 1 119 205 
23 55 109 77 
71 252 94 240 
51 46 116 213 
2 115 24 139 
33 194 80 202 
12 37 101 232 
3 69 84 146 
43 96 102 51 
86 64 136 8 
46 175 138 250 
64 39 123 187 
74 196 93 120 
8 150 98 168 
79 65 90 29 
35 97 60 137 
5 18 37 193 
41 14 129 160 
40 24 58 250 
28 244 66 238 
59 128 111 128 
75 123 112 100 
6 239 76 52 
18 241 125 38 
52 39 114 156 
139 142 140 186 
4 164 42 225 
99 44 103 162 
113 250 115 53 
26 2 52 241 
30 172 62 138 
81 134 107 70 
53 129 121 238 
78 175 96 108 
57 195 70 170 
95 238 130 64 
83 163 100 169 
87 80 135 102 
7 226 39 45 
67 113 89 58 
22 47 47 231 
77 172 128 2 
73 55 107 178 
31 230 99 110 
25 30 35 9 
82 147 120 253 
10 136 104 34 
71 135 134 166 
3 114 97 252 
50 37 140 186 
21 128 45 169 
73 255 84 152 
42 35 101 178 
58 75 117 67 
86 227 89 161 
25 206 31 52 
36 165 81 10 
66 217 126 210 
53 61 127 156 
47 76 57 238 
7 18 49 188 
30 146 90 216 
102 37 129 2 
74 8 85 252 
29 204 136 229 
41 212 76 46 
44 115 72 157 
69 53 123 89 
68 57 118 237 
110 214 113 62 
98 244 106 100 
37 118 63 192 
67 36 122 6 
62 245 132 225 
116 51 125 60 
48 77 138 233 
87 57 112 11 
64 70 92 231 
6 58 82 209 
60 30 119 11 
1 67 105 36 
59 141 121 170 
54 164 115 172 
55 61 61 254 
17 100 24 123 
2 34 131 197 
95 97 135 109 
46 136 128 60 
43 194 56 194 
13 181 14 5 
27 8 33 174 
12 28 23 117 
19 210 114 238 
15 23 137 189 
11 62 111 160 
22 209 108 57 
70 243 83 35 
26 34 139 36 
8 244 18 62 
4 155 79 187 
65 17 109 182 
16 187 94 251 
34 80 100 30 
51 77 93 138 
103 23 125 147 
77 189 122 98 
9 93 61 204 
38 145 91 14 
28 203 75 172 
17 221 96 242 
5 22 90 151 
20 245 39 67 
124 105 133 231 
32 222 94 231 
26 33 40 61 
57 97 88 237 
44 209 129 91 
48 77 49 13 
109 207 124 122 
18 248 29 65 
70 180 128 33 
31 67 68 189 
63 144 132 156 
2 61 53 220 
55 241 110 64 
78 44 97 89 
6 25 136 48 
23 161 76 5 
20 208 89 45 
9 77 77 32 
73 196 98 94 
22 51 123 174 
43 236 107 9 
118 249 126 49 
13 221 112 209 
79 83 111 3 
35 190 127 247 
69 37 114 137 
38 125 131 189 
28 234 30 113 
60 87 71 12 
37 221 54 220 
50 50 116 154 
72 145 74 223 
34 63 91 98 
33 32 115 175 
45 225 138 81 
1 119 92 132 
39 29 56 13 
59 179 100 246 
7 207 133 221 
14 108 139 213 
85 212 117 74 
52 108 82 142 
15 190 24 8 
58 11 119 151 
105 254 108 207 
11 157 47 159 
19 222 21 72 
27 102 46 118 
4 4 81 150 
3 233 106 239 
42 145 88 114 
96 85 135 6 
66 190 130 103 
32 7 36 90 
8 20 99 116 
62 80 87 43 
12 153 80 146 
51 169 113 55 
64 171 103 188 
95 42 134 245 
10 4 93 145 
67 41 83 164 
86 158 121 197 
5 216 84 198 
101 42 102 251 
16 135 40 138 
70 115 137 241 
75 193 104 153 
25 29 65 80 
17 211 120 29 
41 198 140 12 
74 172 81 106 
68 39 101 158 
65 35 134 230 
56 90 72 253 
87 84 111 182 
109 105 132 216 
31 232 119 244 
71 140 138 240 
29 116 51 172 
34 114 106 99 
131 94 136 146 
19 231 58 177 
97 202 120 233 
7 91 9 51 
20 194 54 53 
105 172 128 248 
48 95 89 3 
35 50 36 68 
40 63 57 165 
12 14 18 84 
3 216 99 39 
88 143 124 94 
5 168 83 172 
37 100 91 254 
123 23 140 21 
64 242 82 177 
23 171 55 155 
27 244 137 240 
46 62 118 173 
8 24 104 209 
69 21 95 86 
10 100 42 100 
16 251 45 12 
63 235 80 40 
90 143 103 108 
2 120 47 125 
117 60 139 233 
6 246 77 33 
25 178 85 221 
73 165 129 151 
84 130 125 14 
13 177 59 36 
38 51 130 28 
14 64 76 9 
67 62 110 162 
52 196 107 92 
92 71 96 139 
22 83 26 134 
21 229 44 249 
30 109 127 196 
4 253 62 156 
115 102 126 133 
41 21 114 186 
78 173 86 18 
28 214 100 55 
32 172 121 44 
15 130 116 212 
30 52 122 100 
75 48 113 111 
53 31 103 70 
51 171 102 236 
24 11 93 65 
33 131 112 47 
1 195 79 80 
49 195 60 26 
8 236 94 124 
11 159 66 21 
39 219 135 131 
43 182 86 157 
98 144 108 70 
61 182 135 85 
50 23 107 33 
33 226 133 183 
67 237 88 146 
76 250 126 161 
1 8 40 214 
11 230 34 9 
92 45 101 76 
117 103 134 61 
70 5 132 70 
112 99 123 248 
56 74 84 251 
13 34 97 142 
54 222 124 250 
23 168 31 228 
68 77 105 45 
23 191 32 191 
78 149 129 149 
48 206 85 174 
39 223 114 84 
49 92 75 92 
18 91 45 231 
41 129 133 180 
16 134 109 206 
20 127 62 239 
17 148 57 248 
115 72 125 132 
74 52 94 238 
15 150 106 99 
116 95 139 115 
7 78 26 53 
3 188 22 8 
24 58 69 28 
81 147 134 84 
61 202 63 62 
46 191 130 132 
80 205 90 56 
6 71 98 194 
50 223 60 138 
5 110 118 12 
27 85 120 159 
95 134 137 234 
106 116 121 150 
58 32 93 107 
37 99 128 35 
42 137 127 15 
10 1 36 86 
12 250 60 26 
24 190 66 229 
28 200 99 195 
64 198 89 85 
72 31 104 125 
4 174 19 237 
38 112 96 55 
52 53 138 41 
35 21 87 238 
120 226 122 222 
88 28 108 163 
71 166 113 67 
25 228 29 126 
2 104 79 246 
45 222 83 173 
62 163 136 33 
53 64 100 212 
43 116 44 33 
14 151 77 96 
102 124 119 52 
55 13 59 4 
75 205 82 223 
65 212 131 139 
30 251 47 138 
21 183 97 152 
1 129 91 75 
9 117 71 57 
73 167 110 99 
111 51 140 199 
8 12 130 175 
2 67 101 130 
74 84 95 95 
73 70 139 236 
32 65 140 167 
40 49 87 157 
3 161 37 129 
72 80 77 248 
9 25 18 86 
11 160 51 187 
64 139 113 156 
34 174 85 19 
107 36 133 138 
96 207 105 245 
7 200 78 208 
55 131 98 201 
21 207 92 211 
16 141 80 51 
15 32 56 115 
76 173 93 25 
6 44 17 193 
65 80 112 102 
13 102 109 51 
49 117 131 215 
29 101 135 33 
99 163 136 202 
39 76 110 228 
46 239 83 184 
19 139 104 5 
10 10 26 43 
20 158 43 224 
25 66 114 130 
36 63 125 10 
22 20 70 202 
122 130 126 189 
64 104 129 90 
14 173 91 197 
31 210 123 208 
58 98 128 214 
35 133 54 19 
41 10 63 224 
94 30 111 123 
34 22 50 59 
52 66 115 54 
27 68 42 24 
90 120 124 193 
33 82 138 44 
68 12 86 31 
44 234 118 134 
81 194 103 114 
67 232 69 27 
48 107 116 246 
4 193 5 5 
84 176 108 206 
12 135 53 207 
28 219 102 255 
117 237 137 166 
66 182 89 24 
121 5 132 115 
100 29 119 89 
57 26 127 160 
61 189 79 77 
38 22 47 167 
59 167 82 153 
32 244 37 63 
44 214 65 152 
70 107 106 133 
6 158 109 3 
3 109 116 145 
114 228 126 20 
47 47 94 123 
72 152 132 201 
23 131 40 156 
69 68 86 77 
10 97 137 233 
12 49 73 41 
53 162 134 198 
26 218 91 16 
21 208 28 116 
46 23 63 227 
95 19 138 201 
17 77 108 52 
29 130 58 49 
1 17 50 19 
48 200 93 32 
42 120 52 45 
18 75 39 235 
13 254 24 248 
38 243 120 158 
11 229 41 167 
54 157 76 238 
9 124 104 132 
31 63 89 116 
36 242 135 33 
61 185 107 194 
85 238 102 211 
77 84 121 17 
22 24 87 70 
59 182 125 226 
57 208 112 127 
7 163 35 121 
49 134 122 17 
127 42 139 172 
66 39 83 14 
81 8 129 24 
45 35 111 248 
19 205 115 121 
8 95 80 243 
79 116 118 55 
82 46 101 247 
105 217 113 51 
71 133 131 62 
25 116 103 67 
27 129 96 170 
33 255 128 209 
100 214 130 6 
98 251 123 148 
4 90 43 24 
15 169 90 15 
119 218 124 144 
14 83 20 97 
67 39 74 135 
16 216 62 90 
92 128 140 225 
30 191 97 84 
56 79 78 90 
60 106 117 212 
55 33 84 36 
5 216 88 11 
110 69 136 53 
2 231 75 138 
51 144 99 192 
68 136 133 128 
21 134 71 252 
9 196 99 52 111 67 
25 20 116 7 124 40 
26 111 61 22 109 240 
49 64 102 193 103 138 
23 88 33 242 78 150 
108 89 112 11 122 90 
69 193 81 215 104 106 
10 17 43 217 113 21 
1 170 47 72 121 18 
17 246 50 51 68 58 
24 202 44 7 98 104 
5 138 77 93 115 100 
8 156 20 254 52 75 
45 76 101 75 106 89 
14 36 87 215 110 196 
41 127 79 181 84 79 
19 1 95 15 129 12 
13 98 70 181 118 142 
36 225 51 30 133 130 
3 204 46 82 62 53 
32 245 72 145 131 63 
2 201 80 35 123 49 
83 151 91 151 134 159 
58 196 73 243 126 243 
7 25 11 254 137 169 
16 62 54 90 92 185 
29 224 55 152 138 196 
35 249 67 233 75 26 
18 141 48 158 63 8 
66 7 119 212 139 41 
15 25 37 87 64 225 
30 184 65 157 107 129 
97 81 128 122 140 254 
53 62 93 50 114 107 
42 226 59 162 117 241 
40 219 89 128 132 99 
88 126 120 115 136 13 
31 144 34 158 90 91 
22 228 82 67 96 254 
39 221 86 210 100 49 
56 19 94 208 127 240 
6 197 27 211 74 143 
4 183 57 92 105 252 
12 224 28 20 38 91 
68 110 125 161 130 61 
8 167 76 191 85 164 
3 239 113 188 135 177 
5 186 60 117 109 185 
111 180 119 18 131 118 
48 170 104 163 136 101 
9 164 20 53 25 125 
33 9 59 25 92 153 
24 215 77 244 78 253 
30 161 36 231 117 103 
42 198 70 212 80 180 
57 145 98 60 115 56 
79 192 83 38 96 234 
13 151 88 26 103 82 
91 228 101 91 137 45 
1 169 7 194 138 149 
16 94 43 193 82 27 
39 76 75 207 116 96 
14 126 100 1 129 164 
54 2 58 74 108 235 
19 86 26 88 85 145 
32 69 93 240 130 103 
122 192 133 49 139 188 
6 40 12 50 112 249 
31 57 44 149 128 109 
4 136 51 219 89 104 
40 33 106 54 140 205 
28 23 46 44 121 69 
49 29 52 98 123 238 
29 63 41 181 94 165 
64 87 84 11 134 222 
23 143 45 19 114 72 
35 51 97 58 126 88 
38 33 52 37 110 76 
53 251 66 22 87 34 
21 231 69 12 127 37 
34 150 81 193 132 161 
2 173 99 90 132 188 
102 148 118 237 135 85 
56 169 105 239 120 105 
65 187 67 26 102 209 
17 148 72 206 117 239 
15 84 61 65 62 57 
22 149 107 100 125 45 
63 147 73 189 74 170 
27 249 55 41 86 130 
76 113 90 89 105 132 
37 79 50 94 95 42 
18 46 47 244 124 57 
11 9 71 95 112 114 
10 145 126 209 134 238 
40 224 60 243 129 13 
20 24 81 20 131 237 
3 61 94 86 109 48 
21 20 50 177 87 82 
39 62 91 41 123 168 
19 29 31 61 47 217 
15 206 33 83 73 77 
56 165 63 159 103 200 
37 83 96 70 114 8 
80 191 93 132 139 103 
41 157 59 154 62 254 
1 149 25 101 66 96 
17 4 46 109 89 140 
5 53 7 159 21 137 
16 30 99 127 118 238 
13 137 27 238 45 228 
35 177 48 186 77 59 
58 99 65 48 82 140 
101 138 110 77 128 210 
28 225 64 137 74 122 
18 34 43 233 137 131 
14 29 42 69 75 171 
92 145 97 175 124 197 
29 156 53 166 67 126 
4 248 24 6 49 213 
68 111 84 179 136 65 
60 45 98 144 133 25 
32 93 83 115 103 78 
85 191 108 150 125 139 
8 78 36 103 86 43 
11 77 92 248 107 40 
90 88 104 50 115 66 
2 27 26 214 120 21 
4 222 54 12 72 132 
38 159 70 189 116 56 
61 143 88 97 121 220 
38 242 44 139 76 16 
9 49 23 156 74 190 
51 112 78 56 87 37 
55 87 70 12 122 69 
6 175 113 241 119 245 
12 100 111 149 138 133 
22 45 34 211 56 196 
71 53 100 11 140 95 
79 222 95 252 106 227 
23 174 127 90 135 199 
10 123 67 226 106 199 
57 184 69 19 116 160 
30 146 45 167 130 134 
35 253 41 13 101 232 
2 81 46 195 133 73 
58 100 78 68 123 151 
56 21 89 156 124 68 
102 30 114 224 136 226 
5 44 10 105 16 217 
3 88 90 105 129 123 
108 227 109 224 110 152 
11 184 84 241 128 179 
6 12 37 208 47 69 
18 10 65 160 79 177 
29 197 68 184 112 253 
24 170 53 63 111 18 
39 83 60 29 115 162 
54 158 77 32 81 139 
69 88 73 191 120 58 
30 51 71 9 88 232 
51 11 127 180 131 57 
76 182 135 133 138 157 
52 192 84 120 121 107 
12 173 51 46 83 98 
14 214 36 107 114 16 
22 235 32 28 119 190 
34 5 75 186 93 155 
16 31 49 179 100 244 
25 100 28 227 98 7 
42 227 62 135 130 114 
20 25 97 36 122 13 
13 54 47 250 72 42 
48 242 82 194 140 39 
19 69 27 73 107 255 
60 131 97 249 143 53 227 145 319 67 386 119 485 195 497 8 564 129 651 17 710 170 761 169 808 149 
59 191 87 117 207 10 243 115 324 34 362 61 457 120 552 104 569 67 698 231 723 201 783 173 829 27 847 81 
26 81 127 70 159 78 246 69 287 114 400 233 442 216 523 188 574 161 636 109 721 204 748 239 799 61 852 88 
8 5 88 141 197 12 265 164 338 155 399 4 472 253 544 174 620 193 685 90 744 183 771 136 821 248 830 222 
65 48 114 5 155 179 255 18 349 22 414 216 444 168 531 110 620 5 696 216 713 138 749 186 810 53 851 44 
46 235 125 201 179 252 261 239 317 58 365 25 459 246 529 71 588 44 635 158 743 197 769 40 837 175 855 12 
68 114 94 53 199 135 277 226 299 18 389 207 435 91 522 78 582 200 668 163 726 25 761 194 810 159 
19 19 132 223 208 138 252 150 337 244 405 20 451 24 487 236 568 12 675 95 714 156 747 167 826 78 
33 170 111 191 191 65 212 145 345 93 368 77 435 51 565 117 576 25 659 124 702 196 752 164 834 49 
36 226 78 226 157 162 232 204 285 136 411 4 453 100 538 1 597 10 642 97 709 17 796 145 843 123 851 105 
69 44 95 87 192 250 210 168 333 62 396 157 488 159 498 230 577 160 657 229 726 254 795 9 827 77 854 184 
34 202 126 48 154 146 245 37 330 28 407 153 441 14 539 250 622 135 643 49 745 224 769 50 838 100 866 173 
30 16 111 222 182 215 238 157 328 181 373 221 463 177 504 34 590 102 655 254 719 98 759 151 812 137 874 54 
21 9 93 145 150 42 228 187 328 5 390 108 465 64 557 151 604 173 688 83 716 36 764 126 818 29 867 214 
58 194 134 23 148 195 237 198 332 23 393 190 478 130 520 150 586 32 686 169 732 25 788 84 803 206 
51 214 129 207 147 187 233 149 340 187 416 135 454 251 515 134 585 141 690 216 727 62 762 94 811 30 851 217 870 31 
61 67 100 183 199 193 218 181 323 100 348 221 420 211 517 148 588 193 649 77 711 246 787 148 809 4 
11 12 85 96 184 173 262 241 337 62 358 248 441 84 513 91 576 86 654 75 730 141 794 46 817 34 856 10 
61 18 82 202 164 152 223 140 331 210 397 222 433 231 544 237 596 139 674 205 718 1 766 86 802 29 876 69 
15 220 71 70 181 163 189 246 350 245 367 208 436 194 516 127 598 158 688 97 714 254 752 53 798 24 873 25 
46 189 117 138 198 41 215 123 289 128 397 72 470 229 563 183 584 207 646 208 701 134 781 231 800 20 810 137 
5 138 72 141 189 221 279 47 334 209 370 51 469 83 523 8 601 20 665 24 740 228 789 149 839 45 868 235 
16 107 77 44 158 174 240 55 330 117 366 161 448 171 506 168 508 191 640 131 706 88 777 143 834 156 842 174 
4 217 85 137 161 246 243 139 323 123 393 8 483 11 524 58 540 190 655 248 712 202 754 215 821 6 858 170 
1 242 130 126 186 4 283 30 294 206 419 29 460 178 551 228 599 66 680 116 703 20 752 125 808 101 871 100 
62 7 76 89 154 7 268 2 336 34 353 33 469 134 522 53 597 43 645 218 704 111 766 88 829 214 
25 179 84 209 195 145 231 127 329 8 398 102 449 244 532 85 612 68 681 129 743 211 791 249 812 238 876 73 
63 54 108 21 205 118 258 244 347 203 378 234 476 214 541 200 623 219 646 116 745 20 773 23 816 225 871 227 
7 144 93 171 149 7 236 219 303 204 358 65 430 116 551 126 592 101 650 130 728 224 775 63 820 156 857 197 
68 170 91 227 188 202 269 172 300 146 378 113 471 109 479 52 562 251 692 191 733 184 755 161 845 146 862 51 
23 93 103 111 157 253 282 230 294 52 360 67 428 232 506 228 605 210 660 63 739 144 770 57 802 61 
18 88 81 180 151 41 223 106 352 222 404 7 477 172 508 191 572 65 632 244 722 245 767 69 824 93 868 28 
36 83 86 56 159 186 244 194 329 174 384 32 484 131 494 226 614 82 682 255 706 242 753 9 803 83 
53 175 84 238 174 41 213 126 341 80 383 63 431 114 498 9 579 174 610 22 739 158 782 150 839 211 869 5 
37 55 134 54 204 195 254 97 283 9 375 190 439 50 547 21 607 133 668 121 729 249 778 51 813 177 846 253 
27 245 101 228 179 81 221 172 295 165 404 90 439 68 538 86 600 63 661 242 720 225 755 231 826 103 867 107 
24 146 119 246 153 116 255 193 310 118 380 221 445 100 536 99 574 129 632 63 732 87 793 79 805 83 855 208 
37 120 129 84 165 180 222 111 346 145 377 125 464 51 545 112 630 22 656 243 745 91 779 33 831 159 833 242 
47 86 113 61 177 116 277 45 350 67 387 29 489 219 511 223 594 76 654 235 741 221 763 76 801 62 859 83 
25 242 108 200 186 155 257 24 353 61 416 138 440 63 497 214 573 49 640 156 737 219 772 33 797 224 
63 203 133 23 144 119 256 14 304 212 421 198 474 21 514 129 608 10 657 167 717 127 775 181 807 157 846 13 
52 64 119 179 212 53 265 225 291 35 401 145 453 100 537 137 612 24 653 120 736 226 756 198 818 69 872 227 
43 137 105 163 204 157 247 96 327 194 371 236 490 182 556 116 598 224 685 24 709 217 762 193 817 233 
17 50 137 225 168 121 214 7 305 115 355 209 470 249 556 33 616 234 633 214 712 7 770 149 833 139 
8 222 89 84 152 144 226 89 289 169 385 225 454 12 513 231 553 222 673 35 715 76 777 19 812 228 845 167 
54 41 138 163 180 56 249 175 326 136 398 118 450 62 527 191 595 239 647 23 721 82 773 44 809 109 847 195 
9 75 79 241 203 214 279 231 298 76 396 159 457 125 562 138 630 167 638 47 710 72 794 244 802 217 855 69 874 250 
59 11 137 214 201 135 238 31 314 77 356 77 438 95 510 206 619 107 652 200 730 158 751 170 813 186 875 242 
24 218 136 222 185 110 231 120 299 188 356 13 486 195 512 92 591 117 669 134 705 64 774 29 821 213 870 179 
51 122 71 53 182 218 232 163 288 37 381 50 493 23 530 223 610 59 651 19 711 51 793 94 800 177 
10 196 123 221 195 69 242 46 342 77 408 169 430 172 482 171 577 187 699 144 720 30 771 219 835 112 863 11 866 46 
49 24 112 135 148 54 263 39 268 241 392 108 467 196 546 53 611 66 653 45 714 75 774 98 779 37 865 192 
15 92 110 140 211 174 271 129 297 61 362 220 481 31 555 64 622 207 644 162 735 62 780 251 820 166 858 63 
70 99 104 51 205 74 230 193 321 164 380 220 436 53 505 222 607 19 658 157 727 90 765 2 830 12 860 158 
35 249 104 152 203 83 215 180 322 61 363 241 448 155 559 13 583 131 695 33 728 152 791 41 836 87 
20 28 125 149 146 243 224 239 327 194 387 13 425 90 503 74 586 115 693 79 742 19 785 169 804 165 839 196 849 21 
21 108 120 249 200 23 273 195 298 238 354 97 440 165 517 248 628 26 667 208 744 92 757 145 844 184 
44 211 132 31 210 10 257 250 292 75 394 11 433 177 535 32 606 98 650 49 725 196 765 74 814 99 848 100 
20 172 123 182 160 92 259 128 320 141 388 179 463 36 559 4 631 167 666 182 736 162 753 25 807 154 
48 49 106 140 178 11 254 137 318 30 379 87 486 26 530 138 539 26 694 106 749 117 797 243 823 45 859 29 
22 196 139 29 167 121 219 197 322 254 345 204 492 182 526 202 629 189 662 185 704 22 788 65 832 143 
32 56 121 58 172 69 269 138 312 245 406 80 472 156 516 239 554 163 690 90 721 53 788 57 807 254 872 135 
55 106 116 202 173 84 228 249 310 192 361 144 455 235 526 62 608 224 647 227 730 8 790 147 804 159 
53 108 120 194 194 52 250 39 316 70 409 171 447 242 542 198 578 139 603 104 732 225 776 87 816 137 
52 93 80 125 180 174 224 73 339 17 419 80 424 35 561 212 589 80 633 152 733 157 786 187 814 48 856 160 
26 219 101 161 202 94 258 238 296 217 403 190 488 21 540 229 625 182 671 39 731 7 780 22 808 96 
57 161 140 113 187 228 278 113 311 36 412 41 466 62 495 237 618 232 689 39 729 233 786 26 820 126 843 226 
6 143 95 135 163 124 219 197 307 57 360 189 423 39 507 77 615 12 700 136 711 58 746 110 822 111 857 184 
14 136 128 69 160 119 233 87 306 53 376 37 452 21 524 28 618 27 641 68 708 193 781 12 844 19 861 88 
48 233 133 121 166 25 273 170 335 243 359 180 417 115 501 5 601 202 634 107 719 181 756 212 831 189 836 12 
4 213 72 105 169 91 241 252 286 135 379 12 429 140 550 166 565 57 679 133 701 252 795 95 840 53 862 9 
66 24 122 79 202 51 236 136 305 157 382 145 425 253 543 31 575 80 639 152 722 145 787 206 830 132 874 42 
42 48 81 215 185 47 281 55 290 255 369 196 461 165 566 167 571 70 643 41 725 243 790 189 803 77 861 191 
64 98 97 155 166 248 251 196 302 8 382 223 422 172 519 52 570 84 689 135 743 143 790 170 816 122 834 190 
6 17 89 90 142 77 260 123 347 172 418 193 480 48 512 92 560 205 698 138 729 26 763 207 818 171 869 186 
5 154 136 152 187 59 261 52 304 46 366 5 465 9 496 250 587 173 658 238 747 191 792 113 833 16 864 182 
3 245 127 16 141 243 280 172 344 189 368 32 459 33 557 96 575 248 664 84 713 93 754 244 813 59 860 32 
9 185 138 94 142 151 234 58 272 175 364 44 475 173 509 149 582 208 693 90 706 150 754 253 835 56 848 68 
3 129 77 50 206 41 253 65 338 187 374 83 485 80 552 246 629 77 676 116 717 181 758 192 841 222 856 177 
39 76 140 137 156 214 218 206 244 202 407 146 455 40 528 205 585 51 675 243 723 35 756 180 806 191 
39 63 79 71 190 32 270 134 295 10 399 150 422 106 525 147 617 194 672 8 708 215 782 193 798 20 860 139 
28 4 114 112 193 31 284 147 317 209 392 142 447 177 560 223 631 153 677 46 740 67 762 27 814 140 875 194 
44 130 109 62 191 74 275 163 335 35 412 164 444 172 553 173 595 184 671 14 724 151 758 38 824 115 866 98 
41 217 124 141 170 178 246 146 290 152 414 198 462 130 503 251 621 176 695 36 717 79 776 11 822 179 854 241 865 120 
67 46 128 153 155 158 234 231 302 252 391 212 460 221 510 174 579 19 663 238 747 164 766 145 825 191 
29 144 76 62 153 230 248 64 293 227 413 158 475 18 490 157 615 31 641 77 741 210 791 130 826 43 
31 169 124 194 208 32 276 80 315 57 406 43 426 84 547 238 573 157 665 70 716 215 780 34 800 82 835 37 
10 172 83 117 177 39 214 245 354 237 401 114 443 143 495 146 549 28 696 11 738 126 759 26 832 97 862 232 
22 64 74 45 165 16 278 58 293 161 367 45 438 3 542 85 625 24 660 116 737 128 771 104 809 140 849 156 
7 49 73 202 169 24 253 29 300 216 349 151 456 143 528 56 613 120 686 15 739 91 792 89 828 88 852 105 
32 217 117 159 161 203 235 180 346 14 383 98 445 254 564 75 604 197 645 16 724 151 760 228 801 41 
50 75 107 39 145 217 225 81 316 231 386 132 468 71 499 45 584 211 691 128 727 185 753 153 819 145 827 248 
41 103 139 197 188 30 251 120 342 138 411 145 483 65 535 107 587 25 652 32 735 50 767 240 806 132 869 155 
12 147 83 34 163 177 241 240 340 251 352 231 487 124 519 238 609 30 638 123 742 208 775 165 799 86 
34 14 91 6 171 96 274 238 325 97 410 42 452 86 533 134 570 95 648 19 718 15 793 42 841 252 
40 133 106 20 196 171 272 108 348 242 402 85 468 139 545 55 581 207 681 170 740 254 758 234 805 70 
12 182 126 128 209 216 229 182 287 252 364 89 434 202 504 142 563 152 692 84 734 81 778 58 819 175 873 36 
50 111 74 164 162 179 252 168 309 244 369 94 491 144 529 194 583 201 684 251 712 104 757 60 823 144 871 7 
13 129 113 62 143 21 266 44 282 110 405 116 442 39 541 195 593 163 699 192 702 52 783 90 811 127 
45 205 100 62 158 24 275 169 341 30 388 246 476 55 555 212 627 29 683 214 741 49 764 1 840 11 870 244 
66 44 82 80 181 67 245 232 291 178 415 42 423 158 499 76 569 130 677 247 715 75 760 91 815 138 846 232 
35 62 115 183 141 38 247 51 301 37 415 251 482 236 558 124 623 255 663 211 705 193 784 148 786 209 850 30 
62 3 118 60 198 181 266 162 343 23 409 188 456 108 481 70 617 114 680 67 705 138 759 82 804 200 824 78 
38 191 75 250 200 92 235 228 285 34 418 153 451 209 543 125 596 5 659 132 708 106 751 163 828 50 
45 19 112 238 201 7 221 68 319 36 395 254 437 172 507 45 581 245 678 217 744 252 785 239 792 132 
70 92 94 159 150 181 239 1 309 100 400 239 431 99 520 99 534 116 634 133 715 89 772 54 841 227 843 199 
13 206 109 162 149 165 270 70 281 178 371 9 467 92 493 33 580 36 662 194 733 129 789 100 827 40 876 255 
55 188 130 73 171 253 226 29 334 57 395 207 491 70 549 163 621 206 649 52 707 89 765 235 825 150 853 227 
38 248 110 28 192 172 240 77 339 182 357 207 427 105 515 206 590 51 635 3 704 240 749 185 799 48 853 224 
56 54 102 17 213 9 216 202 308 214 363 64 466 162 566 99 594 228 697 69 716 196 779 76 815 77 853 152 
49 33 116 112 175 148 259 128 333 160 374 3 426 182 567 51 609 123 673 248 702 67 750 180 838 149 858 18 
60 212 105 162 164 48 260 100 315 11 373 209 484 47 502 99 589 102 667 127 707 11 769 249 795 114 857 253 
18 136 99 39 173 137 267 250 308 62 408 55 480 111 550 67 578 156 678 51 709 21 748 188 837 241 
54 155 73 250 162 48 263 156 331 238 376 137 474 186 511 84 599 130 637 228 735 107 777 72 805 8 850 224 867 16 
64 26 80 236 207 205 267 53 321 172 384 175 473 102 518 72 611 54 674 121 713 100 757 56 828 66 859 162 
16 239 135 83 145 9 242 213 313 51 381 154 478 212 521 95 619 246 636 145 703 7 763 96 831 56 844 160 
47 98 99 21 206 194 222 209 292 67 391 74 458 60 500 103 624 237 694 212 736 241 755 103 787 239 
58 89 96 3 190 116 216 94 307 237 372 249 450 173 531 12 616 134 676 55 719 142 784 237 811 238 
14 98 98 128 197 48 239 205 318 11 394 151 428 244 558 52 627 89 687 218 731 212 750 18 837 245 868 190 
31 154 103 64 183 250 230 101 284 253 420 29 434 233 532 159 548 226 656 158 738 115 785 105 829 21 861 58 
1 10 90 191 156 237 271 238 320 170 413 197 477 44 534 150 626 5 664 17 710 18 773 69 832 220 865 107 
67 205 75 58 151 221 237 157 311 6 344 98 479 100 548 222 602 130 669 17 707 90 768 192 836 69 873 13 
27 102 131 104 167 196 250 187 306 89 370 174 446 23 502 248 605 208 684 148 723 49 774 238 801 168 848 151 
42 52 131 209 196 30 220 66 351 105 357 122 443 94 505 250 613 193 687 144 703 40 794 57 819 197 849 68 
57 7 98 157 176 253 262 38 313 60 343 147 462 14 518 132 600 10 666 226 746 161 789 45 825 139 
33 211 90 224 172 20 225 123 296 210 372 49 473 133 496 161 602 189 637 20 725 243 778 88 796 209 
28 177 102 232 184 18 227 191 297 156 375 247 471 196 537 15 628 160 670 42 742 240 781 37 842 90 863 180 
2 52 118 58 147 192 280 2 326 60 359 33 437 248 536 35 606 214 682 209 734 122 770 109 815 210 854 179 
11 61 78 255 175 225 256 160 301 2 355 91 461 151 509 149 603 90 672 24 718 12 764 164 797 13 852 123 
30 178 115 59 193 209 220 59 274 64 403 103 464 28 527 132 568 175 683 6 746 61 767 103 845 134 872 114 
65 12 107 65 144 200 229 220 324 197 377 189 432 94 561 139 591 215 679 62 722 63 750 118 798 237 863 57 
43 240 92 108 176 95 209 174 312 225 361 156 427 216 501 70 626 115 639 201 737 99 782 161 783 188 
56 62 122 94 152 30 217 88 351 231 389 221 494 183 514 180 580 138 700 128 720 130 768 49 823 25 847 73 
29 14 135 179 183 214 217 76 286 166 410 245 424 230 500 61 525 84 644 198 724 159 776 222 796 238 
2 219 87 170 174 92 276 102 325 109 402 6 489 131 492 85 592 33 661 33 748 177 784 85 842 199 864 133 
69 103 86 72 178 133 248 8 303 229 365 48 432 146 554 33 593 202 697 53 738 13 751 101 822 65 850 226 
17 65 88 50 170 149 211 50 332 189 417 241 449 240 533 234 624 166 642 233 726 169 760 45 817 131 
23 187 92 80 194 197 249 250 314 233 385 81 429 240 546 41 614 44 648 201 728 196 761 149 838 133 864 157 
40 10 121 168 168 149 264 142 336 36 390 213 458 233 521 115 571 236 670 172 731 41 768 188 806 103 
19 103 96 55 146 21 264 186 288 186 421 12 446 21 567 199 572 167 691 225 734 254 772 205 840 95 875 39 
