980 244 256
3 10
2 2 2 2 2 2 2 2 2 2 2 2 2 2 2 2 2 2 2 2 2 2 2 2 2 2 2 2 2 2 2 2 2 2 2 2 2 2 2 2 2 2 2 2 2 2 2 2 2 2 2 2 2 2 2 2 2 2 2 2 2 2 2 2 2 2 2 2 2 2 2 2 2 2 2 2 2 2 2 2 2 2 2 2 2 2 2 2 2 2 2 2 2 2 2 2 2 2 2 2 2 2 2 2 2 2 2 2 2 2 2 2 2 2 2 2 2 2 2 2 2 2 2 2 2 2 2 2 2 2 2 2 2 2 2 2 2 2 2 2 2 2 2 2 2 2 2 2 2 2 2 2 2 2 2 2 2 2 2 2 2 2 2 2 2 2 2 2 2 2 2 2 2 2 2 2 2 2 2 2 2 2 2 2 2 2 2 2 2 2 2 2 2 2 2 2 2 2 2 2 2 2 2 2 2 2 2 2 2 2 2 2 2 2 2 2 2 2 2 2 2 2 2 2 2 2 2 2 2 2 2 2 2 2 2 2 2 2 2 2 2 2 2 2 2 2 2 2 2 2 2 2 2 2 2 2 2 2 2 2 2 2 2 2 2 2 2 2 2 2 2 2 2 2 2 2 2 2 2 2 2 2 2 2 2 2 2 2 2 2 2 2 2 2 2 2 2 2 2 2 2 2 2 2 2 2 2 2 2 2 2 2 2 2 2 2 2 2 2 2 2 2 2 2 2 2 2 2 2 2 2 2 2 2 2 2 2 2 2 2 2 2 2 2 2 2 2 2 2 2 2 2 2 2 2 2 2 2 2 2 2 2 2 2 2 2 2 2 2 2 2 2 2 2 2 2 2 2 2 2 2 2 2 2 2 2 2 2 2 2 2 2 2 2 2 2 2 2 2 2 2 2 2 2 2 2 2 2 2 2 2 2 2 2 2 2 2 2 2 2 2 2 2 2 2 2 2 2 2 2 2 2 2 2 2 2 2 2 2 2 2 2 2 2 2 2 2 2 2 2 2 2 2 2 2 2 2 2 2 2 2 2 2 2 2 2 2 2 2 2 2 2 2 2 2 2 2 2 2 2 2 2 2 2 2 2 2 2 2 2 2 2 2 2 2 2 2 2 2 2 2 2 2 2 2 2 2 2 2 2 2 2 2 2 2 2 2 2 2 2 2 2 2 2 2 2 2 2 2 2 2 2 2 2 2 2 2 2 2 2 2 2 2 2 2 2 2 2 2 2 2 2 2 2 2 2 2 2 2 2 2 2 2 2 2 2 2 2 2 2 2 2 2 2 2 2 2 2 2 2 2 2 2 2 2 2 2 2 2 2 2 2 2 2 2 2 2 2 2 2 2 2 2 2 2 2 2 2 2 2 2 2 2 2 2 2 2 2 2 2 2 2 2 2 2 2 2 2 2 2 2 2 2 2 2 2 2 2 2 2 2 2 2 2 2 2 2 2 2 2 2 2 2 2 2 2 2 2 2 2 2 2 2 2 2 2 2 2 2 2 2 2 2 2 2 2 2 2 2 2 2 2 2 2 2 2 2 2 2 2 2 2 2 2 2 2 2 2 2 2 2 2 2 2 2 2 2 2 2 2 2 2 2 2 2 2 2 2 2 2 2 2 2 2 2 2 2 2 2 2 2 2 2 2 2 2 2 2 2 2 2 2 2 2 2 2 2 2 2 2 2 2 2 2 2 2 2 2 2 2 2 2 2 2 2 2 2 2 2 2 2 2 2 2 2 2 2 2 2 2 2 2 2 2 3 3 3 3 3 3 3 3 3 3 3 3 3 3 3 3 3 3 3 3 3 3 3 3 3 3 3 3 3 3 3 3 3 3 3 3 3 3 3 3 3 3 3 3 3 3 3 3 3 3 3 3 3 3 3 3 3 3 3 3 3 3 3 3 3 3 3 3 3 3 3 3 3 3 3 3 3 3 3 3 3 3 3 3 3 3 3 3 3 3 3 3 3 3 3 3 3 3 3 3 3 3 3 3 3 3 3 3 3 3 3 3 3 3 3 3 3 3 3 3 3 3 3 3 3 3 3 3 3 3 3 3 3 3 3 3 3 3 3 3 3 3 3 3 3 3 3 3 3 3 3 3 3 3 3 3 3 3 3 3 3 3 3 3 3 3 3 3 3 3 3 3 3 3 3 3 3 3 3 3 3 3 3 3 3 3 3 3 3 3 3 3 3 3 3 3 
9 9 9 9 9 9 9 9 10 9 9 9 9 8 9 9 9 9 9 9 9 9 9 9 9 9 9 9 9 8 9 9 9 9 9 9 9 9 9 9 9 9 8 9 9 8 8 9 9 9 8 9 9 9 9 8 9 9 9 9 9 8 9 9 8 9 9 8 8 9 9 9 9 9 9 9 9 8 9 9 9 9 8 9 9 9 9 9 9 9 9 9 9 9 9 9 8 9 8 9 9 9 9 8 9 9 9 8 9 8 9 9 9 9 9 8 9 9 9 9 9 9 9 8 9 9 9 8 9 9 9 8 9 9 9 9 8 8 9 9 9 8 9 9 9 8 9 9 8 9 9 9 9 9 9 9 9 9 10 8 9 9 8 8 9 8 9 9 9 9 9 8 9 8 9 9 9 9 9 9 8 8 9 9 9 9 9 9 10 9 9 8 9 9 9 9 9 9 9 9 9 8 8 9 9 9 8 9 9 9 9 9 9 9 9 9 9 10 9 8 9 9 8 9 9 9 9 9 8 9 9 9 9 9 9 9 9 8 8 9 9 9 9 9 
208 111 241 77 
85 96 192 19 
61 224 122 239 
19 60 125 215 
14 47 156 85 
21 213 151 210 
133 178 149 35 
159 113 210 11 
28 41 66 180 
15 106 153 254 
69 79 173 222 
90 201 103 76 
18 114 23 86 
34 81 170 178 
56 188 62 217 
2 33 182 88 
137 250 139 176 
186 245 205 90 
38 245 98 245 
51 77 180 55 
16 157 167 15 
97 184 121 197 
41 7 195 241 
22 130 120 56 
100 78 199 169 
25 150 63 109 
26 131 230 62 
55 53 235 164 
88 255 236 60 
13 191 89 236 
141 23 155 53 
54 79 223 100 
92 45 197 159 
207 106 239 238 
58 210 177 7 
4 148 59 158 
33 171 135 181 
214 39 224 215 
87 41 118 35 
1 156 82 59 
73 89 126 159 
172 8 225 136 
74 91 145 155 
20 108 228 190 
160 175 232 144 
130 166 234 28 
75 185 132 134 
53 2 220 39 
40 49 202 121 
111 168 213 79 
124 202 175 190 
24 26 152 90 
7 225 67 1 
6 157 206 220 
39 206 140 18 
148 190 161 95 
83 252 187 75 
191 29 226 43 
32 90 78 75 
36 218 221 87 
35 99 193 22 
165 222 188 237 
189 28 229 209 
8 98 49 200 
115 149 203 59 
31 208 42 208 
44 34 57 131 
86 30 240 97 
147 101 211 184 
76 11 178 178 
93 54 107 73 
106 73 163 13 
43 28 242 91 
128 192 129 228 
64 34 95 128 
79 167 215 164 
138 41 143 177 
77 212 237 101 
80 167 94 241 
108 247 144 116 
70 187 174 151 
72 130 233 132 
113 168 127 248 
154 178 164 24 
200 165 217 58 
17 199 45 151 
96 53 162 127 
105 46 222 184 
10 142 244 73 
158 188 171 4 
5 186 46 131 
9 137 146 49 
65 165 183 240 
81 183 231 162 
52 4 196 18 
12 71 102 174 
91 109 238 90 
47 178 166 242 
169 147 212 245 
27 215 216 248 
185 122 201 86 
30 18 119 227 
37 51 71 1 
116 111 190 97 
60 43 198 58 
50 64 179 118 
134 223 204 106 
29 229 227 221 
110 161 219 158 
11 217 243 123 
114 152 150 122 
109 171 142 124 
3 166 99 234 
84 216 123 218 
131 250 209 252 
117 4 168 27 
181 242 194 252 
48 99 68 90 
112 43 176 122 
101 80 184 74 
157 124 218 90 
104 92 136 49 
141 118 240 220 
85 73 126 57 
239 235 243 207 
179 110 217 3 
160 108 176 230 
94 236 104 170 
51 105 213 2 
228 231 230 142 
14 208 25 190 
40 51 127 175 
3 66 17 168 
24 154 147 115 
15 181 161 163 
20 243 139 158 
62 136 88 81 
35 237 181 227 
5 21 110 43 
168 200 214 156 
39 72 198 135 
7 219 66 214 
131 13 226 169 
99 128 188 228 
118 255 174 150 
108 205 229 238 
142 59 192 246 
38 224 172 207 
95 83 167 155 
34 242 154 80 
18 126 120 107 
76 83 128 55 
2 46 208 241 
54 158 212 10 
58 105 79 139 
86 67 196 182 
140 151 200 54 
26 100 52 254 
19 177 155 59 
149 186 184 251 
45 69 197 132 
182 250 186 71 
103 5 218 118 
50 88 77 253 
81 195 109 88 
91 63 152 36 
71 221 232 100 
63 158 224 114 
75 2 225 40 
22 70 191 37 
36 249 115 229 
112 44 150 122 
33 212 148 76 
31 171 37 175 
70 113 113 184 
132 11 234 248 
82 203 114 173 
121 80 194 161 
6 177 47 99 
153 91 177 184 
102 137 223 180 
123 130 222 45 
125 182 231 96 
170 155 171 253 
1 71 135 18 
98 116 158 72 
56 56 136 241 
137 245 210 43 
4 90 32 191 
10 235 195 251 
44 14 83 18 
157 49 220 36 
9 155 78 29 
57 174 72 120 
12 192 206 213 
183 106 190 115 
189 172 204 244 
42 220 97 185 
8 171 13 41 
11 50 59 236 
55 195 134 90 
116 126 159 114 
84 34 162 83 
48 230 151 237 
23 154 30 72 
65 231 144 82 
92 195 215 153 
41 51 68 71 
87 42 238 133 
73 251 169 196 
89 232 202 70 
61 159 211 160 
46 135 242 24 
100 154 175 6 
21 75 221 225 
201 244 233 23 
164 241 185 120 
129 201 199 235 
16 174 74 151 
49 110 69 212 
216 229 237 204 
64 17 173 66 
28 2 90 151 
93 155 166 142 
209 222 219 207 
133 82 203 174 
105 192 241 16 
43 102 244 197 
106 89 111 148 
96 113 180 180 
67 21 122 101 
80 156 207 51 
145 134 235 175 
27 148 138 192 
60 142 236 45 
117 16 205 6 
163 216 193 164 
29 211 187 134 
53 97 227 111 
119 107 143 63 
146 214 178 190 
101 209 107 84 
124 136 156 128 
130 62 165 252 
104 157 152 59 
110 181 150 149 
9 176 54 155 
130 50 240 178 
194 95 223 48 
70 16 215 28 
182 125 189 96 
83 182 214 7 
113 49 133 27 
108 41 138 125 
23 53 142 112 
31 104 170 59 
46 233 62 16 
55 211 207 201 
15 95 156 167 
49 95 154 205 
34 16 159 118 
90 50 234 157 
59 75 196 26 
1 166 96 146 
77 180 107 11 
10 202 173 141 
175 4 210 81 
39 195 139 204 
187 65 212 101 
75 12 93 163 
74 130 111 239 
72 214 91 94 
7 150 161 120 
17 198 106 149 
68 127 125 47 
21 181 80 182 
160 55 186 13 
19 245 123 145 
131 143 188 177 
122 171 181 1 
12 63 41 240 
100 210 221 185 
47 197 176 9 
200 23 222 161 
120 249 211 21 
51 169 98 181 
128 124 209 82 
57 255 179 194 
26 103 118 76 
220 21 235 102 
3 9 201 160 
81 218 92 56 
89 53 178 180 
126 152 172 205 
35 72 60 186 
136 249 158 59 
40 6 180 22 
144 241 165 33 
37 13 155 96 
121 237 174 234 
167 220 230 97 
65 104 102 123 
129 34 241 21 
22 199 64 39 
28 147 43 142 
85 208 198 145 
42 199 237 146 
52 166 117 243 
151 158 168 118 
114 143 116 207 
192 72 243 224 
148 206 204 4 
27 164 63 4 
140 93 218 166 
14 129 16 53 
6 228 177 33 
127 35 143 44 
20 122 146 13 
61 32 84 169 
30 1 199 197 
226 76 227 56 
58 111 94 221 
67 180 164 74 
32 12 171 153 
33 66 44 19 
82 81 103 230 
2 66 69 10 
203 141 242 46 
163 184 166 193 
134 74 184 181 
86 147 153 157 
36 44 78 79 
45 228 137 102 
5 38 145 21 
48 231 202 49 
110 82 231 17 
124 247 225 114 
115 241 233 209 
101 92 228 203 
24 238 25 108 
11 172 162 187 
105 91 183 229 
13 237 132 38 
229 10 236 4 
8 128 87 98 
197 113 224 44 
4 244 195 40 
50 61 109 54 
112 5 147 131 
99 143 239 189 
141 35 169 77 
97 61 157 174 
71 61 76 180 
149 35 190 40 
208 199 213 253 
73 23 238 140 
53 50 206 185 
38 150 191 197 
18 225 62 226 
29 17 119 81 
95 156 135 3 
172 176 205 242 
10 7 217 3 
79 224 208 69 
45 34 56 169 
193 31 244 18 
66 34 216 51 
119 52 185 245 
161 250 219 121 
203 98 232 89 
26 177 88 25 
24 74 157 157 
41 3 137 205 
29 152 244 159 
30 35 134 129 
37 86 95 18 
87 155 131 49 
39 21 219 155 
9 196 18 30 
101 44 122 139 
111 71 238 87 
31 190 99 31 
1 180 12 199 
40 73 198 224 
168 166 190 197 
237 205 241 233 
126 47 216 201 
13 155 55 150 
146 187 177 81 
58 143 85 18 
89 33 179 136 
158 130 184 124 
218 53 221 5 
188 75 217 181 
124 145 194 2 
15 111 105 68 
4 53 25 155 
106 11 148 222 
201 101 225 56 
94 77 123 100 
27 162 178 147 
22 239 183 6 
20 105 165 126 
17 101 147 192 
16 198 142 252 
7 5 152 129 
68 41 189 147 
48 75 156 22 
42 94 187 20 
181 91 224 94 
176 206 212 152 
100 203 141 223 
129 168 236 91 
92 181 191 155 
104 219 173 49 
53 41 155 251 
215 242 234 21 
83 89 192 25 
205 240 235 245 
34 116 166 201 
8 208 35 70 
52 91 143 123 
159 78 220 151 
50 1 210 143 
193 145 240 91 
2 178 46 208 
21 225 107 125 
65 219 91 79 
114 136 138 105 
59 251 226 90 
5 53 93 101 
162 137 229 173 
109 85 160 12 
28 76 223 236 
47 228 200 70 
82 156 136 18 
19 162 63 220 
90 3 128 96 
72 104 125 255 
44 167 70 42 
213 110 214 62 
80 137 223 127 
144 218 232 97 
36 4 118 47 
64 155 127 127 
68 134 120 253 
174 194 222 112 
38 65 242 195 
140 31 185 156 
132 65 167 131 
69 152 139 245 
113 124 206 217 
130 72 180 249 
75 194 195 20 
67 126 71 152 
6 56 197 84 
32 193 60 132 
84 102 145 123 
97 192 231 10 
149 64 209 68 
66 14 230 199 
14 252 154 49 
51 78 164 3 
98 6 121 75 
102 209 170 104 
150 120 243 2 
182 161 227 117 
74 22 171 47 
103 212 163 89 
88 190 207 249 
135 62 151 169 
73 61 211 8 
78 86 81 234 
23 200 96 5 
77 206 196 7 
169 187 204 13 
115 162 153 25 
61 17 86 189 
11 188 133 39 
186 62 228 15 
76 48 117 19 
56 5 57 159 
79 173 159 109 
3 184 43 34 
49 58 199 105 
108 164 175 13 
116 242 233 96 
112 91 202 223 
11 193 54 70 
175 107 239 187 
33 39 78 190 
7 28 239 251 
132 94 212 200 
31 7 177 145 
76 88 204 159 
67 40 70 188 
30 67 152 117 
103 155 182 109 
18 140 237 88 
62 11 155 104 
28 27 213 3 
50 106 90 30 
141 232 190 237 
94 104 186 145 
111 119 113 22 
164 7 183 68 
219 28 244 114 
80 31 191 231 
109 8 201 232 
69 140 86 164 
122 128 142 209 
49 4 206 166 
168 136 217 227 
148 4 165 117 
96 98 173 174 
48 127 193 50 
208 194 225 242 
98 4 243 207 
25 122 130 135 
65 164 202 255 
74 95 100 105 
10 103 73 37 
163 3 207 161 
45 135 180 242 
33 78 104 118 
64 92 181 124 
92 124 108 95 
112 180 118 38 
35 120 233 42 
32 225 61 253 
55 214 153 27 
26 48 41 227 
101 50 138 27 
15 204 171 50 
41 200 83 177 
4 251 99 75 
145 35 197 31 
127 59 169 45 
91 255 196 203 
157 32 232 59 
135 141 242 168 
52 41 158 138 
47 171 66 70 
38 117 146 253 
84 167 234 115 
12 23 188 223 
133 245 216 47 
136 48 144 98 
107 172 198 24 
79 236 151 197 
29 172 124 21 
37 58 39 253 
42 136 123 231 
5 13 183 176 
217 161 236 100 
9 126 154 89 
185 71 238 77 
19 104 106 171 
3 156 184 176 
116 228 167 252 
1 127 160 196 
36 220 227 92 
139 199 174 252 
54 191 161 93 
82 7 89 86 
8 143 143 233 
44 90 235 77 
199 9 231 168 
85 33 97 103 
58 71 209 122 
27 193 34 125 
14 166 57 75 
24 99 88 40 
59 169 218 122 
121 67 195 82 
6 114 211 98 
137 183 203 194 
129 57 194 115 
125 91 176 167 
126 192 222 201 
77 208 229 71 
114 163 200 204 
179 181 228 3 
128 251 187 26 
63 134 205 167 
75 215 224 172 
22 2 115 13 
16 39 117 87 
46 21 170 12 
20 231 220 104 
120 106 140 175 
110 114 172 42 
2 92 147 217 
21 64 72 6 
105 248 230 187 
43 232 87 21 
81 187 156 170 
178 215 192 41 
53 222 162 80 
51 242 95 40 
93 149 119 228 
150 211 189 159 
131 156 166 92 
134 185 214 90 
23 215 215 121 
102 169 240 32 
60 124 210 210 
13 207 17 74 
56 183 226 173 
40 124 241 185 
14 114 149 255 
17 97 71 9 
45 112 221 48 
175 132 214 249 
125 169 146 126 
165 172 216 243 
51 17 72 4 
36 194 75 95 
48 191 71 86 
209 136 221 129 
140 36 205 244 
106 135 124 133 
170 50 174 21 
10 126 55 203 
4 72 128 228 
70 63 218 158 
93 24 232 93 
137 140 169 127 
33 212 40 173 
3 212 84 216 
104 249 201 212 
138 227 153 163 
202 95 220 54 
22 161 236 107 
162 29 172 11 
196 4 197 106 
82 69 161 119 
1 159 29 224 
97 132 204 200 
110 41 181 225 
11 222 151 103 
127 112 186 92 
215 172 228 166 
86 130 187 74 
12 123 107 9 
79 74 158 170 
118 49 142 29 
157 118 171 131 
47 190 62 187 
99 92 120 84 
114 53 213 161 
28 207 53 221 
177 125 185 243 
9 97 145 172 
34 251 189 3 
150 24 234 126 
25 234 242 73 
167 130 226 232 
19 29 243 30 
49 231 126 222 
2 70 192 204 
54 185 233 167 
27 189 212 61 
108 50 195 83 
56 3 61 125 
73 4 156 15 
98 109 160 96 
122 43 159 46 
116 74 121 19 
32 92 190 202 
44 245 141 199 
105 28 210 42 
37 238 87 14 
111 230 179 242 
193 192 222 196 
57 25 239 148 
188 70 208 26 
59 62 134 130 
200 42 227 228 
64 96 166 234 
63 153 69 119 
129 53 238 98 
16 201 144 118 
38 36 103 156 
88 76 219 176 
60 24 176 156 
65 114 225 46 
30 203 95 8 
13 246 133 20 
92 51 198 201 
20 28 35 226 
91 66 182 88 
119 111 130 164 
77 101 244 246 
83 153 163 85 
152 206 178 22 
15 249 155 71 
194 7 235 19 
24 78 101 83 
89 128 123 247 
43 38 85 28 
1 220 224 193 
147 185 168 132 
139 168 229 214 
6 212 241 86 
5 86 104 240 
7 132 8 63 
52 52 231 180 
180 170 207 176 
31 25 96 68 
148 77 191 85 
117 163 206 94 
199 93 203 129 
100 59 202 88 
90 9 173 187 
39 211 74 60 
67 32 217 52 
94 246 154 248 
21 46 105 42 
66 32 78 193 
113 13 136 169 
42 14 151 143 
41 198 164 250 
50 92 211 188 
68 179 209 190 
108 69 135 98 
143 26 223 6 
109 136 240 204 
23 174 190 204 
132 86 140 253 
58 194 112 252 
149 142 230 80 
131 225 205 1 
46 111 134 88 
6 125 184 229 
13 206 81 62 
76 191 237 35 
26 142 124 99 
17 73 102 78 
18 115 80 243 
115 204 117 9 
52 232 96 72 
42 134 150 143 
126 30 160 58 
85 76 91 42 
61 49 213 79 
144 51 187 23 
135 246 185 15 
116 216 197 38 
114 139 131 185 
77 200 235 131 
189 79 201 156 
19 133 182 127 
23 87 98 10 
20 115 93 81 
49 199 82 200 
161 24 166 73 
76 21 101 117 
27 9 221 144 
37 54 50 177 
7 147 86 89 
118 229 136 8 
154 67 244 182 
162 76 164 155 
32 203 55 5 
12 109 167 5 
9 23 121 210 
152 177 234 49 
199 103 227 52 
38 101 45 170 
69 117 232 245 
57 224 75 97 
63 131 95 218 
40 27 59 9 
218 225 223 188 
143 190 237 128 
31 138 127 17 
206 92 207 29 
80 7 139 247 
34 32 73 21 
51 214 153 37 
83 246 171 33 
90 230 115 127 
64 19 156 220 
102 200 128 55 186 220 
110 68 179 10 180 181 
22 135 53 177 192 64 
94 97 214 138 216 242 
16 49 35 202 79 228 
78 135 188 11 193 251 
39 81 125 205 138 40 
130 161 211 6 225 216 
33 160 84 110 210 191 
168 221 194 105 226 184 
147 75 155 212 195 21 
43 57 181 98 200 26 
11 185 44 99 87 232 
54 183 58 172 236 251 
14 70 137 157 177 37 
18 146 29 177 67 229 
4 39 72 133 163 120 
222 79 231 84 239 190 
21 193 170 221 172 185 
71 30 149 240 224 91 
28 92 60 217 204 107 
10 169 56 166 198 240 
65 238 70 227 219 51 
122 173 132 94 229 181 
46 195 106 192 212 49 
24 186 123 173 233 117 
25 110 68 60 238 55 
88 105 100 24 208 141 
158 73 175 22 178 76 
74 255 81 240 242 201 
103 168 119 234 133 228 
111 225 146 234 173 8 
66 170 89 24 120 26 
148 82 174 93 196 110 
5 121 99 170 159 203 
48 111 62 97 228 66 
3 15 141 176 191 2 
8 187 19 42 184 82 
112 14 145 75 240 169 
92 181 129 122 157 200 
26 186 30 206 220 50 
131 58 203 221 215 19 
91 66 109 80 230 13 
107 203 169 151 243 29 
15 33 133 221 142 55 
36 68 97 22 228 76 
2 89 113 198 231 28 
165 55 176 98 218 69 
13 25 83 121 241 164 
47 98 77 81 183 64 
137 130 161 181 168 154 
147 212 185 113 215 65 
57 87 69 234 183 31 
37 134 126 35 194 231 
63 191 202 27 204 219 
160 105 217 116 234 91 
128 109 135 93 222 198 
48 74 84 240 113 56 
23 155 138 238 225 129 
116 29 130 35 192 182 
65 214 78 27 184 191 
136 133 237 115 242 33 
11 208 64 183 144 214 
34 149 98 78 140 43 
54 185 175 130 182 84 
15 101 76 195 188 138 
21 254 112 119 173 202 
108 139 120 95 196 62 
46 252 89 131 142 69 
6 171 10 127 186 24 
95 82 171 247 244 2 
9 107 127 90 208 105 
8 41 111 50 159 47 
31 123 214 13 235 100 
1 129 211 86 220 182 
34 41 44 50 230 182 
68 34 105 140 162 217 
12 4 97 230 104 253 
56 70 79 158 150 118 
38 216 67 189 123 71 
106 31 117 63 198 121 
53 32 72 9 237 22 
51 215 94 39 145 22 
61 166 129 123 166 63 
88 208 90 85 224 252 
22 126 119 188 170 125 
20 17 81 46 114 69 
158 191 164 214 165 190 
102 64 156 6 229 159 
189 34 206 96 213 12 
33 108 219 95 232 196 
25 142 174 95 226 6 
14 85 30 47 176 163 
85 218 96 83 100 47 
149 249 227 112 240 160 
59 41 73 76 115 227 
26 168 193 35 243 71 
103 116 139 246 179 134 
122 85 157 190 207 200 
86 215 124 30 209 30 
110 1 154 20 155 235 
92 221 134 62 190 185 
4 238 36 204 143 12 
131 40 180 76 212 124 
24 210 40 134 49 19 
2 147 18 194 35 6 
52 158 94 87 132 11 
27 72 41 121 43 41 
82 73 141 9 197 40 
32 243 203 127 223 37 
66 238 151 58 199 122 
42 35 80 223 200 240 
58 215 87 93 101 17 
139 245 201 56 241 58 
3 254 16 65 29 22 
7 43 55 57 121 174 
74 2 153 193 181 181 
75 178 148 100 187 178 
152 12 169 7 172 49 
17 80 39 219 47 9 
41 75 62 98 233 140 
50 232 125 17 221 209 
28 239 45 33 93 194 
5 13 146 152 167 193 
141 99 216 118 236 52 
70 230 178 89 238 167 
163 119 177 160 205 116 
60 166 197 58 239 107 
118 57 195 80 210 67 
59 246 71 34 109 217 
70 178 99 238 107 169 
50 37 121 51 191 19 
66 164 71 224 233 108 
24 163 106 74 133 104 
76 177 125 179 214 78 
61 89 89 27 244 187 
49 101 67 131 112 30 
23 226 42 17 111 8 
39 193 187 23 236 58 
55 95 144 107 231 33 
6 121 152 95 209 67 
118 133 130 64 213 21 
148 65 159 136 199 215 
31 77 60 51 81 252 
8 46 135 65 190 164 
113 129 114 230 194 143 
7 239 80 95 189 218 
159 7 186 12 218 4 
91 29 136 180 168 47 
2 57 177 177 216 96 
13 71 90 121 107 134 
36 145 82 205 170 28 
63 166 92 105 154 69 
5 246 11 110 222 57 
44 149 53 12 212 127 
33 251 103 184 120 199 
45 82 72 191 215 209 
26 54 101 8 115 128 
88 192 205 229 240 190 
86 177 123 165 228 150 
73 27 145 139 151 88 
48 27 143 36 217 145 
37 207 100 57 185 175 
64 34 210 15 226 26 
27 118 32 154 127 35 
3 169 171 83 176 210 
9 166 183 132 234 65 
93 213 155 28 218 98 
167 27 201 74 235 146 
52 137 169 126 200 218 
10 22 119 240 196 130 
9 89 117 32 157 138 
179 145 195 136 206 226 
57 196 161 103 242 86 
129 125 175 109 230 120 
16 252 75 238 178 164 
28 8 77 164 79 162 
4 250 74 138 243 6 
17 47 225 32 227 74 
95 66 150 229 162 100 
109 177 140 97 173 48 
158 183 204 79 241 192 
18 33 58 15 165 90 
38 149 189 10 232 129 
54 199 198 213 211 252 
19 69 20 130 96 30 
156 241 180 21 208 101 
29 244 98 104 105 133 
25 212 188 231 219 75 
1 250 40 241 153 63 
85 233 147 158 193 32 
15 50 35 205 221 197 
22 161 84 248 87 45 
21 5 122 99 134 171 
12 199 126 192 184 218 
102 108 191 216 224 234 
40 156 185 71 264 166 383 180 561 127 638 159 702 220 859 129 974 250 
16 33 153 46 327 66 426 178 593 92 661 70 831 89 890 147 934 57 
113 166 133 66 291 9 484 184 559 156 630 212 821 15 899 254 950 169 
36 148 189 90 347 244 397 53 536 251 625 72 801 39 887 238 962 250 
91 186 139 21 334 38 431 53 554 13 706 86 819 121 908 13 938 246 
54 157 179 177 316 228 456 56 576 114 705 212 735 125 854 171 925 121 
53 225 142 219 273 150 406 5 492 28 707 132 761 147 900 43 931 239 
64 98 199 171 345 128 421 208 566 143 707 63 822 187 857 41 929 46 
92 137 193 155 247 176 379 196 556 126 654 97 767 23 856 107 951 166 956 89 
89 142 190 235 266 202 363 7 522 103 624 126 806 169 854 127 955 22 
110 217 200 50 341 172 479 188 489 193 641 222 797 185 847 208 938 110 
96 71 195 192 281 63 383 199 546 23 645 123 766 109 862 4 979 199 
30 191 199 41 343 237 388 155 608 207 689 246 736 206 833 25 935 71 
5 47 131 208 315 129 462 252 572 166 611 114 799 70 877 85 
10 106 135 181 259 95 396 111 534 204 697 249 829 33 850 101 976 50 
21 157 219 174 315 53 405 198 588 39 683 201 789 49 899 65 960 252 
86 199 133 168 274 198 404 101 608 74 612 97 739 73 904 80 963 47 
13 114 151 126 359 225 379 30 499 140 740 115 800 146 890 194 967 33 
4 60 159 177 278 245 437 162 558 104 659 29 753 133 822 42 970 69 
44 108 136 243 318 122 403 105 590 231 691 28 755 115 871 17 970 130 
6 213 215 75 276 181 427 225 594 64 719 46 803 193 851 254 978 5 
24 130 170 70 304 199 402 239 587 2 634 161 787 135 870 126 977 161 
13 86 205 154 255 53 474 200 605 215 729 174 754 87 843 155 922 226 
52 26 134 154 340 238 372 74 573 99 699 78 810 186 889 210 918 163 
26 150 131 190 340 108 397 155 519 122 657 234 811 110 876 142 973 212 
27 131 158 100 289 103 371 177 532 48 738 142 825 186 881 168 942 54 
100 215 234 148 313 164 401 162 571 193 663 189 759 9 892 72 949 118 
9 41 223 2 305 147 434 76 501 27 652 207 805 92 907 239 961 8 
108 229 238 211 360 17 374 152 551 172 638 224 800 177 899 22 972 244 
102 18 205 72 320 1 375 35 497 67 688 203 825 206 877 47 
66 208 174 171 256 104 382 190 494 7 710 25 777 138 858 123 928 77 
59 90 189 191 324 12 457 193 530 225 670 92 765 203 894 243 949 154 
37 171 173 212 325 66 491 39 525 78 629 212 793 160 875 108 940 251 
14 81 150 242 261 16 420 116 571 125 655 251 780 32 848 149 860 41 
61 99 138 237 295 72 421 70 529 120 691 226 789 202 890 6 976 205 
60 218 171 249 332 44 444 4 562 220 618 194 830 68 887 204 936 145 
103 51 174 175 299 13 376 86 552 58 673 238 760 54 838 134 947 207 
19 245 148 224 358 150 448 65 544 117 684 36 770 101 864 216 968 149 
55 206 141 72 268 195 378 21 552 253 716 211 791 81 904 219 923 193 
49 49 132 51 297 6 384 73 610 124 629 173 774 27 889 134 974 241 
23 7 208 51 281 240 373 3 532 227 535 200 723 198 892 121 905 75 
66 208 198 220 307 199 409 94 553 136 722 14 743 134 896 35 922 17 
73 28 228 102 305 142 484 34 596 232 701 38 796 57 892 41 
67 34 191 14 325 19 440 167 567 90 671 245 797 99 860 50 939 149 
86 151 161 69 333 228 365 34 524 135 613 112 770 170 907 33 941 82 
91 131 213 135 257 233 426 208 589 21 734 111 809 195 853 252 
98 178 179 99 283 197 435 228 543 171 649 190 834 98 904 9 
118 99 204 230 335 231 408 75 516 127 619 191 820 111 842 74 946 27 
64 200 220 110 260 95 485 58 512 4 660 231 756 199 889 19 921 101 
106 64 164 88 348 61 424 1 502 106 724 92 760 177 906 232 916 37 
20 77 129 105 286 169 463 78 600 242 617 17 781 214 867 215 
95 4 158 254 308 166 422 91 542 41 708 52 742 232 891 158 954 137 
48 2 239 97 357 50 416 41 599 222 652 221 787 177 866 32 939 12 
32 79 154 158 247 155 489 70 564 191 662 185 798 183 849 185 969 199 
28 53 201 195 258 211 388 150 531 214 624 203 765 5 900 57 924 95 
15 188 187 56 365 169 482 5 609 183 665 3 806 166 863 70 
67 131 194 174 288 255 482 159 572 75 676 25 772 224 837 87 958 196 
35 210 155 105 322 111 390 143 570 71 731 194 798 172 897 215 967 15 
36 158 200 236 263 75 430 251 574 169 678 62 774 9 880 41 914 246 
105 43 235 142 295 186 457 132 607 124 686 24 805 217 912 166 928 51 
3 224 212 159 319 32 478 17 530 253 665 125 746 49 868 166 920 89 
15 217 137 136 257 16 359 226 500 11 649 187 820 97 905 98 
26 109 168 158 313 4 437 220 585 134 681 153 773 131 839 191 937 166 
75 34 222 17 304 39 445 155 526 92 680 96 784 19 847 183 948 34 
93 165 206 231 302 104 428 219 520 164 687 114 807 238 845 214 
9 180 142 214 367 34 461 14 543 70 720 32 817 170 895 238 917 164 
53 1 231 21 323 180 455 126 496 40 717 32 800 229 864 189 921 131 
118 90 208 71 275 127 407 41 446 134 725 179 811 60 861 34 
11 79 220 212 327 10 451 152 510 140 681 119 771 117 837 234 
81 187 175 113 250 16 440 42 496 188 626 63 807 227 910 230 915 178 
103 1 167 221 353 61 455 152 612 9 619 86 804 30 914 34 917 224 
82 130 194 120 272 214 439 104 594 6 617 4 801 133 866 9 941 191 
41 89 210 251 356 23 472 61 522 37 666 4 780 21 880 76 945 27 
43 91 219 151 271 130 468 22 521 95 716 60 814 255 901 2 962 138 
47 185 169 2 270 12 454 194 586 215 618 95 772 97 902 178 960 238 
70 11 152 83 353 180 481 48 495 88 737 191 758 21 850 195 919 177 
78 212 164 253 265 180 475 206 581 208 694 101 751 200 834 81 961 164 
59 75 193 29 332 79 473 86 491 190 720 193 790 135 845 27 
76 167 155 139 364 224 483 173 550 236 646 74 789 228 863 158 961 162 
79 167 232 156 276 182 442 137 508 31 740 243 779 7 896 223 931 95 
94 183 165 195 292 218 473 234 597 187 736 62 814 240 871 46 928 252 
40 59 177 203 326 81 436 156 565 7 637 69 756 200 893 73 936 205 
57 252 191 18 252 182 418 89 535 177 695 153 782 246 833 121 
114 216 203 34 319 169 458 102 545 167 630 216 793 110 842 240 977 248 
2 96 124 73 306 208 390 18 569 33 701 28 745 76 878 218 975 233 
68 30 156 67 331 147 478 189 510 164 644 130 761 89 884 215 944 177 
39 41 209 42 345 98 377 155 596 21 673 14 797 232 897 93 977 45 
29 255 137 81 371 25 470 190 573 40 685 76 812 105 869 208 943 192 
30 236 211 232 293 53 391 33 565 86 700 128 817 24 853 131 920 27 
12 201 223 151 262 50 438 3 502 30 715 9 783 230 869 85 935 121 
97 109 166 63 272 94 428 79 539 255 692 66 745 42 827 66 933 29 
33 45 207 195 292 56 414 181 527 124 690 51 824 181 886 221 937 105 
71 54 224 155 270 163 431 101 601 149 627 24 755 81 907 194 952 213 
79 241 128 236 322 221 400 77 504 104 718 246 788 97 867 39 891 87 
75 128 149 83 361 156 376 18 600 40 688 8 773 218 855 82 964 66 
87 53 230 113 264 146 474 5 515 98 710 68 742 72 878 83 970 30 
22 184 198 185 352 61 459 192 569 103 639 132 830 22 862 230 
19 245 186 116 286 181 464 6 518 4 667 109 754 10 848 78 972 104 
113 234 144 128 350 143 382 31 536 75 650 92 819 170 915 238 
25 78 214 154 282 210 412 203 521 105 714 59 812 24 878 47 947 57 
120 80 242 209 339 92 380 44 533 50 699 83 758 117 897 17 942 8 
96 174 181 137 302 123 465 209 606 169 739 78 785 200 873 64 980 108 
12 76 163 5 326 230 469 212 498 155 684 156 815 168 882 116 940 184 
122 92 128 170 245 157 415 219 525 118 631 249 706 240 862 253 
88 46 227 192 342 91 396 68 595 248 672 28 719 42 861 140 972 133 
72 73 229 89 274 149 398 11 558 171 622 135 809 192 865 31 918 74 
71 73 242 84 265 11 427 125 549 172 645 9 828 203 915 169 935 134 
80 247 146 205 254 41 486 164 527 95 664 50 726 69 852 139 
112 171 165 88 348 54 433 85 509 8 728 136 827 80 914 217 965 177 
109 161 139 43 246 181 336 82 592 114 640 41 786 68 885 1 
50 168 229 148 271 239 381 71 505 119 674 230 816 225 857 50 922 8 
119 43 172 44 349 5 488 91 528 180 731 252 823 14 851 119 921 30 
83 168 175 184 253 49 452 124 505 22 721 13 831 198 842 56 930 129 
111 152 177 173 310 143 429 136 582 163 651 53 750 139 871 69 930 230 
65 149 171 229 338 241 477 162 587 13 741 204 783 127 880 227 942 128 
104 111 202 126 310 207 487 242 560 228 669 74 749 216 844 29 
116 4 236 16 308 243 481 19 588 87 712 163 741 9 865 63 956 32 
39 35 145 255 289 76 444 47 528 38 647 49 762 229 913 57 926 133 
102 227 240 107 360 81 368 52 601 228 693 111 815 234 870 188 955 240 
24 56 151 107 285 249 446 253 591 106 650 84 817 26 852 95 940 199 
22 197 178 80 300 237 464 75 575 67 669 19 767 210 900 174 916 51 
3 239 231 101 280 171 380 139 511 128 668 43 808 173 883 85 978 99 
114 218 182 130 278 145 400 100 553 231 700 247 810 173 864 71 944 165 
51 202 243 136 337 247 395 145 551 21 622 133 738 99 884 30 
4 215 183 182 275 47 439 255 579 91 615 169 791 205 906 17 919 179 
41 159 124 57 294 152 387 47 580 192 660 222 744 30 838 35 979 192 
83 248 132 175 317 35 445 127 538 59 642 112 777 17 856 90 949 35 
74 192 152 55 287 124 438 96 584 251 625 228 785 55 841 109 
74 228 218 201 303 34 413 168 578 57 682 53 824 122 868 123 959 125 
46 166 244 62 248 50 453 72 519 135 693 164 792 161 844 35 926 64 
115 250 143 13 279 143 377 49 603 156 733 225 750 185 826 58 888 40 
47 134 176 11 343 38 450 65 493 94 730 86 808 94 891 11 
7 178 226 82 253 27 479 39 547 245 689 20 815 228 829 221 918 104 
107 223 201 90 330 74 375 129 604 185 678 130 734 88 886 62 978 171 
37 181 185 18 361 3 471 62 541 141 726 98 748 246 841 93 929 65 
122 49 187 241 296 249 436 18 548 48 721 169 762 8 846 133 933 180 
17 250 188 245 333 102 373 205 577 183 628 140 799 157 835 130 
77 41 234 192 254 125 429 105 533 27 632 227 791 40 843 238 
17 176 136 158 268 204 451 245 563 199 704 168 779 247 882 246 898 245 
55 18 157 151 314 93 449 31 591 175 621 36 730 253 848 43 965 97 
31 23 123 118 351 35 412 223 503 232 671 199 821 176 893 9 909 99 
112 124 147 59 255 112 405 252 511 209 647 29 829 55 853 69 
77 177 240 63 317 44 422 123 566 233 727 26 776 190 887 12 946 36 
80 116 206 82 298 241 443 218 548 98 683 118 747 51 847 214 924 107 
43 155 233 134 334 21 458 123 537 35 654 172 823 75 867 22 945 139 
92 49 241 214 318 13 389 187 544 253 615 126 816 234 908 152 
69 101 134 115 349 131 404 192 593 217 703 185 795 75 836 212 975 158 
56 190 173 76 312 206 398 222 514 4 711 77 818 82 902 100 927 65 
7 35 160 186 354 35 460 64 611 255 732 142 804 240 879 249 
111 122 172 122 246 149 466 120 602 211 656 24 743 143 863 118 964 229 
6 210 204 237 309 158 471 169 550 197 641 103 722 143 895 58 945 88 
52 90 166 36 245 59 406 129 497 117 696 206 768 177 903 12 925 95 
10 254 180 91 331 157 477 25 531 27 632 163 781 37 901 193 974 63 
84 178 150 80 260 205 462 49 556 89 718 248 763 67 885 20 937 69 
31 53 159 59 299 96 416 251 500 104 697 71 795 212 885 235 952 28 
5 85 243 128 259 167 408 22 597 170 666 15 784 220 873 6 971 241 
121 124 192 49 352 174 372 157 540 32 648 118 824 200 883 190 956 138 
90 188 186 72 296 59 392 130 542 138 646 170 813 73 872 191 966 183 
8 113 202 114 261 118 423 78 483 109 668 46 819 203 857 47 927 136 932 7 
45 175 127 108 277 55 433 12 561 196 667 96 744 58 840 105 
56 95 135 163 273 120 369 250 564 93 637 119 757 24 835 181 958 103 
87 127 203 83 341 187 432 137 599 80 635 29 764 76 861 217 964 100 
72 13 237 216 329 184 469 89 523 3 695 85 801 120 911 119 
84 24 217 241 323 74 463 3 506 7 723 250 764 155 872 214 
62 222 244 252 298 33 403 126 514 117 616 172 832 55 872 190 967 90 
98 242 224 142 329 193 420 201 603 92 680 234 757 73 868 63 
21 15 149 155 301 220 450 131 560 252 658 130 766 5 908 193 953 27 
116 27 140 200 309 118 385 166 513 136 703 132 794 221 835 154 933 47 
99 147 210 196 351 77 476 187 538 45 628 127 828 151 903 7 954 126 
14 178 184 155 256 59 465 104 589 12 623 50 803 221 870 125 936 28 
90 4 184 253 324 153 468 47 534 50 648 131 782 33 855 247 950 83 
42 8 148 207 294 205 362 176 592 42 635 11 803 185 903 49 
11 222 222 66 266 141 415 49 515 174 715 187 816 8 851 202 965 48 
81 151 145 150 300 234 447 194 563 252 623 21 818 93 876 95 
51 190 214 6 267 4 486 13 490 107 614 132 813 22 849 130 959 109 
119 122 127 230 283 9 411 206 579 167 686 156 832 98 877 163 950 210 
35 7 180 184 316 33 389 81 494 145 653 125 799 37 911 160 934 177 
70 178 241 190 293 180 401 147 598 215 696 22 813 76 910 89 960 164 
106 118 126 110 288 194 391 136 583 181 674 242 786 10 882 134 957 145 
20 55 230 180 297 22 453 249 524 242 709 170 786 181 888 76 971 21 
117 242 138 227 280 1 410 91 526 124 640 225 796 98 901 181 
16 88 162 250 251 125 467 161 498 109 692 88 753 127 849 84 
93 240 196 106 342 229 402 6 506 68 554 176 834 64 837 31 951 132 
120 74 160 251 330 181 392 124 559 176 735 229 822 82 845 191 979 218 
101 122 217 120 368 245 449 156 557 71 653 243 748 15 836 113 947 175 
18 245 162 71 277 13 480 62 504 145 642 92 785 220 854 24 932 12 
57 75 238 134 269 65 409 20 584 26 644 74 747 23 902 178 923 23 
62 237 144 228 279 177 394 75 546 223 677 70 790 11 850 138 973 231 
63 28 197 172 251 96 407 147 602 159 655 3 752 79 874 34 931 218 968 10 
104 97 196 115 354 40 385 197 503 237 670 202 729 204 886 185 929 164 
58 29 170 37 358 197 414 155 508 231 711 85 821 2 916 19 980 216 
2 19 147 246 311 72 418 25 598 41 661 204 787 64 844 182 
61 22 237 164 366 31 425 145 516 50 675 192 790 251 881 35 975 32 
117 252 178 161 249 95 395 2 578 115 698 7 794 105 838 231 930 143 
23 241 190 251 347 40 454 20 575 82 664 83 795 21 913 80 957 136 
95 18 156 182 263 26 475 7 539 203 636 4 818 110 852 62 955 130 
33 159 161 132 346 113 456 84 537 31 636 106 749 38 893 40 912 58 
105 58 141 135 306 145 384 224 549 24 690 201 806 240 865 121 969 213 
25 169 218 235 320 197 485 105 568 9 713 93 769 103 895 122 927 215 
85 165 157 54 284 23 435 70 582 204 679 42 796 26 896 240 954 218 
101 86 216 244 291 160 399 101 509 232 631 212 752 156 898 56 953 74 
49 121 211 70 335 49 488 223 520 255 633 95 714 88 839 27 
65 59 226 174 328 141 370 98 577 194 713 129 826 221 894 127 
107 106 197 244 312 4 476 13 495 159 639 200 805 107 839 219 966 79 
18 90 236 6 362 242 419 240 585 167 621 244 733 1 911 116 943 229 
54 220 195 213 357 185 452 217 512 166 712 94 778 92 874 96 957 226 
34 106 232 51 258 201 470 249 523 161 709 176 778 29 883 200 
1 111 153 241 355 199 364 69 517 194 677 26 812 141 856 105 971 101 
115 252 225 222 287 82 460 68 570 122 620 136 725 190 884 30 925 67 
8 11 188 43 267 81 424 143 607 210 672 42 793 191 913 67 948 15 
69 184 212 160 285 21 472 8 576 98 724 188 792 6 859 86 969 252 
99 245 154 10 269 101 411 152 493 200 663 61 809 49 888 124 939 127 
50 79 129 2 355 253 441 110 501 3 651 161 746 79 874 12 926 21 
38 39 140 156 252 7 441 62 604 90 614 249 788 138 858 13 919 78 
76 164 207 153 250 28 417 242 605 121 643 172 826 19 836 65 941 209 
100 248 221 229 367 51 387 201 547 47 616 243 788 242 909 118 934 96 
85 58 126 3 363 3 394 181 513 227 555 161 717 52 840 116 946 145 
121 90 163 118 314 166 393 53 574 122 626 158 775 225 832 69 932 4 952 98 
109 158 225 207 369 121 378 155 507 28 685 176 807 51 875 95 973 75 
48 39 192 36 290 21 423 151 590 104 633 54 825 50 859 182 
60 87 215 225 282 185 393 5 613 48 620 129 759 144 906 209 976 197 
88 184 182 45 284 161 447 112 580 201 675 196 802 79 841 198 938 57 
32 100 181 180 249 48 434 236 442 127 727 6 775 188 894 37 
38 215 168 114 346 44 410 94 586 172 702 193 804 91 869 252 980 234 
42 136 169 40 337 114 399 56 517 242 687 46 792 216 843 129 963 32 
58 43 143 169 321 76 430 90 609 173 658 232 794 184 876 6 948 26 
108 221 239 111 321 56 467 117 562 92 679 228 769 52 879 112 963 74 
44 190 130 231 339 203 480 15 583 3 643 166 820 66 830 76 944 150 
63 209 146 238 344 10 432 173 581 71 704 214 808 181 873 159 
27 62 130 142 301 97 461 199 595 187 732 80 827 13 860 182 959 120 
94 162 183 96 336 17 459 10 568 168 708 180 802 84 831 28 924 33 
45 144 167 100 370 89 443 97 540 59 627 93 771 245 875 196 968 129 
82 132 216 23 338 209 487 96 529 42 662 167 810 117 905 140 917 108 
46 28 176 248 262 157 417 21 545 115 656 126 768 49 840 91 951 65 
28 164 233 175 290 102 419 245 567 77 698 19 751 131 858 100 953 146 
29 60 235 45 344 4 413 91 555 100 634 107 798 251 909 52 923 58 
78 101 221 204 307 146 386 205 499 88 737 35 776 128 846 115 866 22 
97 90 209 133 356 140 381 87 557 77 682 98 811 55 910 167 
34 238 125 235 350 189 490 187 492 251 676 148 802 190 912 107 
68 97 123 220 248 178 425 91 606 32 728 204 823 169 879 160 943 190 
1 77 227 16 303 21 386 233 610 185 705 86 833 164 898 58 966 192 
73 91 213 24 328 46 448 195 541 168 657 73 814 201 846 33 958 86 
110 123 125 207 311 224 466 2 518 207 659 30 828 29 881 71 962 6 
89 73 228 197 366 18 374 159 507 114 694 246 763 182 855 2 920 187 
