743 7 256
3 234
2 2 2 2 2 2 2 2 2 2 2 2 2 2 2 2 2 2 2 2 2 2 2 2 2 2 2 2 2 2 2 2 2 2 2 2 2 2 2 2 2 2 2 2 2 2 2 2 2 2 2 2 2 2 2 2 2 2 2 2 2 2 2 2 2 2 2 2 2 2 2 2 2 2 2 2 2 2 2 2 2 2 2 2 2 2 2 2 2 2 2 2 2 2 2 2 2 2 2 2 2 2 2 2 2 2 2 2 2 2 2 2 2 2 2 2 2 2 2 2 2 2 2 2 2 2 2 2 2 2 2 2 2 2 2 2 2 2 2 2 2 2 2 2 2 2 2 2 2 2 2 2 2 2 2 2 2 2 2 2 2 2 2 2 2 2 2 2 2 2 2 2 2 2 2 2 2 2 2 2 2 2 2 2 2 2 2 2 2 2 2 2 2 2 2 2 2 2 2 2 2 2 2 2 2 2 2 2 2 2 2 2 2 2 2 2 2 2 2 2 2 2 2 2 2 2 2 2 2 2 2 2 2 2 2 2 2 2 2 2 2 2 2 2 2 2 2 2 2 2 2 2 2 2 2 2 2 2 2 2 2 2 2 2 2 2 2 2 2 2 2 2 2 2 2 2 2 2 2 2 2 2 2 2 2 2 2 2 2 2 2 2 2 2 2 2 2 2 2 2 2 2 2 2 2 2 2 2 2 2 2 2 2 2 2 2 2 2 2 2 2 2 2 2 2 2 2 2 2 2 2 2 2 2 2 2 2 2 2 2 2 2 2 2 2 2 2 2 2 2 2 2 2 2 2 2 2 2 2 2 2 2 2 2 2 2 2 2 2 2 2 2 2 2 2 2 2 2 2 2 2 2 2 2 2 2 2 2 2 2 2 2 2 2 2 2 2 2 2 2 2 2 2 2 2 2 2 2 2 2 2 2 2 2 2 2 2 2 2 2 2 2 2 2 2 2 2 2 2 2 2 2 2 2 2 2 2 2 2 2 2 2 2 2 2 2 2 2 2 2 2 2 2 2 2 2 2 2 2 2 2 2 2 2 2 2 2 2 2 2 2 2 2 2 2 2 2 2 2 2 2 2 2 2 2 2 2 2 2 2 2 2 2 2 2 2 2 2 2 2 2 2 2 2 2 2 2 2 2 2 2 2 2 2 2 2 2 2 2 2 2 2 2 2 2 2 2 2 2 2 2 2 2 2 2 2 2 2 2 2 2 2 2 2 2 2 2 2 2 2 2 2 2 2 2 2 2 2 2 2 2 2 2 2 2 2 2 2 2 2 2 2 2 2 2 2 2 2 2 2 2 2 2 2 2 2 2 2 2 2 2 2 2 2 3 3 3 3 3 3 3 3 3 3 3 3 3 3 3 3 3 3 3 3 3 3 3 3 3 3 3 3 3 3 3 3 3 3 3 3 3 3 3 3 3 3 3 3 3 3 3 3 3 3 3 3 3 3 3 3 3 3 3 3 3 3 3 3 3 3 3 3 3 3 3 3 3 3 3 3 3 3 3 3 3 3 3 3 3 3 3 3 3 3 3 3 3 3 3 3 3 3 3 3 3 3 3 3 3 3 3 3 3 3 3 3 3 3 3 3 3 3 3 3 3 3 3 3 3 3 3 3 3 3 3 3 3 3 3 3 3 3 3 3 3 3 3 3 3 3 3 3 3 
234 234 234 233 234 233 233 
5 239 7 241 
1 60 3 155 
2 121 6 107 
4 166 6 247 
2 243 5 5 
3 133 7 187 
1 160 4 250 
3 215 6 25 
4 7 7 203 
1 88 5 70 
2 35 7 58 
3 26 5 96 
1 166 2 199 
3 118 4 209 
5 60 6 93 
2 2 4 165 
6 231 7 120 
1 234 7 34 
2 228 3 70 
1 65 6 188 
4 232 5 214 
2 15 3 237 
1 173 7 2 
5 106 6 79 
4 45 7 207 
3 181 4 32 
1 67 6 252 
2 146 5 91 
5 58 7 127 
3 21 6 168 
2 171 4 107 
1 8 2 78 
3 52 4 205 
1 115 5 84 
6 80 7 77 
2 23 6 26 
1 110 4 70 
3 206 7 34 
5 46 6 102 
3 32 4 157 
2 188 7 143 
1 170 5 140 
2 198 5 81 
4 252 7 33 
1 126 3 83 
4 182 6 111 
5 97 6 57 
1 27 7 154 
2 184 3 130 
2 255 4 229 
3 25 7 117 
1 183 6 154 
3 192 5 135 
2 123 6 221 
1 201 7 141 
4 170 5 54 
6 56 7 109 
4 68 5 153 
1 78 3 159 
1 42 2 142 
2 61 4 95 
3 96 6 104 
5 221 7 167 
2 223 5 182 
3 219 6 190 
1 226 4 169 
3 143 7 101 
1 197 5 13 
4 128 6 82 
2 26 7 105 
1 9 2 31 
6 230 7 76 
3 240 5 108 
2 223 4 171 
1 192 3 107 
4 206 5 225 
6 182 7 207 
2 179 7 134 
1 90 6 117 
3 67 4 254 
2 138 5 95 
1 83 4 55 
3 242 7 197 
5 71 6 79 
5 140 6 146 
1 150 7 77 
2 13 4 6 
3 248 7 238 
2 72 6 65 
1 81 4 95 
3 75 5 10 
1 28 2 83 
3 106 7 133 
4 247 5 14 
3 232 6 183 
1 47 7 149 
2 166 6 149 
4 140 5 92 
3 213 4 174 
5 168 6 23 
1 143 7 22 
2 126 6 204 
4 147 7 191 
2 65 3 66 
1 135 5 103 
2 212 6 81 
3 35 5 90 
4 16 7 87 
1 6 5 122 
4 216 7 254 
2 109 3 246 
1 63 6 247 
4 93 6 139 
3 89 7 33 
1 78 2 34 
2 247 5 146 
1 83 5 93 
3 9 7 167 
4 60 6 140 
3 12 4 52 
2 34 7 173 
1 92 6 124 
5 141 6 4 
4 231 5 70 
2 146 3 5 
1 202 7 170 
2 87 6 238 
3 55 4 157 
1 22 7 196 
2 29 5 88 
4 142 5 136 
3 106 7 8 
1 129 6 111 
2 64 3 41 
4 181 6 61 
1 109 7 11 
2 189 5 254 
1 55 4 79 
3 226 5 141 
6 218 7 207 
1 226 6 44 
4 169 7 117 
2 183 5 234 
2 128 3 184 
5 195 7 243 
4 91 6 4 
1 195 3 156 
1 3 5 9 
2 133 4 70 
3 121 6 249 
4 231 7 184 
2 214 5 235 
1 139 7 47 
3 27 6 63 
3 61 7 234 
1 77 2 101 
5 90 6 8 
4 152 7 245 
2 82 4 89 
1 66 6 197 
3 140 5 109 
1 160 4 142 
5 187 7 50 
2 149 3 50 
3 112 6 213 
1 13 6 182 
2 150 5 208 
4 4 7 192 
5 125 6 242 
4 203 7 189 
1 51 2 27 
3 151 6 47 
3 130 4 60 
1 141 7 133 
2 89 5 115 
3 9 6 143 
4 239 7 56 
1 88 2 83 
3 57 5 132 
1 183 5 30 
6 191 7 144 
2 15 4 175 
2 54 4 218 
1 90 6 246 
5 2 7 39 
2 247 3 84 
4 122 7 88 
1 251 5 40 
3 79 6 241 
2 134 7 82 
4 93 6 220 
1 87 3 47 
3 14 5 25 
1 148 2 7 
5 106 7 81 
4 182 6 72 
5 102 6 159 
2 30 4 13 
1 125 3 95 
6 150 7 34 
2 191 7 172 
4 123 5 36 
1 190 3 205 
1 70 5 176 
4 229 7 177 
2 178 6 32 
2 99 3 135 
3 120 7 39 
4 255 6 98 
1 113 5 230 
1 209 4 3 
2 47 7 103 
5 232 6 196 
1 35 3 137 
4 109 7 232 
3 154 6 245 
2 130 5 200 
2 220 7 95 
1 71 5 90 
4 77 6 227 
3 113 7 38 
2 65 4 27 
5 7 6 19 
1 181 3 67 
2 228 7 180 
4 162 5 49 
1 231 3 76 
3 205 6 87 
5 20 6 58 
1 247 4 39 
2 251 7 92 
2 190 7 121 
1 71 4 237 
5 77 6 2 
1 37 3 189 
3 67 4 80 
2 112 5 147 
6 67 7 49 
3 56 4 200 
1 105 5 97 
6 166 7 141 
2 162 5 120 
3 119 7 137 
2 213 6 91 
1 205 4 170 
2 154 5 244 
4 112 6 58 
1 26 7 54 
2 183 3 84 
1 96 5 53 
3 207 6 109 
4 129 7 152 
1 109 3 228 
6 135 7 147 
2 179 5 223 
4 118 6 207 
2 54 3 113 
4 252 5 139 
1 157 7 174 
2 224 7 210 
1 184 5 23 
3 189 4 176 
3 24 6 129 
1 92 5 7 
2 232 7 167 
4 72 6 244 
1 220 2 69 
4 85 6 174 
3 102 7 112 
2 188 5 156 
5 84 7 176 
4 71 6 197 
1 32 3 122 
4 41 5 102 
3 196 7 67 
1 108 2 179 
2 59 6 84 
3 130 5 218 
1 177 4 162 
6 26 7 28 
5 218 7 29 
2 1 3 222 
1 45 6 44 
2 125 4 85 
1 225 5 22 
3 215 4 102 
6 94 7 69 
4 49 7 108 
2 67 5 241 
1 182 6 25 
3 160 4 37 
5 94 7 196 
1 242 2 118 
3 141 6 31 
1 64 3 109 
2 108 5 137 
4 253 7 92 
5 242 6 139 
1 85 7 4 
4 201 6 87 
2 19 3 240 
1 230 6 185 
3 135 7 136 
2 109 4 155 
1 167 5 42 
2 242 7 92 
3 224 6 122 
4 26 5 164 
3 178 6 172 
1 38 4 212 
2 38 7 154 
3 178 5 137 
2 137 6 129 
1 252 7 197 
4 201 5 120 
5 188 7 129 
2 97 6 35 
1 138 3 81 
4 223 5 37 
4 105 7 50 
1 180 3 55 
2 97 6 251 
4 123 6 102 
3 54 7 37 
1 170 5 206 
1 175 2 220 
2 27 6 149 
4 187 7 40 
3 161 5 207 
1 236 6 229 
2 243 3 65 
5 204 7 236 
2 33 4 219 
4 50 6 42 
1 225 3 219 
5 79 7 73 
3 16 7 80 
2 116 6 53 
1 182 5 57 
3 185 4 104 
1 126 4 67 
5 122 7 239 
2 245 6 61 
2 159 7 19 
4 150 6 134 
3 35 5 255 
1 91 5 138 
3 208 7 127 
1 131 4 90 
2 66 6 129 
4 13 7 250 
1 171 5 78 
2 84 3 225 
1 86 6 37 
2 85 4 32 
5 10 6 80 
3 36 7 187 
4 55 5 25 
1 108 6 13 
2 227 3 124 
3 201 7 251 
1 11 2 109 
5 26 7 72 
4 168 6 96 
2 254 4 10 
1 83 5 133 
6 28 7 36 
1 116 3 114 
2 217 5 252 
3 107 7 164 
4 187 6 142 
2 157 4 178 
1 138 3 34 
5 69 6 92 
5 51 7 172 
1 79 3 226 
6 218 7 70 
2 191 4 177 
3 159 7 138 
4 78 5 208 
2 88 6 52 
1 18 3 7 
2 127 6 242 
1 250 7 28 
4 146 5 230 
5 206 6 216 
1 29 2 5 
3 209 7 59 
4 94 7 207 
3 122 4 234 
2 255 6 245 
1 119 5 246 
1 72 2 92 
3 74 5 17 
4 56 7 192 
2 19 6 22 
1 44 7 83 
4 249 6 131 
3 48 5 249 
1 214 6 68 
4 94 5 241 
3 186 7 195 
2 83 7 224 
1 169 6 135 
2 28 3 17 
4 200 5 172 
5 192 7 40 
1 121 4 63 
3 90 6 175 
2 191 5 79 
2 42 3 15 
1 40 4 157 
6 233 7 12 
2 83 3 204 
1 125 5 225 
4 106 7 67 
3 181 6 93 
1 251 2 99 
5 225 6 19 
4 64 7 202 
4 67 5 189 
1 220 3 109 
6 118 7 10 
2 63 6 180 
3 252 4 223 
1 145 2 57 
5 17 7 239 
2 206 5 220 
1 161 7 81 
4 201 6 252 
3 93 7 90 
5 162 6 89 
1 46 2 136 
3 33 4 19 
2 46 7 245 
5 188 6 79 
1 195 4 167 
3 56 6 165 
1 9 3 205 
2 176 4 122 
5 250 7 53 
1 126 3 86 
2 174 5 76 
6 55 7 167 
4 7 7 171 
1 216 6 67 
4 197 5 9 
2 69 3 9 
3 88 7 14 
5 70 6 90 
2 230 4 166 
1 52 3 68 
1 126 4 226 
5 204 6 13 
2 4 7 119 
1 241 7 131 
3 99 5 210 
2 243 4 232 
1 232 6 167 
4 187 5 58 
3 174 7 39 
2 188 6 56 
3 126 6 39 
1 154 7 137 
4 165 5 252 
2 211 7 60 
1 226 4 85 
3 27 5 162 
2 5 6 188 
2 148 3 10 
6 184 7 72 
4 90 5 34 
1 205 3 41 
2 5 7 9 
1 156 4 130 
5 109 6 211 
1 242 2 221 
5 115 7 157 
3 222 6 139 
4 179 7 43 
3 144 6 63 
1 39 5 63 
2 110 4 45 
2 27 5 181 
1 110 7 76 
3 168 4 102 
4 57 6 146 
2 217 5 199 
1 74 7 52 
3 233 6 227 
4 226 5 183 
1 224 6 43 
2 109 3 94 
3 23 7 189 
4 199 5 13 
1 99 7 94 
2 41 6 227 
4 28 5 159 
2 187 3 43 
1 67 6 126 
2 214 7 104 
4 231 7 177 
3 102 5 138 
1 105 6 207 
1 144 2 16 
5 229 6 116 
4 124 7 13 
2 34 3 124 
1 149 6 169 
3 59 5 252 
4 188 7 38 
5 171 7 247 
1 102 4 180 
2 188 6 16 
3 62 7 76 
1 55 6 149 
2 41 5 21 
3 103 4 125 
1 29 2 40 
5 8 7 194 
3 33 6 19 
4 15 6 176 
3 192 4 191 
1 10 2 136 
5 56 7 45 
4 164 7 217 
2 118 3 82 
1 221 6 156 
5 111 7 90 
1 113 4 46 
3 102 5 233 
2 53 6 139 
1 250 3 6 
4 23 6 246 
2 111 7 181 
2 97 5 101 
4 175 7 165 
3 10 5 244 
1 142 6 120 
4 16 7 240 
2 222 3 48 
1 225 5 15 
1 27 6 244 
4 60 7 32 
2 71 3 66 
5 238 6 177 
5 34 6 202 
2 53 4 214 
1 194 7 71 
3 92 7 168 
3 56 4 237 
5 26 6 24 
1 16 2 7 
5 218 7 220 
3 185 6 13 
2 122 4 154 
1 69 7 17 
1 166 2 27 
4 209 5 90 
3 249 6 165 
1 8 4 115 
2 105 6 210 
3 254 7 247 
2 130 5 127 
1 106 5 123 
3 39 6 21 
4 76 7 161 
1 52 4 106 
3 228 6 118 
5 70 7 57 
2 62 7 69 
1 80 5 157 
2 225 4 226 
3 19 6 53 
1 226 7 20 
3 140 6 87 
2 73 4 93 
4 168 5 167 
2 31 3 211 
1 92 7 190 
5 119 6 178 
2 152 5 164 
4 238 7 181 
3 30 6 161 
1 252 2 233 
6 1 7 181 
4 160 5 235 
1 203 3 18 
2 119 6 225 
3 201 7 92 
1 152 5 214 
2 50 4 198 
1 70 5 255 
3 184 6 149 
4 92 6 60 7 65 
2 175 3 172 4 61 
1 165 5 103 7 43 
2 182 5 205 6 104 
3 67 4 151 7 196 
1 104 2 5 4 222 
5 162 6 219 7 120 
1 53 2 149 3 21 
1 57 3 224 5 176 
4 90 6 164 7 193 
2 85 6 111 7 108 
3 252 4 17 5 100 
1 170 3 222 6 45 
2 184 5 218 7 223 
1 207 4 225 7 218 
1 205 2 227 3 150 
4 157 5 136 6 239 
2 190 3 29 4 108 
1 37 6 173 7 249 
2 108 4 73 5 38 
1 174 3 73 6 149 
5 242 6 119 7 9 
1 45 5 214 7 216 
2 122 3 44 4 122 
1 196 2 188 6 190 
3 230 4 164 7 143 
1 21 5 197 6 142 
2 220 4 190 7 35 
2 128 3 1 5 103 
1 151 4 74 6 134 
3 146 5 194 7 106 
2 68 3 155 4 211 
1 191 5 227 7 50 
1 51 5 19 6 156 
2 129 3 88 7 80 
4 110 6 85 7 158 
3 117 5 114 6 53 
1 246 2 216 4 38 
3 131 4 194 5 249 
1 48 2 234 7 45 
1 39 3 230 6 231 
2 181 4 57 7 215 
3 198 5 102 6 181 
1 58 5 135 6 38 
2 164 4 43 7 160 
1 34 6 103 7 237 
2 134 3 10 4 9 
3 186 5 156 6 108 
1 139 2 43 4 204 
5 19 6 21 7 99 
3 208 4 15 7 65 
1 81 2 213 5 169 
2 221 5 108 6 216 
1 10 4 199 7 32 
2 170 3 12 6 214 
3 246 4 102 5 85 
1 121 5 95 7 88 
3 183 4 83 7 48 
1 252 2 54 6 13 
2 150 4 101 5 138 
1 187 3 41 7 63 
2 137 6 231 7 175 
1 59 5 47 6 178 
1 22 3 130 4 141 
4 44 5 194 7 145 
2 28 3 168 6 148 
3 250 4 205 5 6 
2 129 6 153 7 99 
1 131 3 188 6 235 
2 88 4 95 7 191 
1 171 5 63 6 61 
1 135 2 32 7 3 
3 108 4 213 5 186 
1 124 6 143 7 175 
2 2 3 185 5 194 
1 132 4 194 6 202 
2 105 4 63 5 153 
2 144 3 243 7 184 
1 14 4 198 7 102 
3 198 5 237 6 85 
2 24 4 27 5 120 
1 92 3 57 6 150 
1 159 6 129 7 117 
4 161 5 32 7 221 
2 253 3 127 7 53 
1 126 2 34 3 68 
4 114 5 66 6 78 
1 218 2 192 4 87 
3 243 5 179 6 218 
4 100 6 6 7 9 
1 97 2 188 3 161 
4 176 5 196 7 94 
3 53 5 221 6 25 
1 115 2 52 7 214 
2 151 5 5 6 160 
3 199 4 142 7 58 
1 99 2 52 4 205 
1 239 3 64 6 68 
5 79 6 52 7 96 
3 74 5 203 7 237 
1 75 2 198 4 127 
2 204 3 173 6 58 
1 93 4 81 7 204 
5 18 6 117 7 24 
3 194 4 25 5 225 
1 255 2 164 6 78 
2 232 4 139 7 249 
1 117 3 36 5 43 
3 88 5 74 7 124 
1 163 2 73 6 192 
4 3 5 169 6 3 
1 249 4 43 7 217 
2 27 3 2 5 162 
3 119 6 21 7 126 
1 104 2 229 4 210 
1 223 5 14 7 174 
3 209 4 231 6 7 
2 123 4 116 7 169 
1 107 3 238 6 74 
2 71 4 3 5 148 
1 242 5 131 7 47 
2 174 3 240 6 170 
2 207 5 205 7 251 
1 183 3 189 4 81 
2 43 4 235 6 189 
1 108 3 2 7 57 
5 193 6 200 7 107 
2 1 3 4 6 3 
1 178 4 71 5 36 
2 133 5 196 7 15 
1 25 3 193 4 175 
3 182 4 112 6 29 
1 225 5 165 6 139 
2 140 4 46 7 34 
2 103 3 130 6 241 
1 10 5 241 7 172 
1 99 2 139 6 36 
4 42 5 104 7 182 
1 24 3 196 6 192 
3 137 4 188 7 168 
2 39 3 11 5 9 
1 100 2 110 6 29 
4 143 5 187 7 140 
4 46 5 81 6 132 
1 13 2 41 3 59 
2 65 3 222 7 22 
1 21 4 101 6 133 
1 204 5 98 7 151 
2 86 3 42 5 117 
2 60 7 160 10 88 13 166 18 234 20 65 23 173 27 67 32 8 34 115 37 110 42 170 45 126 48 27 52 183 55 201 59 78 60 42 66 226 68 197 71 9 75 192 79 90 82 83 86 150 90 81 92 28 96 47 101 143 105 135 109 6 112 63 115 78 117 83 122 92 126 202 129 22 133 129 136 109 138 55 141 226 147 195 148 3 153 139 156 77 160 66 162 160 166 13 171 51 174 141 178 88 180 183 184 90 188 251 192 87 194 148 199 125 203 190 204 70 210 113 211 209 214 35 219 71 224 181 227 231 230 247 233 71 235 37 240 105 245 205 248 26 250 96 253 109 259 157 261 184 264 92 267 220 273 32 276 108 279 177 283 45 285 225 290 182 293 242 295 64 299 85 302 230 305 167 310 38 314 252 318 138 321 180 325 170 326 175 330 236 335 225 339 182 341 126 347 91 349 131 352 171 354 86 359 108 362 11 366 83 368 116 373 138 376 79 382 18 384 250 387 29 392 119 393 72 397 44 400 214 404 169 408 121 412 40 415 125 418 251 422 220 426 145 429 161 433 46 437 195 439 9 442 126 446 216 452 52 453 126 456 241 459 232 464 154 467 226 473 205 475 156 477 242 482 39 485 110 489 74 492 224 496 99 500 67 504 105 505 144 509 149 513 102 516 55 519 29 524 10 528 221 530 113 533 250 539 142 542 225 543 27 549 194 553 16 557 69 558 166 561 8 565 106 568 52 572 80 575 226 580 92 585 252 588 203 591 152 593 70 597 165 600 104 602 53 603 57 607 170 609 207 610 205 613 37 615 174 617 45 619 196 621 21 624 151 627 191 628 51 632 246 634 48 635 39 638 58 640 34 643 139 646 81 648 10 651 121 653 252 655 187 657 59 658 22 663 131 665 171 666 135 668 124 670 132 673 14 676 92 677 159 680 126 682 218 685 97 688 115 691 99 692 239 695 75 697 93 700 255 702 117 704 163 706 249 709 104 710 223 713 107 715 242 718 183 720 108 723 178 725 25 727 225 730 10 731 99 733 24 736 100 739 13 741 21 742 204 
3 121 5 243 11 35 13 199 16 2 19 228 22 15 28 146 31 171 32 78 36 23 41 188 43 198 49 184 50 255 54 123 60 142 61 61 64 223 70 26 71 31 74 223 78 179 81 138 87 13 89 72 92 83 97 166 102 126 104 65 106 212 111 109 115 34 116 247 121 34 125 146 127 87 130 29 134 64 137 189 143 183 144 128 149 133 152 214 156 101 159 82 164 149 167 150 171 27 175 89 178 83 182 15 183 54 186 247 190 134 194 7 198 30 201 191 206 178 207 99 212 47 217 130 218 220 222 65 225 228 231 251 232 190 237 112 242 162 244 213 246 154 249 183 255 179 257 54 260 224 265 232 267 69 270 188 276 179 277 59 282 1 284 125 289 67 293 118 296 108 301 19 304 109 306 242 311 38 313 137 317 97 322 97 326 220 327 27 331 243 333 33 338 116 343 245 344 159 350 66 353 84 355 85 360 227 362 109 365 254 369 217 372 157 378 191 381 88 383 127 387 5 391 255 393 92 396 19 403 83 405 28 410 191 411 42 414 83 418 99 424 63 426 57 428 206 433 136 435 46 440 176 443 174 448 69 451 230 455 4 458 243 462 188 466 211 469 5 470 148 474 5 477 221 483 110 484 27 488 217 493 109 497 41 499 187 501 214 505 16 508 34 514 188 517 41 519 40 524 136 527 118 532 53 535 111 536 97 541 222 545 71 548 53 553 7 556 122 558 27 562 105 564 130 571 62 573 225 577 73 579 31 582 152 585 233 589 119 592 50 596 175 598 182 600 5 602 149 605 85 608 184 610 227 612 190 614 108 618 122 619 188 622 220 623 128 626 68 629 129 632 216 634 234 636 181 639 164 641 134 643 43 646 213 647 221 649 170 653 54 654 150 656 137 660 28 662 129 664 88 666 32 669 2 671 105 672 144 675 24 679 253 680 34 682 192 685 188 688 52 689 151 691 52 695 198 696 204 700 164 701 232 704 73 707 27 709 229 712 123 714 71 716 174 717 207 719 43 722 1 724 133 728 140 729 103 731 139 735 39 736 110 739 41 740 65 743 86 
2 155 6 133 8 215 12 26 14 118 19 70 22 237 26 181 30 21 33 52 38 206 40 32 45 83 49 130 51 25 53 192 59 159 62 96 65 219 67 143 73 240 75 107 80 67 83 242 88 248 91 75 93 106 95 232 99 213 104 66 107 35 111 246 114 89 118 9 120 12 125 5 128 55 132 106 134 41 139 226 144 184 147 156 150 121 154 27 155 61 161 140 164 50 165 112 172 151 173 130 176 9 179 57 186 84 189 79 192 47 193 14 199 95 203 205 207 135 208 120 214 137 216 154 221 113 224 67 227 76 228 205 235 189 236 67 239 56 243 119 249 84 251 207 253 228 257 113 262 189 263 24 269 102 273 122 275 196 278 130 282 222 286 215 291 160 294 141 295 109 301 240 303 135 307 224 309 178 312 178 318 81 321 55 324 54 329 161 331 65 335 219 337 16 340 185 346 35 348 208 353 225 357 36 360 124 361 201 368 114 370 107 373 34 376 226 379 159 382 7 388 209 390 122 394 74 399 48 402 186 405 17 409 90 411 15 414 204 417 181 422 109 425 252 431 93 434 33 438 56 439 205 442 86 448 9 449 88 452 68 457 99 461 174 463 126 468 27 470 10 473 41 479 222 481 144 486 168 490 233 493 94 494 23 499 43 503 102 508 124 510 59 515 62 518 103 521 33 523 192 527 82 531 102 533 6 538 10 541 48 545 66 550 92 551 56 555 185 560 249 563 254 566 39 569 228 574 19 576 140 579 211 584 30 588 18 590 201 594 184 596 172 599 67 602 21 603 224 606 252 607 222 610 150 612 29 615 73 618 44 620 230 623 1 625 146 626 155 629 88 631 117 633 131 635 230 637 198 641 10 642 186 645 208 649 12 650 246 652 183 655 41 658 130 660 168 661 250 663 188 667 108 669 185 672 243 674 198 676 57 679 127 680 68 683 243 685 161 687 53 690 199 692 64 694 74 696 173 699 194 702 36 703 88 707 2 708 119 711 209 713 238 716 240 718 189 720 2 722 4 725 193 726 182 729 130 733 196 734 137 735 11 739 59 740 222 743 42 
4 166 7 250 9 7 14 209 16 165 21 232 25 45 26 32 31 107 33 205 37 70 40 157 44 252 46 182 50 229 56 170 58 68 61 95 66 169 69 128 74 171 76 206 80 254 82 55 87 6 90 95 94 247 98 140 99 174 103 147 108 16 110 216 113 93 119 60 120 52 124 231 128 157 131 142 135 181 138 79 142 169 146 91 149 70 151 231 158 152 159 89 162 142 168 4 170 203 173 60 177 239 182 175 183 218 187 122 191 93 196 182 198 13 202 123 205 229 209 255 211 3 215 109 220 77 222 27 226 162 230 39 233 237 236 80 239 200 245 170 247 112 252 129 256 118 258 252 262 176 266 72 268 85 272 71 274 41 279 162 284 85 286 102 288 49 291 37 297 253 300 201 304 155 308 26 310 212 315 201 319 223 320 105 323 123 328 187 333 219 334 50 340 104 341 67 345 150 349 90 351 13 355 32 358 55 364 168 365 10 371 187 372 178 378 177 380 78 385 146 389 94 390 234 395 56 398 249 401 94 406 200 408 63 412 157 416 106 420 64 421 67 425 223 430 201 434 19 437 167 440 122 445 7 447 197 451 166 453 226 458 232 460 187 465 165 467 85 472 90 475 130 480 179 483 45 486 102 487 57 491 226 495 199 498 28 502 231 507 124 511 188 513 180 518 125 522 15 523 191 526 164 530 46 534 23 537 175 540 16 544 60 548 214 551 237 556 154 559 209 561 115 567 76 568 106 573 226 577 93 578 168 583 238 587 160 592 198 595 92 596 61 599 151 600 222 604 90 606 17 609 225 611 157 612 108 614 73 618 122 620 164 622 190 624 74 626 211 630 110 632 38 633 194 636 57 639 43 641 9 643 204 645 15 648 199 650 102 652 83 654 101 658 141 659 44 661 205 664 95 667 213 670 194 671 63 673 198 675 27 678 161 681 114 682 87 684 100 686 176 690 142 691 205 695 127 697 81 699 25 701 139 705 3 706 43 709 210 711 231 712 116 714 3 718 81 719 235 723 71 725 175 726 112 728 46 732 42 734 188 737 143 738 46 741 101 
1 239 5 5 10 70 12 96 15 60 21 214 24 106 28 91 29 58 34 84 39 46 42 140 43 81 47 97 53 135 56 54 58 153 63 221 64 182 68 13 73 108 76 225 81 95 84 71 85 140 91 10 94 14 98 92 100 168 105 103 107 90 109 122 116 146 117 93 123 141 124 70 130 88 131 136 137 254 139 141 143 234 145 195 148 9 152 235 157 90 161 109 163 187 167 208 169 125 175 115 179 132 180 30 185 2 188 40 193 25 195 106 197 102 202 36 204 176 210 230 213 232 217 200 219 90 223 7 226 49 229 20 234 77 237 147 240 97 242 120 246 244 250 53 255 223 258 139 261 23 264 7 270 156 271 84 274 102 278 218 281 218 285 22 289 241 292 94 296 137 298 242 305 42 308 164 312 137 315 120 316 188 319 37 325 206 329 207 332 204 336 79 339 57 342 122 346 255 347 138 352 78 356 10 358 25 363 26 366 133 369 252 374 69 375 51 380 208 385 230 386 206 392 246 394 17 399 249 401 241 406 172 407 192 410 79 415 225 419 225 421 189 427 17 428 220 432 162 436 188 441 250 443 76 447 9 450 70 454 204 457 210 460 58 465 252 468 162 472 34 476 109 478 115 482 63 484 181 488 199 491 183 495 13 498 159 503 138 506 229 510 252 512 171 517 21 520 8 525 56 529 111 531 233 536 101 538 244 542 15 546 238 547 34 552 26 554 218 559 90 564 127 565 123 570 70 572 157 578 167 581 119 582 164 587 235 591 214 593 255 597 103 598 205 601 162 603 176 606 100 608 218 611 136 614 38 616 242 617 214 621 197 623 103 625 194 627 227 628 19 631 114 633 249 637 102 638 135 642 156 644 19 646 169 647 108 650 85 651 95 654 138 657 47 659 194 661 6 665 63 667 186 669 194 671 153 674 237 675 120 678 32 681 66 683 179 686 196 687 221 689 5 693 79 694 203 698 18 699 225 702 43 703 74 705 169 707 162 710 14 714 148 715 131 717 205 721 193 723 36 724 196 727 165 730 241 732 104 735 9 737 187 738 81 742 98 743 117 
3 107 4 247 8 25 15 93 17 231 20 188 24 79 27 252 30 168 35 80 36 26 39 102 46 111 47 57 52 154 54 221 57 56 62 104 65 190 69 82 72 230 77 182 79 117 84 79 85 146 89 65 95 183 97 149 100 23 102 204 106 81 112 247 113 139 119 140 122 124 123 4 127 238 133 111 135 61 140 218 141 44 146 4 150 249 154 63 157 8 160 197 165 213 166 182 169 242 172 47 176 143 181 191 184 246 189 241 191 220 196 72 197 159 200 150 206 32 209 98 213 196 216 245 220 227 223 19 228 87 229 58 234 2 238 67 241 166 244 91 247 58 251 109 254 135 256 207 263 129 266 244 268 174 272 197 277 84 280 26 283 44 287 94 290 25 294 31 298 139 300 87 302 185 307 122 309 172 313 129 317 35 322 251 323 102 327 149 330 229 334 42 338 53 343 61 345 134 350 129 354 37 356 80 359 13 364 96 367 28 371 142 374 92 377 218 381 52 383 242 386 216 391 245 396 22 398 131 400 68 404 135 409 175 413 233 417 93 419 19 423 118 424 180 430 252 432 89 436 79 438 165 444 55 446 67 450 90 454 13 459 167 462 56 463 39 469 188 471 184 476 211 479 139 481 63 487 146 490 227 492 43 497 227 500 126 504 207 506 116 509 169 514 16 516 149 521 19 522 176 528 156 532 139 534 246 539 120 543 244 546 177 547 202 552 24 555 13 560 165 562 210 566 21 569 118 574 53 576 87 581 178 584 161 586 1 589 225 594 149 595 60 598 104 601 219 604 164 605 111 607 45 611 239 613 173 615 149 616 119 619 190 621 142 624 134 628 156 630 85 631 53 635 231 637 181 638 38 640 103 642 108 644 21 647 216 649 214 653 13 656 231 657 178 660 148 662 153 663 235 665 61 668 143 670 202 674 85 676 150 677 129 681 78 683 218 684 6 687 25 689 160 692 68 693 52 696 58 698 117 700 78 704 192 705 3 708 21 711 7 713 74 716 170 719 189 721 200 722 3 726 29 727 139 729 241 731 36 733 192 736 29 738 132 741 133 
1 241 6 187 9 203 11 58 17 120 18 34 23 2 25 207 29 127 35 77 38 34 41 143 44 33 48 154 51 117 55 141 57 109 63 167 67 101 70 105 72 76 77 207 78 134 83 197 86 77 88 238 93 133 96 149 101 22 103 191 108 87 110 254 114 33 118 167 121 173 126 170 129 196 132 8 136 11 140 207 142 117 145 243 151 184 153 47 155 234 158 245 163 50 168 192 170 189 174 133 177 56 181 144 185 39 187 88 190 82 195 81 200 34 201 172 205 177 208 39 212 103 215 232 218 95 221 38 225 180 231 92 232 121 238 49 241 141 243 137 248 54 252 152 254 147 259 174 260 210 265 167 269 112 271 176 275 67 280 28 281 29 287 69 288 108 292 196 297 92 299 4 303 136 306 92 311 154 314 197 316 129 320 50 324 37 328 40 332 236 336 73 337 80 342 239 344 19 348 127 351 250 357 187 361 251 363 72 367 36 370 164 375 172 377 70 379 138 384 28 388 59 389 207 395 192 397 83 402 195 403 224 407 40 413 12 416 67 420 202 423 10 427 239 429 81 431 90 435 245 441 53 444 167 445 171 449 14 455 119 456 131 461 39 464 137 466 60 471 72 474 9 478 157 480 43 485 76 489 52 494 189 496 94 501 104 502 177 507 13 511 38 512 247 515 76 520 194 525 45 526 217 529 90 535 181 537 165 540 240 544 32 549 71 550 168 554 220 557 17 563 247 567 161 570 57 571 69 575 20 580 190 583 181 586 181 590 92 595 65 597 43 599 196 601 120 604 193 605 108 608 223 609 218 613 249 616 9 617 216 620 143 622 35 625 106 627 50 629 80 630 158 634 45 636 215 639 160 640 237 644 99 645 65 648 32 651 88 652 48 655 63 656 175 659 145 662 99 664 191 666 3 668 175 672 184 673 102 677 117 678 221 679 53 684 9 686 94 688 214 690 58 693 96 694 237 697 204 698 24 701 249 703 124 706 217 708 126 710 174 712 169 715 47 717 251 720 57 721 107 724 15 728 34 730 172 732 182 734 168 737 140 740 22 742 151 
