1060 324 256
3 8
2 2 2 2 2 2 2 2 2 2 2 2 2 2 2 2 2 2 2 2 2 2 2 2 2 2 2 2 2 2 2 2 2 2 2 2 2 2 2 2 2 2 2 2 2 2 2 2 2 2 2 2 2 2 2 2 2 2 2 2 2 2 2 2 2 2 2 2 2 2 2 2 2 2 2 2 2 2 2 2 2 2 2 2 2 2 2 2 2 2 2 2 2 2 2 2 2 2 2 2 2 2 2 2 2 2 2 2 2 2 2 2 2 2 2 2 2 2 2 2 2 2 2 2 2 2 2 2 2 2 2 2 2 2 2 2 2 2 2 2 2 2 2 2 2 2 2 2 2 2 2 2 2 2 2 2 2 2 2 2 2 2 2 2 2 2 2 2 2 2 2 2 2 2 2 2 2 2 2 2 2 2 2 2 2 2 2 2 2 2 2 2 2 2 2 2 2 2 2 2 2 2 2 2 2 2 2 2 2 2 2 2 2 2 2 2 2 2 2 2 2 2 2 2 2 2 2 2 2 2 2 2 2 2 2 2 2 2 2 2 2 2 2 2 2 2 2 2 2 2 2 2 2 2 2 2 2 2 2 2 2 2 2 2 2 2 2 2 2 2 2 2 2 2 2 2 2 2 2 2 2 2 2 2 2 2 2 2 2 2 2 2 2 2 2 2 2 2 2 2 2 2 2 2 2 2 2 2 2 2 2 2 2 2 2 2 2 2 2 2 2 2 2 2 2 2 2 2 2 2 2 2 2 2 2 2 2 2 2 2 2 2 2 2 2 2 2 2 2 2 2 2 2 2 2 2 2 2 2 2 2 2 2 2 2 2 2 2 2 2 2 2 2 2 2 2 2 2 2 2 2 2 2 2 2 2 2 2 2 2 2 2 2 2 2 2 2 2 2 2 2 2 2 2 2 2 2 2 2 2 2 2 2 2 2 2 2 2 2 2 2 2 2 2 2 2 2 2 2 2 2 2 2 2 2 2 2 2 2 2 2 2 2 2 2 2 2 2 2 2 2 2 2 2 2 2 2 2 2 2 2 2 2 2 2 2 2 2 2 2 2 2 2 2 2 2 2 2 2 2 2 2 2 2 2 2 2 2 2 2 2 2 2 2 2 2 2 2 2 2 2 2 2 2 2 2 2 2 2 2 2 2 2 2 2 2 2 2 2 2 2 2 2 2 2 2 2 2 2 2 2 2 2 2 2 2 2 2 2 2 2 2 2 2 2 2 2 2 2 2 2 2 2 2 2 2 2 2 2 2 2 2 2 2 2 2 2 2 2 2 2 2 2 2 2 2 2 2 2 2 2 2 2 2 2 2 2 2 2 2 2 2 2 2 2 2 2 2 2 2 2 2 2 2 2 2 2 2 2 2 2 2 2 2 2 2 2 2 2 2 2 2 2 2 2 2 2 2 2 2 2 2 2 2 2 2 2 2 2 2 2 2 2 2 2 2 2 2 2 2 2 2 2 2 2 2 2 2 2 2 2 2 2 2 2 2 2 2 2 2 2 2 2 2 2 2 2 2 2 2 2 2 2 2 2 2 2 2 2 2 2 2 2 2 2 2 2 2 2 2 2 2 2 2 2 2 2 2 2 2 2 2 2 2 2 2 2 2 2 2 2 2 2 2 2 2 2 2 2 2 2 2 2 2 2 2 2 2 2 2 2 2 2 2 2 2 2 2 2 2 2 2 2 2 2 2 2 2 2 2 2 2 2 2 2 2 2 2 2 2 2 2 2 2 2 2 2 2 2 2 2 2 2 2 2 2 2 2 2 2 2 2 2 2 2 2 2 2 2 2 2 2 2 2 2 2 2 2 2 2 2 2 2 2 2 2 2 2 2 2 2 2 2 2 2 2 2 2 2 2 2 2 2 2 2 2 2 2 2 2 2 2 2 2 2 2 2 2 3 3 3 3 3 3 3 3 3 3 3 3 3 3 3 3 3 3 3 3 3 3 3 3 3 3 3 3 3 3 3 3 3 3 3 3 3 3 3 3 3 3 3 3 3 3 3 3 3 3 3 3 3 3 3 3 3 3 3 3 3 3 3 3 3 3 3 3 3 3 3 3 3 3 3 3 3 3 3 3 3 3 3 3 3 3 3 3 3 3 3 3 3 3 3 3 3 3 3 3 3 3 3 3 3 3 3 3 3 3 3 3 3 3 3 3 3 3 3 3 3 3 3 3 3 3 3 3 3 3 3 3 3 3 3 3 3 3 3 3 3 3 3 3 3 3 3 3 3 3 3 3 3 3 3 3 3 3 3 3 3 3 3 3 3 3 3 3 3 3 3 3 3 3 3 3 3 3 3 3 3 3 3 3 3 3 3 3 3 3 3 3 3 3 3 3 3 3 3 3 3 3 3 3 3 3 3 3 3 3 3 3 
7 7 7 8 7 8 7 7 7 7 7 7 8 7 7 8 7 7 7 7 7 7 7 7 7 7 7 7 7 7 7 7 7 8 8 7 7 7 7 7 8 7 7 7 7 7 7 7 8 7 7 7 8 7 7 8 7 7 7 7 7 8 7 7 7 7 8 7 8 7 7 8 7 7 7 7 7 7 8 8 8 8 7 8 7 7 7 8 7 7 7 7 7 7 7 7 7 7 7 8 8 7 7 7 7 7 8 7 7 7 7 7 7 7 7 7 7 7 7 7 7 7 7 7 8 7 7 7 7 8 8 7 7 7 7 7 7 7 7 8 7 7 7 7 7 7 8 7 7 7 7 8 8 7 7 8 7 7 7 7 7 7 7 7 7 8 7 7 7 7 7 7 7 8 7 7 7 8 8 7 7 7 8 8 8 7 7 8 7 8 7 7 7 7 7 7 7 8 7 8 7 7 7 7 8 8 7 7 7 7 7 7 7 7 7 7 8 7 7 8 7 7 7 7 7 7 7 7 7 7 8 8 8 7 7 7 7 7 7 7 7 7 8 7 7 7 7 8 7 7 7 7 7 8 7 7 8 8 7 8 8 7 7 8 8 8 7 7 7 7 7 7 8 7 7 8 7 7 7 7 7 7 7 7 7 7 7 7 7 7 7 7 7 7 7 7 7 8 7 7 7 7 7 7 7 7 7 7 7 7 7 7 7 7 7 8 7 7 7 7 7 7 7 8 
15 230 300 200 
21 241 243 77 
94 56 234 114 
50 29 313 118 
151 194 193 218 
134 177 285 214 
74 119 176 171 
211 147 307 174 
11 5 126 224 
125 217 282 90 
239 201 242 227 
75 189 299 189 
56 28 268 59 
133 157 249 198 
109 163 288 58 
42 99 275 54 
48 87 218 174 
135 234 177 21 
178 44 250 164 
236 226 294 16 
127 84 148 77 
30 179 308 245 
100 110 180 35 
198 188 306 161 
149 41 281 162 
187 237 231 133 
6 120 32 84 
27 132 145 237 
25 137 62 133 
76 192 105 97 
110 167 181 68 
73 56 316 27 
130 248 322 26 
153 8 320 221 
162 141 319 49 
43 135 172 41 
107 177 232 113 
132 169 296 210 
22 251 119 103 
186 54 245 221 
118 90 235 83 
61 80 289 210 
82 129 283 60 
1 192 136 151 
108 203 175 98 
209 67 301 126 
83 54 192 193 
5 145 286 88 
70 196 227 144 
34 150 228 155 
78 136 138 97 
49 129 92 182 
99 226 206 35 
8 127 204 60 
65 142 131 161 
157 123 260 85 
69 129 123 224 
39 201 292 28 
16 201 223 155 
97 202 324 241 
59 93 185 32 
166 165 197 118 
51 135 156 207 
87 127 240 55 
188 26 323 49 
213 44 222 7 
116 207 305 245 
40 33 158 182 
26 153 182 86 
221 115 271 226 
19 100 200 239 
52 212 247 238 
14 37 29 134 
31 42 77 18 
98 55 137 154 
55 192 214 116 
41 251 251 30 
152 198 287 145 
142 179 144 74 
174 144 279 22 
45 243 79 161 
63 70 121 169 
124 239 194 190 
46 227 244 202 
120 117 220 65 
154 132 257 201 
67 61 86 165 
54 66 318 105 
297 55 314 110 
72 148 161 24 
139 113 254 166 
274 193 290 168 
53 224 312 232 
36 204 71 214 
95 196 246 224 
85 116 205 76 
60 98 201 188 
165 218 278 247 
2 99 129 138 
20 38 58 246 
160 217 291 62 
24 72 195 15 
150 252 208 135 
10 201 216 221 
13 210 169 254 
238 155 267 15 
88 11 196 174 
12 107 225 164 
159 49 253 59 
184 129 298 50 
258 67 311 131 
155 195 259 141 
164 73 179 94 
90 170 147 133 
47 30 190 159 
18 14 140 156 
35 7 117 70 
91 160 219 17 
113 72 215 236 
263 8 266 61 
44 31 167 242 
37 223 64 117 
84 36 202 98 
7 193 261 201 
89 214 280 197 
96 123 276 98 
191 84 210 62 
93 29 304 130 
112 14 310 52 
229 49 248 156 
207 238 269 173 
38 215 102 223 
28 223 141 2 
163 240 317 249 
217 24 230 33 
170 232 171 128 
146 247 295 66 
143 116 255 195 
4 110 80 17 
33 212 66 114 
103 171 203 235 
101 52 226 96 
264 107 293 211 
270 80 321 71 
81 117 104 183 
284 110 303 243 
57 174 168 66 
3 7 68 168 
272 92 273 149 
128 100 302 160 
189 159 237 181 
241 26 315 235 
224 144 277 172 
265 255 309 93 
111 224 262 140 
17 95 252 94 
23 193 233 246 
173 241 183 136 
115 166 122 246 
199 158 212 138 
9 188 114 9 
106 24 256 61 
42 31 167 52 
270 57 272 145 
52 45 105 214 
103 223 279 114 
88 193 281 114 
84 236 258 185 
40 78 293 184 
265 250 277 43 
41 79 147 6 
26 145 58 26 
160 152 234 122 
166 137 300 41 
46 255 71 148 
74 51 144 23 
79 86 94 149 
45 110 60 169 
126 114 321 255 
237 69 280 23 
81 151 193 245 
6 217 83 33 
230 2 262 224 
101 51 249 154 
170 41 256 198 
35 130 287 23 
68 251 102 75 
100 219 288 59 
53 21 231 127 
238 57 259 23 
221 235 253 244 
123 90 248 124 
180 102 299 212 
278 180 312 106 
136 150 255 140 
169 124 192 69 
56 160 195 72 
158 248 165 200 
184 127 274 153 
36 202 55 197 
69 146 209 248 
143 58 236 119 
98 199 212 99 
117 172 245 121 
23 101 228 203 
22 143 225 88 
21 142 233 14 
294 201 295 181 
182 39 275 88 
37 84 67 189 
13 178 217 80 
99 63 240 207 
112 218 172 70 
268 63 305 46 
33 101 164 191 
27 43 211 241 
222 75 319 139 
130 202 314 251 
62 168 128 30 
187 241 290 11 
198 133 313 236 
78 172 107 193 
93 238 301 85 
257 85 318 98 
51 8 252 96 
120 200 176 240 
92 184 220 134 
110 64 207 190 
10 246 267 48 
34 18 315 10 
39 158 201 233 
113 173 317 147 
204 56 297 241 
28 129 44 163 
224 6 306 92 
5 246 30 10 
29 90 97 55 
31 15 276 2 
178 76 298 17 
286 112 320 122 
12 194 137 121 
109 152 140 116 
95 251 292 205 
179 202 247 230 
215 8 285 3 
14 46 264 40 
2 165 214 97 
63 189 210 24 
57 236 271 36 
80 236 291 190 
189 183 202 252 
59 53 104 15 
72 15 304 43 
161 199 309 88 
76 237 194 153 
132 198 239 250 
50 117 251 184 
73 225 121 118 
87 203 122 49 
185 37 323 35 
173 97 177 111 
134 113 159 122 
149 247 235 78 
18 242 303 236 
9 30 197 186 
20 42 219 96 
242 94 289 130 
141 154 163 53 
91 88 241 5 
316 44 324 141 
154 229 269 138 
75 183 145 35 
191 236 282 84 
133 68 254 61 
124 153 142 65 
106 162 138 219 
261 191 266 59 
111 250 307 107 
89 188 283 219 
43 251 296 239 
151 109 246 119 
3 211 216 223 
115 16 232 164 
129 96 171 150 
116 228 203 53 
85 204 308 78 
208 202 229 202 
77 130 244 127 
114 176 213 30 
223 18 322 228 
8 192 61 169 
127 222 227 109 
19 39 108 53 
47 253 263 192 
157 169 205 70 
65 30 311 216 
49 95 131 140 
32 12 183 173 
196 207 243 35 
66 11 310 23 
7 81 90 125 
11 180 174 51 
15 7 153 208 
64 236 175 207 
152 141 168 153 
148 134 190 240 
118 150 156 116 
17 197 82 60 
1 240 188 255 
24 33 125 228 
54 74 96 110 
200 51 206 204 
135 104 218 94 
119 57 162 219 
150 109 284 126 
16 35 260 186 
4 31 70 151 
38 163 139 138 
146 67 250 2 
199 243 302 91 
86 238 155 43 
181 203 273 60 
48 54 186 189 
25 200 226 181 
189 132 293 240 
102 188 180 88 
254 72 312 47 
122 117 204 147 
44 42 64 10 
4 214 71 64 
62 228 276 33 
152 7 222 7 
23 169 41 233 
26 145 203 227 
205 97 283 6 
59 214 166 218 
76 64 270 180 
32 206 170 57 
19 37 143 65 
253 151 301 56 
40 203 265 211 
79 100 282 238 
83 234 120 158 
91 141 137 221 
144 42 151 134 
28 83 51 156 
206 87 257 194 
10 228 245 250 
73 45 135 243 
177 76 196 6 
112 6 251 177 
146 55 261 99 
208 45 295 8 
75 94 242 186 
30 214 227 129 
52 99 260 172 
104 139 224 47 
27 244 291 114 
175 164 230 145 
48 89 110 245 
94 89 209 104 
225 68 308 30 
18 231 174 79 
185 80 268 239 
258 243 294 168 
107 55 195 82 
46 187 198 215 
274 71 314 199 
77 172 317 133 
232 154 238 13 
190 146 259 105 
141 177 290 59 
49 30 58 162 
6 49 133 183 
74 119 148 114 
296 196 319 198 
29 24 239 148 
72 70 86 112 
194 242 285 4 
304 49 315 47 
179 232 255 73 
65 16 287 61 
149 97 197 68 
241 57 269 64 
1 174 38 21 
138 38 310 48 
187 191 201 245 
17 17 288 252 
248 219 281 130 
186 55 306 8 
178 43 273 155 
128 149 263 238 
39 90 162 10 
182 201 324 114 
90 127 278 39 
82 185 218 59 
92 32 130 71 
57 132 165 85 
24 129 84 134 
111 40 117 149 
219 149 235 77 
87 248 243 18 
221 170 320 87 
160 142 164 42 
199 124 211 71 
113 21 183 72 
231 52 303 224 
140 54 214 126 
123 26 176 247 
115 88 126 125 
105 238 114 48 
15 246 129 184 
16 96 155 7 
93 138 100 233 
250 55 299 208 
36 208 322 223 
25 158 116 63 
13 1 125 28 
2 227 35 36 
54 111 153 7 
63 233 168 163 
66 118 252 89 
192 39 207 26 
22 54 188 171 
276 36 280 76 
233 108 307 87 
215 237 323 219 
8 253 12 79 
78 142 271 194 
89 242 246 231 
60 123 216 184 
42 123 272 136 
132 168 318 85 
108 157 193 163 
228 155 237 175 
20 31 45 170 
98 235 106 68 
212 246 284 133 
5 159 167 164 
99 4 158 84 
184 29 300 106 
169 83 279 230 
70 90 202 189 
80 60 249 181 
191 202 313 198 
240 180 244 228 
95 27 256 124 
173 51 311 234 
53 25 157 162 
145 62 163 178 
37 13 131 74 
68 220 142 183 
50 46 124 54 
97 111 238 34 
55 164 316 236 
69 2 321 116 
150 15 277 248 
147 186 305 140 
43 156 223 188 
139 141 275 241 
21 52 286 41 
101 34 267 158 
11 81 136 22 
134 16 266 53 
47 152 109 245 
33 137 309 104 
171 35 264 184 
34 156 213 211 
154 197 268 106 
119 185 217 94 
210 185 298 174 
159 43 297 210 
172 67 181 132 
103 168 161 72 
31 42 229 47 
121 234 302 73 
156 29 226 224 
200 210 288 234 
118 62 127 155 
81 97 289 74 
7 145 64 135 
88 71 119 160 
14 192 94 41 
56 106 247 225 
96 175 262 45 
85 128 234 75 
3 108 258 187 
9 112 133 207 
67 235 292 242 
29 222 236 186 
61 29 226 113 
199 222 220 102 
102 238 130 36 
9 137 109 89 
60 191 286 35 
63 162 108 39 
150 221 222 72 
163 242 271 84 
10 138 206 87 
117 102 297 74 
224 13 275 176 
260 120 307 161 
43 199 183 141 
127 15 152 119 
161 240 317 62 
175 60 293 197 
49 133 247 45 
37 6 249 151 
164 105 178 194 
36 26 241 221 
137 58 143 201 
31 181 110 10 
91 255 266 225 
166 229 240 67 
16 142 191 54 
195 49 254 175 
158 154 308 192 
131 49 225 77 
103 139 193 99 
149 157 246 174 
85 51 251 149 
124 150 129 195 
115 84 277 122 
188 244 280 221 
33 225 88 104 
192 56 204 116 
201 170 285 158 
198 62 255 197 
253 240 284 237 
239 34 278 4 
165 19 270 198 
20 124 145 108 
17 203 26 202 
263 40 309 82 
11 192 153 21 
301 60 305 249 
95 225 154 204 
7 115 176 229 
67 70 87 33 
106 90 167 165 
45 42 181 250 
51 248 125 31 
41 80 274 228 
6 148 299 184 
171 76 229 173 
100 128 162 233 
23 29 200 32 
56 111 135 114 
221 57 283 69 
62 118 311 19 
32 150 315 156 
157 135 180 61 
132 223 214 10 
80 128 159 9 
2 68 28 160 
42 51 155 215 
84 146 292 41 
112 75 174 97 
220 71 318 61 
151 151 291 186 
46 36 231 148 
21 185 146 23 
65 65 269 27 
69 88 252 9 
248 253 267 230 
256 56 314 9 
203 139 295 85 
58 148 303 26 
83 238 216 37 
79 183 213 118 
160 65 287 121 
236 248 300 62 
25 241 105 3 
113 68 234 204 
18 172 189 4 
53 248 128 15 
40 119 223 183 
118 224 272 220 
61 89 78 54 
74 219 172 52 
86 214 218 64 
12 48 73 86 
57 205 196 138 
190 148 244 146 
77 203 147 3 
66 138 111 227 
55 18 205 191 
210 85 215 216 
8 12 228 24 
99 225 134 68 
101 97 323 244 
19 55 76 74 
186 6 227 156 
123 10 313 51 
144 59 290 240 
75 233 230 32 
148 41 264 49 
50 218 219 64 
96 13 304 181 
140 113 243 251 
97 71 211 35 
1 126 141 60 
71 2 217 21 
142 212 265 166 
169 39 194 253 
182 189 207 250 
302 75 321 62 
212 122 281 196 
104 178 173 212 
72 216 184 97 
114 25 324 15 
44 45 93 141 
54 132 235 103 
47 87 289 117 
3 24 138 108 
90 212 245 160 
39 93 316 251 
202 103 298 218 
52 189 122 175 
83 106 168 122 
89 67 261 60 
116 136 322 87 
30 178 232 179 
34 139 68 49 
59 45 120 165 
36 35 126 215 
4 70 310 163 
169 70 259 255 
98 200 282 2 
82 165 264 42 
107 5 273 130 
209 222 312 42 
5 5 185 144 
14 158 204 9 
255 97 319 215 
139 221 233 148 
105 143 320 151 
48 171 197 16 
92 149 156 18 
13 148 38 79 
15 205 195 38 
50 184 177 165 
262 240 294 74 
35 89 81 103 
38 186 121 137 
27 2 306 227 
136 243 289 182 
24 61 27 62 
22 20 170 61 
187 147 318 111 
250 210 257 180 
85 6 208 233 
279 213 316 163 
70 12 296 12 
179 68 216 247 
69 30 237 132 
242 155 282 25 
76 242 77 223 
186 123 228 121 
250 44 297 232 
90 3 119 138 
130 85 271 248 
210 225 312 224 
151 102 165 98 
178 140 190 136 
121 159 171 109 
108 141 232 230 
99 246 287 94 
201 219 252 63 
104 237 189 85 
242 30 269 251 
174 101 206 174 
106 212 285 160 
66 239 185 171 
129 71 261 187 
179 206 197 194 
60 226 72 39 
187 60 308 33 
184 164 321 101 
31 96 291 36 
152 230 233 147 
147 158 277 88 
10 158 163 249 
89 85 310 46 
127 83 203 72 
248 161 275 148 
135 185 314 135 
21 186 92 17 
102 69 266 39 
35 174 155 35 
16 80 280 220 
100 15 113 215 
53 222 138 122 
58 151 300 166 
2 123 181 74 
164 199 175 249 
7 6 303 157 
217 208 221 163 
40 89 136 157 
15 1 33 168 
134 13 247 162 
133 169 322 208 
86 18 299 216 
123 167 279 103 
8 203 43 5 
111 224 244 220 
224 121 225 121 
32 250 51 124 
274 130 281 217 
41 237 75 9 
68 224 268 251 
1 12 87 17 
124 113 131 71 
20 93 259 36 
84 63 253 59 
149 253 317 104 
166 72 241 198 
44 23 251 156 
3 75 132 226 
223 25 235 255 
267 38 315 11 
306 70 320 78 
115 170 156 229 
141 59 311 178 
238 187 319 166 
70 81 194 28 
67 47 229 101 
42 156 80 116 
144 165 260 59 
17 91 273 127 
180 157 270 155 
39 221 148 144 
18 23 226 59 
137 31 140 234 
30 92 62 247 
4 147 79 164 
49 73 209 121 
48 78 301 12 
150 113 323 67 
6 222 236 149 
104 96 146 142 
52 26 304 6 
5 192 239 199 
97 173 309 11 
73 94 145 125 
12 91 93 219 
26 254 158 217 
107 157 188 4 
116 200 211 213 
56 173 71 182 
182 129 215 118 
47 207 256 203 
258 228 272 215 
240 187 296 75 
46 126 193 135 
122 220 310 221 
168 153 276 31 
219 172 278 134 
125 68 208 229 
192 38 231 146 
114 6 293 164 
24 218 200 20 
170 143 307 124 
74 23 243 22 
120 16 205 173 
54 177 94 70 
25 70 162 17 
37 228 199 235 
11 66 59 250 
22 34 103 193 
112 116 118 148 
19 212 45 53 
222 153 246 152 
63 18 249 81 
23 165 128 244 
65 63 283 193 
172 89 302 38 
183 24 257 19 
81 4 284 18 
101 162 157 56 
254 181 262 232 
153 202 207 212 
55 22 186 89 
61 163 184 225 
29 77 280 204 
212 126 227 1 
95 215 230 241 
45 107 88 183 
34 38 178 129 
109 196 313 4 
77 37 220 172 
176 59 213 255 
234 114 243 146 
78 141 324 192 
91 214 286 22 
154 247 237 7 
143 233 271 11 
265 132 292 43 
96 250 98 229 
159 183 214 162 
126 131 160 224 
13 107 197 57 
64 70 110 42 
9 245 298 69 
198 63 202 12 
57 248 288 24 
82 227 296 118 
245 180 295 91 
218 65 263 37 
28 123 97 145 
139 62 305 123 
14 88 290 36 
191 171 294 22 
167 177 173 218 
117 104 142 172 
161 75 177 34 
187 109 196 187 
168 223 266 49 
90 89 302 35 
53 247 286 223 
27 25 215 229 
262 245 288 178 
174 208 305 41 
41 127 223 150 
1 110 209 35 
16 234 162 217 
170 240 176 8 
51 243 198 223 
62 20 297 253 
116 7 129 128 
48 151 257 210 
99 39 191 135 
10 27 105 19 
82 135 133 241 
73 56 156 240 
163 12 202 249 
66 86 110 65 
91 207 290 230 
49 75 245 141 
225 175 235 226 
192 71 321 28 
137 202 249 159 
55 164 274 154 
119 244 214 170 
87 87 279 199 
56 88 98 58 
314 204 319 211 
101 251 148 37 
151 93 226 94 294 160 
42 22 61 218 261 87 
29 173 67 144 118 84 
24 244 120 242 155 98 
35 139 38 153 201 237 
59 201 124 246 324 241 
32 31 76 152 284 148 
142 210 282 19 320 131 
71 99 93 55 229 230 
17 206 147 110 241 99 
63 145 269 161 281 228 
75 68 140 93 194 174 
9 148 127 84 173 196 
20 140 265 33 276 216 
107 231 152 218 318 120 
70 93 102 20 236 97 
40 8 220 116 267 4 
13 15 138 120 309 26 
94 136 193 203 299 112 
64 70 72 27 222 106 
11 254 210 90 218 157 
25 73 123 89 164 148 
113 158 128 189 293 172 
233 14 240 242 289 46 
30 243 95 55 161 7 
171 174 196 214 306 53 
14 231 275 127 304 110 
15 37 109 38 308 190 
65 45 69 147 238 153 
6 33 278 5 316 2 
114 117 121 236 132 66 
34 241 145 122 167 62 
23 47 247 145 272 140 
92 10 251 160 254 106 
175 94 212 146 219 102 
126 154 213 217 262 40 
37 39 165 41 268 192 
3 192 80 211 313 131 
177 244 253 42 260 60 
89 51 200 36 300 55 
181 193 221 77 295 70 
47 11 60 238 115 211 
19 163 185 100 312 194 
112 238 263 192 315 109 
149 155 159 131 237 79 
12 113 111 44 273 21 
86 210 166 145 291 211 
18 182 50 86 283 126 
83 185 242 26 301 110 
2 161 52 152 158 86 
21 118 22 23 259 249 
85 209 211 193 255 101 
125 181 131 234 322 188 
58 96 199 9 256 236 
103 74 141 175 228 4 
117 198 264 67 279 75 
36 66 188 203 292 250 
33 84 130 144 136 119 
153 16 208 252 244 46 
139 126 183 31 231 211 
68 94 232 158 303 112 
5 24 234 95 258 132 
143 74 190 186 204 155 
96 220 179 99 323 242 
4 131 26 68 39 198 
248 26 286 85 298 48 
84 223 146 28 207 8 
74 152 150 252 206 195 
57 153 250 143 307 225 
108 120 172 125 285 67 
28 56 224 195 230 57 
81 9 82 232 106 138 
46 24 182 70 239 79 
8 255 54 241 88 214 
217 149 270 113 287 17 
7 16 100 131 169 235 
44 59 78 38 297 148 
43 225 56 174 189 32 
157 208 160 157 252 36 
7 186 135 252 216 49 
120 34 137 29 203 52 
180 91 195 149 277 44 
16 189 145 37 227 1 
27 107 122 170 154 5 
108 14 205 33 317 206 
31 97 134 212 316 39 
192 83 246 128 311 67 
133 29 144 52 261 43 
18 63 79 251 245 62 
84 106 99 49 115 249 
34 194 90 188 205 222 
62 11 278 166 310 119 
4 5 15 3 21 105 
60 124 220 102 294 139 
3 130 233 59 280 10 
70 61 86 144 302 77 
76 58 186 85 249 173 
97 101 147 44 243 229 
5 51 88 44 134 145 
11 41 107 96 311 17 
73 40 187 210 197 7 
1 243 111 151 300 240 
69 115 208 250 266 158 
123 70 158 9 299 254 
182 102 265 54 307 3 
26 66 177 67 185 100 
2 72 190 78 281 1 
170 171 318 248 322 59 
200 198 235 213 314 160 
22 220 167 181 181 17 
136 98 203 127 257 140 
87 150 202 226 246 119 
121 165 174 45 292 92 
13 69 193 174 199 200 
112 141 240 236 288 11 
95 214 153 146 216 199 
83 132 251 217 291 5 
24 12 44 205 194 88 
40 188 55 89 173 137 
42 85 236 113 252 116 
51 51 161 92 165 180 
138 91 144 68 224 223 
33 90 151 250 227 81 
114 83 276 172 295 118 
61 92 132 137 285 236 
171 189 258 58 263 197 
96 165 104 53 162 18 
9 71 143 115 188 118 
45 70 154 98 275 167 
127 155 283 105 312 163 
106 176 126 94 196 157 
66 55 148 50 159 221 
36 53 68 205 94 23 
78 149 164 160 183 142 
31 173 141 28 320 178 
180 127 191 146 204 201 
91 100 226 227 317 156 
119 111 207 183 209 59 
105 192 131 219 210 39 
103 124 168 61 303 242 
58 73 313 26 315 10 
175 56 272 115 308 132 
93 143 142 81 237 29 
17 22 130 36 231 73 
37 156 113 157 260 29 
74 212 270 210 304 254 
77 164 255 139 264 101 
23 166 176 39 214 232 
67 144 109 173 269 240 
63 161 247 96 309 253 
53 55 75 206 319 197 
169 10 289 202 290 129 
65 96 98 108 156 21 
41 77 57 247 323 119 
242 143 271 207 277 150 
10 82 139 242 219 195 
54 147 117 45 238 87 
229 132 232 223 250 194 
149 22 254 240 287 26 
28 114 102 141 206 58 
146 31 282 34 296 87 
47 242 215 163 217 255 
35 173 64 237 163 172 
122 121 284 233 324 3 
52 107 166 125 198 160 
49 80 101 17 155 251 
116 183 184 183 230 177 
29 3 50 249 178 142 
259 158 293 115 301 109 
20 120 85 163 218 197 
39 108 211 199 221 150 
222 43 223 88 234 64 
72 115 273 186 306 226 
30 253 157 46 305 90 
6 13 8 4 84 171 
201 79 212 187 213 180 
92 54 239 122 321 83 
150 174 228 171 256 36 
25 102 152 2 172 132 
48 64 195 3 248 15 
19 46 129 27 241 28 
32 216 79 16 135 69 
14 22 110 149 140 180 
12 28 160 107 274 166 
80 196 81 221 298 104 
179 239 225 217 253 118 
46 65 89 29 267 9 
140 191 244 96 268 179 
59 145 71 208 128 235 
43 55 124 110 188 90 
38 107 118 197 189 142 
34 183 125 207 264 36 
100 129 184 193 185 2 
101 69 153 202 183 87 
178 231 220 186 266 157 
81 146 200 208 265 56 
72 62 254 57 324 120 
156 202 248 215 260 247 
4 165 41 250 69 60 
80 95 130 237 276 30 
166 32 298 38 316 233 
35 164 147 49 257 100 
6 210 107 19 243 16 
179 73 232 235 258 159 
100 39 152 205 198 118 
13 101 16 90 273 81 
67 214 125 121 231 207 
56 122 205 245 206 4 
53 62 79 110 190 250 
174 12 217 178 261 21 
88 130 131 55 233 53 
49 100 62 71 82 11 
44 192 309 240 385 174 602 126 712 12 825 110 950 243 
99 99 247 165 419 227 555 68 695 123 898 161 955 72 
148 7 282 211 487 108 615 24 719 75 886 192 943 130 
139 110 317 31 330 214 627 70 736 147 913 131 941 5 1047 165 
48 145 236 246 439 159 633 5 743 192 910 24 947 51 
27 120 182 217 374 49 544 148 740 222 878 33 1023 13 1051 210 
124 193 301 81 481 145 538 115 697 6 924 16 928 186 
54 127 291 192 428 253 589 12 705 203 922 255 1023 4 
161 188 265 30 488 112 494 137 804 245 861 148 976 71 
104 201 229 246 348 228 499 138 683 158 833 27 1004 82 
9 5 302 180 463 81 535 192 769 66 869 254 948 41 
108 107 241 194 428 79 582 48 746 91 894 113 1032 28 
105 210 211 178 418 1 640 148 802 107 866 15 962 69 1054 101 
73 37 246 46 483 192 634 158 812 88 875 231 1031 22 
1 230 303 7 412 246 641 205 700 1 876 37 941 3 
59 201 316 35 413 96 515 142 691 80 826 234 931 189 1054 90 
156 95 308 197 388 17 533 203 730 91 858 206 992 22 
116 14 264 242 363 231 575 172 733 23 896 182 937 63 
71 100 293 39 339 37 592 55 772 212 891 163 1029 46 
100 38 266 42 436 31 532 124 714 93 862 140 1018 120 
2 241 207 142 461 52 562 185 688 186 899 118 941 105 
39 251 206 143 424 54 649 20 770 34 899 23 958 220 
157 193 205 101 333 169 547 29 775 165 881 47 996 166 
102 72 310 33 399 129 648 61 762 218 852 244 966 12 
29 137 324 200 417 158 573 241 767 70 870 73 1027 102 
69 153 172 145 334 145 533 202 747 254 913 68 954 66 
28 132 216 43 358 244 646 2 648 62 821 25 932 107 
133 223 234 129 346 83 555 160 810 123 919 56 1008 114 
73 134 237 90 377 24 490 222 785 77 851 173 1016 3 
22 179 236 10 355 214 623 178 735 92 873 243 1022 253 
74 42 238 15 475 42 512 181 680 96 934 97 983 173 
27 84 298 12 338 206 551 150 708 250 855 31 1030 216 
140 212 215 101 466 137 525 225 700 168 906 84 971 90 
50 150 230 18 468 156 624 139 789 38 880 241 939 194 1040 183 
117 7 186 130 419 36 644 89 690 174 853 139 1011 173 1050 164 
94 204 200 202 416 208 510 26 626 35 905 66 981 53 
122 223 210 84 451 13 508 6 768 228 885 39 993 156 
132 215 318 163 385 21 640 79 645 186 853 153 1039 107 
58 201 231 158 393 90 617 93 732 221 913 198 1019 108 
68 33 169 78 341 203 577 119 699 89 865 8 967 188 
77 251 171 79 333 233 543 80 710 237 824 127 1002 77 1047 250 
16 99 163 31 432 123 556 51 728 156 850 22 968 85 
36 135 280 251 459 156 503 199 705 5 926 225 1038 55 
121 31 234 163 329 42 612 45 718 23 925 59 966 205 
81 243 178 110 436 170 541 42 772 53 788 107 977 70 
84 227 175 255 367 187 561 36 755 126 921 24 1035 65 
115 30 294 253 465 152 614 87 752 207 890 11 1010 242 
17 87 323 54 360 89 638 171 738 78 831 151 1028 64 
52 129 297 95 373 30 507 133 737 73 839 75 1014 80 1060 100 
4 29 257 117 453 46 598 218 642 184 896 86 1016 249 
63 135 225 8 346 156 542 248 708 124 828 243 969 51 
72 212 165 45 356 99 619 189 742 26 898 152 1013 107 
93 224 189 21 449 25 576 248 693 222 820 247 999 55 1057 62 
88 66 311 74 420 111 613 132 766 177 922 241 1005 147 
76 192 200 197 455 164 587 18 783 22 843 164 967 89 
13 28 197 160 484 106 548 111 750 173 846 88 926 174 1056 122 
147 174 249 236 398 132 583 205 806 248 917 153 1002 247 
100 246 172 26 373 162 568 148 694 151 902 96 989 73 
61 93 252 53 336 214 625 45 769 250 854 201 1037 145 
97 98 178 169 431 123 495 191 677 226 890 238 942 124 
42 80 291 169 491 29 579 89 784 163 850 218 973 92 
29 133 219 168 331 228 550 118 735 247 829 20 940 11 1060 71 
82 70 248 189 421 233 496 162 774 18 859 145 998 161 
122 117 304 236 329 10 481 135 803 70 868 70 1011 237 
55 142 296 30 382 16 563 65 776 63 877 45 1001 96 
140 114 300 11 422 118 586 138 674 239 837 86 980 55 
87 61 210 189 489 235 539 70 727 47 851 144 997 144 1055 214 
148 168 187 251 452 220 624 49 711 224 909 94 981 205 
57 129 201 146 456 2 564 88 656 30 877 147 951 115 1047 60 
49 196 317 151 443 90 654 12 726 81 864 93 944 61 
94 214 175 148 330 64 603 2 750 182 857 99 1037 208 
90 148 253 15 378 70 610 216 677 39 868 27 1021 115 1045 62 
32 56 258 225 349 45 582 86 745 94 835 56 949 40 
7 119 176 51 375 119 580 219 764 23 916 152 994 212 
12 189 272 183 354 94 596 233 710 9 860 68 999 206 
30 192 255 237 337 64 592 74 658 242 855 152 945 58 
74 18 288 130 369 172 585 203 658 223 791 37 995 164 
51 136 222 172 429 142 579 54 794 141 925 38 982 149 
81 161 177 86 342 100 570 183 736 164 937 251 1030 16 1057 110 
139 17 250 236 444 60 554 128 728 116 886 211 1033 196 1048 95 
145 117 181 151 480 97 644 103 779 4 920 9 1033 221 1044 146 
43 129 308 60 396 185 630 165 807 227 834 135 920 232 1060 11 
47 54 182 33 343 234 569 238 620 106 897 185 965 132 
123 36 168 236 399 134 557 146 715 63 915 223 938 106 1023 171 
96 116 286 204 486 128 521 51 652 6 900 209 1018 163 
87 165 321 238 378 112 581 214 703 18 895 210 944 144 
64 127 259 203 402 248 539 33 712 17 845 87 960 150 
107 11 167 193 482 71 525 104 788 183 922 214 947 44 1059 130 
125 214 279 188 430 242 621 67 684 85 888 51 1035 29 
114 170 301 125 395 127 616 212 661 3 819 89 939 188 
118 160 269 88 344 141 513 255 795 214 838 207 985 100 
52 182 227 184 397 32 639 149 688 17 882 10 1025 54 
128 29 223 238 414 138 612 141 746 219 857 55 991 143 
3 56 177 149 361 89 483 41 766 70 867 136 981 23 
95 196 243 251 447 27 537 225 787 215 873 55 964 214 
126 123 311 110 485 175 599 13 799 250 912 220 975 165 
60 202 237 55 454 111 601 71 744 173 810 145 946 101 
75 55 203 199 437 235 629 200 799 229 846 58 1001 108 
53 226 212 63 440 4 590 225 668 246 832 39 938 49 
23 110 188 219 414 233 546 128 692 15 924 131 1041 129 1053 39 
142 52 184 51 462 34 591 97 780 162 848 251 1014 17 1042 69 
132 223 187 75 326 188 493 238 689 69 864 20 1008 141 
141 171 166 223 474 168 519 139 770 193 903 74 988 124 
145 183 252 15 357 139 609 178 670 237 741 96 975 53 
30 97 165 214 411 238 573 3 637 143 833 19 987 192 
162 24 276 162 437 68 540 90 673 212 920 138 979 176 
37 177 222 193 366 55 631 5 748 157 863 231 948 96 1051 19 
45 203 293 53 434 157 496 39 667 141 918 120 933 14 
15 163 242 152 465 245 494 89 790 196 876 38 997 173 
31 167 228 64 360 245 512 10 803 42 837 65 1031 149 
155 224 278 250 400 40 586 227 706 224 894 44 950 151 
129 14 213 218 351 6 558 75 771 116 892 238 963 141 
119 72 232 173 406 21 574 68 692 215 871 158 993 157 
161 9 289 176 411 48 611 25 761 6 879 117 972 83 
159 166 283 16 410 88 523 84 723 170 890 211 938 249 
67 207 285 228 417 63 622 136 749 200 830 7 1015 183 
117 70 204 172 400 149 500 102 815 104 904 198 1005 45 
41 90 307 150 479 62 578 224 771 148 851 84 1039 197 
39 103 314 57 470 185 482 160 661 138 844 244 986 111 
85 117 226 200 343 158 625 165 765 16 852 242 929 34 
82 169 258 118 476 234 645 137 666 159 879 236 961 165 
159 246 259 49 328 117 619 175 756 220 932 170 1012 121 
57 224 192 90 409 26 594 10 704 167 870 89 952 70 
83 239 275 153 453 54 522 150 713 113 854 246 1038 110 
10 217 310 228 418 28 542 31 759 68 901 181 1040 207 1055 121 
9 224 179 114 410 125 626 215 801 131 884 154 979 94 
21 84 292 222 479 155 504 15 685 83 861 84 978 155 
150 100 219 30 392 149 576 15 775 244 871 189 1037 235 
99 138 284 96 412 184 522 195 675 71 830 128 1029 27 
33 248 218 202 397 71 493 36 662 85 906 144 992 36 1048 237 
55 161 297 140 451 74 518 49 713 71 901 234 987 219 1059 55 
38 169 256 198 433 168 553 223 719 226 879 66 973 137 
14 157 274 68 374 183 488 207 702 169 834 241 936 29 
6 177 262 113 464 16 590 68 701 13 934 212 947 145 
18 234 313 104 349 243 548 114 687 185 928 252 1030 69 
44 151 195 150 463 22 647 243 699 157 906 119 959 98 
75 154 241 121 344 221 511 58 734 31 842 202 929 29 
51 97 276 219 386 38 615 108 693 122 866 120 970 91 
91 113 318 138 460 141 636 221 811 62 908 126 1004 242 
116 156 242 116 408 54 600 113 734 234 860 93 1031 180 1036 191 
133 2 268 154 372 177 602 60 724 59 903 175 983 28 
79 179 275 65 452 183 604 212 815 172 856 210 991 81 
138 116 202 58 339 65 511 201 797 233 911 74 976 115 
79 74 176 23 345 42 595 59 729 165 936 52 970 68 
28 237 272 35 450 62 532 108 745 125 880 122 931 37 
137 247 319 67 352 55 562 23 741 142 915 28 1009 31 
114 133 171 6 458 186 585 3 682 158 858 110 946 44 1050 49 
21 77 306 134 375 114 597 41 732 144 848 37 980 50 
25 41 263 247 383 97 520 157 716 253 893 155 1007 22 
103 252 315 109 457 15 497 221 739 113 916 252 1026 174 
5 194 281 109 345 134 560 151 664 102 849 93 971 250 
78 198 305 141 332 7 504 119 681 230 863 218 1027 2 1053 205 
34 8 303 208 420 7 535 21 782 202 907 16 964 146 1042 202 
86 132 271 229 469 197 537 204 796 247 932 5 977 98 
112 195 321 43 413 7 556 215 690 35 852 98 1014 251 
63 207 307 116 477 29 639 18 723 229 835 240 1001 21 1046 202 
56 123 295 169 449 162 552 135 780 56 927 208 1022 46 
68 182 198 248 440 84 517 154 747 217 898 86 952 9 
109 49 262 122 472 43 554 9 800 183 893 131 980 221 
101 217 173 152 404 142 571 65 801 224 927 157 1032 107 
90 24 254 199 474 72 505 240 816 75 873 7 969 92 
35 141 314 219 393 10 546 233 767 17 826 217 975 18 
134 240 268 53 450 178 498 242 683 249 836 12 1011 172 
113 73 215 191 404 42 509 105 696 199 870 148 982 160 
98 218 198 200 398 85 531 19 664 98 885 41 969 180 
62 165 174 137 336 218 514 229 717 72 895 145 1013 125 1049 32 
121 242 163 52 439 164 540 165 814 177 880 62 958 181 
147 66 305 153 421 163 620 122 757 153 818 223 988 61 
105 254 196 124 442 83 605 39 628 70 924 235 1000 10 
136 232 185 41 338 57 649 61 763 143 827 240 956 171 
136 128 284 150 467 35 545 76 666 109 874 174 974 189 
36 41 213 70 473 67 580 52 777 89 918 125 1027 132 
158 241 261 97 448 51 609 212 814 218 861 196 967 137 
80 144 302 51 363 79 558 97 672 101 823 208 961 45 1058 12 
45 98 304 207 359 164 506 60 696 249 883 94 990 56 
7 171 226 240 409 247 538 229 792 59 827 8 996 39 
18 21 261 111 350 76 642 165 816 34 887 244 954 67 
19 44 239 76 391 43 509 194 665 140 789 129 1016 142 1043 231 
113 94 244 202 381 232 655 68 676 206 912 99 1034 239 1052 73 
23 35 193 102 326 88 552 61 731 157 930 91 984 127 
31 68 322 203 473 132 541 250 695 74 889 193 958 17 
69 86 209 39 394 201 606 189 751 129 921 70 953 102 
158 136 298 173 406 72 503 141 778 24 908 31 982 142 1042 87 
110 129 199 127 441 29 610 97 679 164 784 225 1015 183 1041 193 
61 32 260 37 364 80 633 144 674 171 891 100 954 100 1041 2 
40 54 323 189 390 55 593 6 659 123 783 89 945 85 
26 237 220 241 387 191 650 147 678 60 817 109 949 210 
65 26 309 255 424 171 524 244 748 4 905 203 976 118 1038 90 
151 159 251 183 325 132 575 4 670 85 926 32 1039 142 
115 159 306 240 371 146 584 148 665 136 911 186 955 78 1057 250 
127 84 273 236 445 202 515 54 813 171 832 135 984 146 
47 193 196 69 423 39 526 56 760 38 841 71 935 83 
5 218 181 245 434 163 519 99 755 135 867 203 962 174 
83 190 255 153 379 242 605 253 726 28 860 174 966 88 
102 15 197 72 366 82 516 49 641 38 930 149 1028 3 
107 174 299 207 350 6 583 138 817 187 874 214 979 157 
62 118 265 186 383 68 638 16 676 194 802 57 949 7 
24 188 221 133 367 215 528 62 805 63 828 223 1013 160 1053 118 
160 158 320 243 405 124 492 222 768 235 902 9 962 200 
71 239 312 51 478 210 547 32 762 20 888 36 957 198 1044 208 
97 188 231 233 387 245 527 170 669 219 853 237 1024 79 
123 98 251 252 443 189 618 103 805 12 836 249 960 226 
141 235 285 53 334 227 567 139 685 72 929 52 959 127 
54 60 233 56 328 147 526 116 634 9 911 155 984 201 
96 76 295 70 335 97 587 191 765 173 933 33 939 222 1056 245 
53 35 312 204 347 87 499 87 672 174 916 195 1008 58 1056 4 
131 238 228 190 423 26 606 250 782 212 915 8 986 183 
103 135 287 202 353 45 652 233 759 229 907 252 951 250 
46 67 201 248 361 104 632 222 737 121 825 35 986 59 
127 62 248 24 471 185 588 85 663 225 869 90 987 39 
8 147 216 241 405 71 601 35 749 213 900 193 1019 199 
160 138 203 99 438 246 608 122 786 126 883 146 1024 187 
66 44 289 30 468 211 570 118 792 255 884 217 1024 180 
76 116 247 97 408 126 553 10 800 162 844 170 996 232 
119 236 245 8 427 237 588 216 751 118 821 229 1010 163 
104 221 282 223 431 184 569 37 655 247 928 49 964 199 
135 24 211 80 470 94 603 21 698 208 923 149 1010 255 1058 178 
17 174 313 94 396 59 581 64 809 65 869 157 1018 197 
118 17 266 96 401 149 598 64 758 172 883 102 1004 195 
85 65 227 134 492 102 559 71 791 172 865 116 942 102 1043 186 
70 115 191 235 403 170 549 57 698 163 889 77 1019 150 
66 7 217 75 332 7 497 72 773 153 868 106 1020 43 
59 155 290 18 459 188 577 183 720 25 824 150 1020 88 
153 144 235 6 357 47 501 13 707 121 919 195 970 223 
108 164 206 88 362 68 518 77 707 121 840 175 1034 217 
142 96 324 181 477 224 491 113 733 59 849 94 985 227 
49 144 292 109 355 129 593 156 786 1 931 1 971 81 
50 155 205 203 435 155 589 24 659 121 903 4 1026 171 
130 49 287 202 475 47 545 173 727 101 857 230 1006 132 
135 33 183 2 359 145 596 32 787 241 919 57 1015 177 
26 133 189 127 407 52 561 148 760 146 908 211 992 73 1055 207 
37 113 283 164 370 154 623 179 667 230 909 158 1006 223 1052 235 
157 246 207 14 426 108 636 148 681 147 872 14 943 59 1059 53 
3 114 173 122 486 75 574 204 793 114 910 95 1020 64 
41 83 263 78 401 77 613 103 720 255 840 226 957 213 
20 226 202 119 490 186 572 248 740 149 864 97 968 113 
151 181 180 69 435 175 656 132 796 7 893 79 991 29 
106 155 190 57 370 13 454 34 725 187 877 153 1005 87 
11 201 256 250 377 148 530 34 743 199 921 79 1025 122 
64 55 212 207 446 180 514 67 754 187 872 242 963 236 
152 26 269 5 384 57 510 221 717 198 858 99 1029 28 
11 227 267 94 354 186 657 155 671 30 897 26 1003 143 
2 77 299 35 402 18 600 251 764 22 793 146 946 229 1051 16 
84 202 288 127 446 228 584 146 706 220 907 46 1036 96 
40 221 204 121 348 250 616 160 808 180 839 141 937 62 
95 224 281 119 430 231 520 174 773 152 935 128 960 119 
72 238 244 230 484 225 507 45 701 162 881 145 998 96 
130 156 192 124 389 219 565 253 686 161 914 26 1028 15 1046 215 
14 198 184 154 444 181 508 151 774 81 842 159 945 173 
19 164 319 2 415 55 651 210 660 44 917 143 1006 194 
77 30 257 184 351 177 521 149 718 156 882 160 965 217 
156 94 225 96 422 89 564 9 669 63 927 36 968 116 
109 59 191 244 340 151 529 240 715 59 887 42 1034 118 
91 166 274 61 327 72 516 175 781 181 882 106 1007 240 1045 57 
138 195 195 140 381 73 528 197 635 97 900 101 995 139 
162 61 185 198 447 124 566 56 752 203 902 236 1026 36 
86 201 224 85 347 194 651 180 778 19 831 210 959 140 1050 100 
111 67 168 185 365 243 487 187 753 228 910 132 974 58 1052 159 
112 141 190 23 371 105 628 255 714 36 899 249 1017 158 
56 85 316 186 356 172 502 120 729 59 887 60 993 29 1046 247 
124 201 277 191 352 99 621 60 675 187 850 87 936 43 1058 21 
155 140 183 224 485 45 643 240 781 232 822 245 884 40 
120 8 294 192 392 238 534 40 809 37 892 192 974 197 
143 107 246 40 467 184 597 49 630 42 904 67 995 101 1040 36 
154 255 170 250 341 211 604 166 798 132 862 33 953 54 1044 56 
120 61 277 59 464 53 513 225 689 39 818 49 951 158 1043 157 
106 15 229 48 462 158 565 230 721 38 865 4 1035 9 
13 59 214 63 364 239 469 106 711 251 885 192 1036 179 
131 173 271 138 384 64 563 27 671 251 859 161 997 240 
144 80 164 57 337 180 531 198 731 155 923 113 994 210 
70 226 249 36 429 194 498 84 662 248 797 11 1003 207 
149 92 164 145 432 136 578 220 753 215 881 140 990 115 
149 149 322 60 391 155 631 130 730 127 894 21 1021 186 1054 81 
92 193 199 153 368 71 543 228 709 130 843 154 1032 166 
16 54 209 88 460 241 501 176 686 148 875 127 977 167 
126 98 238 2 331 33 425 36 757 31 862 216 972 172 1048 30 
153 172 170 43 457 248 523 122 682 88 930 44 1003 150 
98 247 194 180 395 39 530 4 758 134 878 5 940 166 
80 22 166 114 442 230 653 213 704 103 845 199 904 75 
125 197 180 23 425 76 524 221 691 220 785 204 943 10 
25 162 167 114 389 130 608 196 709 217 859 228 955 1 
10 90 273 84 342 238 629 2 657 25 856 19 1009 34 
43 60 279 219 335 6 549 69 776 193 896 126 978 105 
146 110 315 126 438 133 529 237 779 18 855 148 1012 233 
6 214 245 3 379 4 527 158 673 160 918 67 973 236 
48 88 240 112 461 41 495 35 795 22 820 223 914 85 
78 145 186 23 382 61 571 121 668 94 923 17 1007 26 
15 58 188 59 388 252 478 234 806 24 822 178 963 11 
42 210 267 130 480 74 614 117 647 182 872 46 1000 202 
92 168 220 11 372 59 595 240 812 36 838 230 1000 129 
101 62 250 190 358 114 560 186 680 36 895 211 965 5 
58 28 243 205 489 242 557 41 798 43 905 250 961 92 
143 211 169 184 325 240 506 197 761 164 871 172 1017 115 
20 16 208 201 365 168 643 74 813 22 849 160 942 139 
137 66 208 181 353 8 567 85 808 91 889 70 972 118 
38 210 280 239 376 196 654 12 754 75 807 118 1009 87 
89 55 233 241 472 210 500 74 660 232 829 253 925 148 
110 50 239 17 471 174 618 218 804 69 914 48 1033 104 1049 38 
12 189 193 212 415 208 544 184 703 216 867 112 952 254 
1 200 174 41 441 106 572 62 694 166 888 55 950 240 
46 126 223 85 340 56 536 60 738 12 897 110 1017 109 
150 160 320 91 476 73 607 75 777 38 819 35 944 77 
146 243 264 236 407 224 568 26 697 157 909 112 988 242 
128 130 253 43 380 49 599 181 742 6 875 110 994 254 
67 245 214 46 458 140 536 249 811 123 823 41 1022 90 
24 161 235 92 390 8 646 227 722 70 874 53 1021 226 
8 174 278 107 426 87 502 161 763 124 917 225 953 3 
22 245 286 78 362 30 517 192 678 33 876 190 990 132 
154 93 254 88 466 104 534 82 744 11 866 26 998 253 
129 52 300 23 386 48 627 163 684 46 756 221 940 119 
111 131 296 216 448 234 550 19 724 178 935 67 948 17 
93 232 194 106 327 47 632 42 663 224 891 194 978 163 
4 118 221 236 445 198 594 51 790 4 886 131 989 26 
89 110 218 251 368 199 566 9 687 135 847 204 957 160 
152 235 230 10 380 47 551 156 721 11 892 109 989 10 
32 27 270 44 455 236 617 251 653 163 878 2 934 39 1049 233 
134 249 232 147 369 133 505 62 716 104 933 206 985 156 
88 105 224 98 433 85 559 61 650 111 863 120 956 248 
35 49 217 139 376 198 635 215 725 166 847 211 999 197 
34 221 240 122 403 87 637 151 722 78 856 131 983 178 
144 71 179 255 456 116 607 62 679 101 841 28 1025 83 
33 26 290 228 416 223 622 87 702 208 901 188 956 59 
65 49 260 35 427 219 591 244 739 67 912 242 1002 119 
60 241 270 141 394 114 611 15 794 192 854 241 1012 3 1045 120 
