898 162 256
3 13
2 2 2 2 2 2 2 2 2 2 2 2 2 2 2 2 2 2 2 2 2 2 2 2 2 2 2 2 2 2 2 2 2 2 2 2 2 2 2 2 2 2 2 2 2 2 2 2 2 2 2 2 2 2 2 2 2 2 2 2 2 2 2 2 2 2 2 2 2 2 2 2 2 2 2 2 2 2 2 2 2 2 2 2 2 2 2 2 2 2 2 2 2 2 2 2 2 2 2 2 2 2 2 2 2 2 2 2 2 2 2 2 2 2 2 2 2 2 2 2 2 2 2 2 2 2 2 2 2 2 2 2 2 2 2 2 2 2 2 2 2 2 2 2 2 2 2 2 2 2 2 2 2 2 2 2 2 2 2 2 2 2 2 2 2 2 2 2 2 2 2 2 2 2 2 2 2 2 2 2 2 2 2 2 2 2 2 2 2 2 2 2 2 2 2 2 2 2 2 2 2 2 2 2 2 2 2 2 2 2 2 2 2 2 2 2 2 2 2 2 2 2 2 2 2 2 2 2 2 2 2 2 2 2 2 2 2 2 2 2 2 2 2 2 2 2 2 2 2 2 2 2 2 2 2 2 2 2 2 2 2 2 2 2 2 2 2 2 2 2 2 2 2 2 2 2 2 2 2 2 2 2 2 2 2 2 2 2 2 2 2 2 2 2 2 2 2 2 2 2 2 2 2 2 2 2 2 2 2 2 2 2 2 2 2 2 2 2 2 2 2 2 2 2 2 2 2 2 2 2 2 2 2 2 2 2 2 2 2 2 2 2 2 2 2 2 2 2 2 2 2 2 2 2 2 2 2 2 2 2 2 2 2 2 2 2 2 2 2 2 2 2 2 2 2 2 2 2 2 2 2 2 2 2 2 2 2 2 2 2 2 2 2 2 2 2 2 2 2 2 2 2 2 2 2 2 2 2 2 2 2 2 2 2 2 2 2 2 2 2 2 2 2 2 2 2 2 2 2 2 2 2 2 2 2 2 2 2 2 2 2 2 2 2 2 2 2 2 2 2 2 2 2 2 2 2 2 2 2 2 2 2 2 2 2 2 2 2 2 2 2 2 2 2 2 2 2 2 2 2 2 2 2 2 2 2 2 2 2 2 2 2 2 2 2 2 2 2 2 2 2 2 2 2 2 2 2 2 2 2 2 2 2 2 2 2 2 2 2 2 2 2 2 2 2 2 2 2 2 2 2 2 2 2 2 2 2 2 2 2 2 2 2 2 2 2 2 2 2 2 2 2 2 2 2 2 2 2 2 2 2 2 2 2 2 2 2 2 2 2 2 2 2 2 2 2 2 2 2 2 2 2 2 2 2 2 2 2 2 2 2 2 2 2 2 2 2 2 2 2 2 2 2 2 2 2 2 2 2 2 2 2 2 2 2 2 2 2 2 2 2 2 2 2 2 2 2 2 2 2 2 2 2 2 2 2 2 2 2 2 2 2 2 2 2 2 2 2 2 2 2 2 2 2 2 2 2 2 2 2 2 2 2 2 2 2 2 2 2 2 2 2 2 2 2 2 2 2 2 2 2 2 2 2 2 2 2 2 2 2 2 2 2 2 2 2 2 2 2 2 2 2 2 2 2 2 2 2 2 2 2 2 2 2 2 2 2 2 3 3 3 3 3 3 3 3 3 3 3 3 3 3 3 3 3 3 3 3 3 3 3 3 3 3 3 3 3 3 3 3 3 3 3 3 3 3 3 3 3 3 3 3 3 3 3 3 3 3 3 3 3 3 3 3 3 3 3 3 3 3 3 3 3 3 3 3 3 3 3 3 3 3 3 3 3 3 3 3 3 3 3 3 3 3 3 3 3 3 3 3 3 3 3 3 3 3 3 3 3 3 3 3 3 3 3 3 3 3 3 3 3 3 3 3 3 3 3 3 3 3 3 3 3 3 3 3 3 3 3 3 3 3 3 3 3 3 3 3 3 3 3 3 3 3 3 3 3 3 3 3 3 3 3 3 3 3 3 3 3 3 3 3 3 3 3 3 3 3 3 3 3 3 3 3 3 3 3 3 
13 12 12 12 12 12 12 12 13 12 12 12 12 12 12 12 13 12 12 12 12 12 12 12 12 13 12 12 13 12 13 12 12 12 13 12 12 13 12 13 13 13 12 12 12 12 12 13 12 12 12 12 12 12 13 12 12 12 12 12 13 12 12 13 13 12 12 12 12 12 13 12 12 12 12 12 12 12 12 12 12 12 12 12 12 12 12 13 12 12 13 12 12 12 12 12 12 13 12 12 12 12 12 12 12 12 12 12 13 12 12 12 12 13 12 12 12 13 13 12 13 12 12 12 12 12 12 12 12 12 12 12 12 12 13 13 12 12 12 12 13 12 12 12 12 13 12 12 13 12 12 12 12 12 12 12 12 13 12 12 12 13 
22 76 49 214 
28 186 50 68 
18 224 55 4 
136 53 158 117 
37 190 116 136 
6 11 102 193 
7 175 110 108 
1 168 26 209 
51 218 141 140 
87 143 89 159 
59 157 95 16 
71 96 72 241 
11 72 160 169 
68 39 130 18 
54 254 100 15 
17 152 148 147 
57 255 145 46 
111 149 114 185 
25 150 80 103 
143 46 154 33 
75 230 135 161 
56 55 63 216 
16 73 128 123 
2 147 155 14 
10 47 47 124 
78 144 127 227 
91 66 149 3 
94 120 129 13 
3 202 121 245 
41 87 81 26 
52 127 157 178 
35 85 88 18 
39 22 98 147 
24 96 162 24 
23 226 152 77 
34 222 107 16 
15 214 27 59 
8 189 112 185 
92 53 159 207 
67 139 118 231 
66 100 150 74 
101 228 115 109 
97 155 125 81 
64 42 137 21 
40 174 131 80 
45 36 161 12 
105 103 113 12 
70 252 82 16 
146 60 147 99 
61 134 117 167 
9 201 90 24 
53 122 85 140 
99 74 139 97 
43 62 96 124 
14 20 44 5 
36 198 60 207 
29 58 134 182 
30 198 83 115 
31 171 104 44 
108 24 138 124 
42 80 124 40 
32 53 58 241 
65 116 77 44 
48 253 151 100 
73 114 74 127 
12 214 106 32 
33 97 123 114 
21 202 109 122 
79 74 140 188 
93 212 103 192 
5 159 20 165 
4 246 86 200 
84 86 122 195 
13 250 132 48 
46 222 133 166 
120 202 126 152 
19 7 144 45 
69 218 153 193 
62 11 76 139 
38 144 142 143 
119 155 156 41 
103 89 109 51 
153 136 161 143 
31 178 56 10 
47 71 148 7 
88 106 147 198 
14 59 41 103 
70 214 94 141 
35 232 144 122 
71 205 157 57 
83 157 126 47 
53 126 68 143 
116 221 146 240 
20 2 140 125 
18 217 141 154 
6 31 104 218 
80 217 142 76 
45 86 61 129 
30 157 36 25 
62 60 97 43 
43 198 101 196 
15 52 129 234 
106 23 118 83 
77 245 152 186 
13 129 95 119 
4 211 37 9 
92 179 133 213 
89 41 134 174 
32 154 100 93 
26 81 50 170 
2 56 114 105 
121 105 156 42 
85 90 122 156 
39 48 46 52 
49 140 158 250 
34 166 84 165 
28 211 73 43 
21 179 64 224 
128 156 131 247 
87 86 145 163 
113 228 130 244 
7 235 22 174 
40 144 48 45 
25 107 44 239 
54 124 155 31 
57 120 63 57 
59 120 74 160 
67 73 124 123 
16 194 105 159 
66 201 69 73 
9 203 139 245 
10 65 82 221 
52 45 150 224 
108 233 112 4 
29 7 159 166 
96 128 111 168 
93 137 138 81 
3 142 81 207 
120 10 132 147 
1 71 98 15 
76 80 119 225 
110 156 125 142 
8 189 136 139 
90 126 127 98 
12 69 38 229 
23 253 99 75 
17 247 86 137 
55 55 162 149 
51 200 58 30 
11 68 91 121 
60 231 75 198 
151 114 154 7 
24 158 107 171 
72 92 135 82 
33 138 102 216 
79 77 149 153 
19 88 123 139 
27 72 65 124 
137 231 143 220 
5 163 115 90 
42 11 117 18 
78 185 160 117 
2 181 75 158 
45 177 147 82 
143 161 146 202 
76 9 98 143 
9 170 97 48 
11 158 144 96 
87 252 162 17 
25 65 101 77 
37 208 95 80 
3 191 113 192 
53 243 70 149 
55 12 93 122 
92 101 161 178 
49 195 86 165 
91 241 122 77 
138 111 142 160 
65 156 108 193 
36 154 67 141 
105 22 157 146 
26 85 103 47 
54 167 160 221 
48 101 99 21 
47 109 118 137 
12 25 102 56 
16 245 56 10 
29 101 82 189 
73 111 85 133 
23 96 83 126 
20 122 22 234 
44 25 132 131 
6 137 125 162 
37 1 57 119 
30 84 107 167 
7 204 51 164 
46 128 114 105 
13 200 100 162 
40 248 79 75 
96 120 145 85 
5 49 69 174 
8 26 78 122 
21 136 71 112 
1 219 148 64 
14 10 117 42 
31 189 84 55 
15 168 111 11 
81 32 136 180 
24 200 150 84 
60 247 158 98 
110 191 129 18 
152 140 159 163 
74 163 77 184 
63 232 112 172 
19 96 134 87 
43 71 64 61 
33 199 72 236 
128 248 155 22 
35 5 119 229 
68 166 115 112 
62 150 150 3 
88 167 141 5 
42 107 89 213 
109 149 126 77 
39 3 140 34 
59 164 66 89 
17 184 99 53 
28 37 90 70 
121 173 151 119 
80 168 139 138 
27 106 156 248 
5 111 123 226 
104 229 154 218 
94 237 120 184 
38 153 133 80 
50 18 61 82 
32 209 34 2 
79 195 124 10 
8 173 153 217 
52 14 149 152 
4 41 130 227 
106 150 116 227 
127 81 137 177 
18 166 41 8 
10 113 58 35 
93 24 131 24 
73 139 135 144 
35 43 36 210 
82 110 131 168 
52 181 146 186 
89 3 154 41 
38 141 94 152 
2 112 139 85 
53 110 76 237 
109 154 136 245 
11 33 129 131 
47 61 69 17 
44 79 56 151 
45 163 128 121 
13 83 119 22 
49 41 84 205 
39 11 78 192 
15 1 61 6 
77 60 105 74 
6 133 26 176 
81 118 106 179 
29 252 90 132 
7 234 152 122 
74 75 124 134 
137 74 148 38 
114 126 130 33 
66 250 111 152 
57 156 97 147 
21 84 59 163 
27 37 33 78 
88 26 101 173 
16 63 98 52 
92 15 156 72 
71 245 151 104 
87 136 155 89 
55 123 86 72 
28 138 100 177 
30 50 127 52 
18 4 135 58 
34 127 133 122 
126 189 147 135 
145 242 157 148 
24 78 25 161 
20 149 121 97 
3 116 32 40 
70 39 158 74 
95 248 104 112 
31 19 67 176 
17 85 112 149 
107 216 123 114 
22 241 132 86 
4 249 42 249 
40 238 43 171 
1 223 75 7 
63 119 141 193 
64 26 110 12 
23 249 102 65 
50 152 115 197 
12 29 96 49 
68 39 160 142 
149 196 159 192 
113 252 120 206 
80 41 140 154 
91 1 103 121 
85 101 161 204 
10 170 83 122 
51 201 142 183 
108 235 134 184 
58 1 117 206 
125 206 153 63 
14 233 46 17 
54 248 118 156 
48 141 144 35 
143 147 158 152 
72 197 78 169 
110 90 162 34 
62 145 138 157 
19 104 116 42 
60 1 65 147 
122 43 139 255 
9 5 41 133 
33 120 131 201 
112 216 117 197 
3 7 85 254 
38 170 74 111 
55 192 92 156 
124 156 153 170 
107 175 151 73 
9 191 27 179 
50 142 157 10 
44 67 60 156 
16 28 90 225 
120 56 155 130 
68 32 142 3 
26 199 30 222 
6 161 113 220 
82 39 95 125 
72 249 94 122 
25 226 73 113 
22 169 160 176 
37 19 103 240 
23 108 28 148 
64 11 130 189 
100 168 125 115 
15 30 104 242 
39 232 116 197 
18 110 154 103 
2 210 10 198 
11 55 102 116 
106 29 119 173 
66 111 128 135 
132 55 149 162 
56 2 121 35 
97 47 115 249 
5 171 129 192 
36 113 52 94 
47 97 133 111 
51 215 156 220 
32 42 146 11 
49 155 96 212 
43 84 76 184 
35 161 86 54 
71 56 108 181 
19 213 75 131 
24 78 29 233 
54 202 123 8 
63 41 79 160 
147 181 162 5 
65 213 91 254 
61 44 140 81 
87 158 148 43 
99 51 150 229 
89 7 122 174 
105 106 118 179 
48 172 136 167 
12 120 45 175 
42 113 127 243 
13 52 114 195 
53 31 67 105 
20 8 135 185 
111 250 134 184 
34 26 109 192 
57 182 152 62 
58 216 145 149 
138 108 143 145 
41 223 83 73 
77 93 137 37 
59 218 88 125 
62 63 84 126 
31 28 159 63 
7 50 98 142 
14 24 40 241 
1 37 161 6 
93 146 114 159 
70 5 141 173 
133 66 144 166 
81 101 101 83 
17 18 94 242 
80 120 126 252 
4 253 25 100 
8 69 105 232 
69 205 103 228 
46 204 157 56 
9 165 21 165 
123 62 149 67 
57 206 85 16 
43 198 54 116 
5 199 14 152 
61 103 74 146 
78 107 104 218 
20 10 29 223 
91 153 101 21 
47 129 132 77 
8 159 24 47 
76 67 83 188 
121 241 137 162 
136 5 142 74 
2 131 124 255 
30 214 63 173 
80 217 118 110 
46 164 90 233 
48 14 77 228 
4 99 27 250 
148 151 159 117 
39 218 65 136 
42 27 102 212 
107 207 117 74 
11 194 18 226 
50 228 86 244 
31 116 147 110 
115 133 154 22 
126 241 134 211 
9 21 146 248 
3 248 131 206 
81 192 87 45 
34 143 70 49 
26 125 106 110 
87 71 140 11 
68 44 99 145 
11 117 16 13 
139 153 141 143 
155 134 156 166 
60 242 125 107 
19 37 53 10 
10 52 89 166 
22 150 97 116 
135 236 153 69 
75 71 160 221 
28 188 138 156 
33 45 88 51 
37 121 72 47 
113 130 150 59 
52 223 82 247 
17 208 95 33 
15 45 109 228 
13 232 41 58 
38 97 56 182 
67 130 143 237 
66 18 110 159 
100 96 112 59 
51 246 73 98 
45 142 130 184 
92 124 116 241 
44 12 152 116 
129 238 161 138 
98 70 158 194 
58 201 79 100 
93 160 151 53 
40 159 162 234 
59 244 127 188 
55 91 122 229 
21 192 49 49 
1 241 111 25 
6 165 35 239 
120 200 144 191 
69 41 84 33 
23 148 64 211 
12 77 32 44 
15 143 62 211 
7 4 71 128 
36 144 96 29 
108 244 119 33 
123 192 145 147 
42 196 128 66 
7 28 114 189 
75 145 86 145 
85 31 104 85 
33 164 148 7 
30 190 94 162 
61 195 141 37 
51 195 103 28 
29 15 63 155 
38 59 134 222 
92 15 113 45 
46 14 136 83 
2 207 3 187 
84 251 137 137 
23 254 140 1 
4 177 159 90 
56 127 109 115 
39 80 88 177 
145 90 153 153 
20 24 59 153 
66 205 119 158 
16 65 99 241 
65 49 95 76 
124 186 126 197 
91 94 100 81 
1 170 120 84 
57 24 147 166 
5 227 139 74 
80 100 127 29 
112 42 131 166 
54 118 152 52 
47 103 96 35 
98 63 149 7 
26 102 82 216 
107 172 135 24 
34 23 108 250 
74 216 132 224 
12 202 150 249 
90 79 101 190 
14 152 35 75 
17 147 73 244 
19 215 97 203 
53 252 110 248 
158 159 162 187 
71 249 81 6 
10 216 72 26 
32 101 64 242 
45 149 154 222 
68 134 121 100 
40 238 106 68 
138 123 144 219 
8 13 122 147 
70 109 105 186 
48 98 50 138 
6 235 146 6 
52 141 161 242 
24 169 156 99 
55 75 67 187 
69 245 102 1 
83 248 157 134 
27 250 118 246 
93 18 125 33 
28 250 36 213 
58 246 62 56 
18 171 43 103 
79 242 133 78 
49 106 116 188 
128 35 142 226 
111 121 115 105 
117 94 143 233 
44 148 76 61 
25 167 129 231 
37 74 155 164 
22 190 89 38 
21 192 144 101 
90 93 151 125 
92 242 160 166 
41 237 77 231 
13 166 158 28 
60 214 130 5 
31 108 71 4 
78 244 110 69 
89 240 150 140 
13 55 129 109 
44 175 72 200 
21 25 131 87 
114 34 146 196 
17 212 147 167 
19 205 25 65 
100 239 126 130 
40 238 127 47 
10 83 68 172 
7 46 36 39 
93 118 94 129 
6 187 43 207 
11 246 74 222 
18 250 66 33 
45 96 108 64 
32 126 86 211 
16 51 125 181 
95 35 107 237 
57 106 119 41 
76 90 133 196 
29 119 35 75 
115 18 159 48 
98 201 112 207 
1 76 24 147 
84 28 140 43 
34 156 155 176 
42 211 157 37 
63 151 130 132 
70 82 102 210 
26 200 121 231 
80 252 154 64 
56 215 116 181 
59 72 122 233 
69 105 81 62 
4 110 38 16 
31 121 75 222 
49 150 83 59 
101 151 124 224 
79 8 105 39 
15 247 55 137 
73 159 106 145 
46 111 135 143 
82 30 97 233 
23 228 156 65 
50 167 78 76 
27 238 153 224 
123 166 142 43 
30 230 136 59 
87 73 138 144 
37 155 61 235 
51 201 113 114 
117 113 120 172 
58 170 65 56 
3 160 149 110 
77 127 161 90 
134 51 137 90 
53 235 103 90 
47 29 85 195 
62 164 88 48 
2 234 28 191 
36 168 128 9 
48 204 67 38 
79 85 104 221 
22 204 33 206 
91 235 143 251 
114 248 118 245 
34 154 41 83 
14 123 148 199 
8 72 132 99 
64 22 132 33 
109 15 160 79 
52 22 80 143 
1 18 141 23 
54 128 59 66 
60 35 85 35 
12 23 20 45 
5 210 108 237 
9 102 94 202 
131 214 152 55 
74 123 162 67 
96 60 151 247 
39 224 67 191 
72 122 111 224 
99 94 145 204 
76 134 139 159 
38 139 54 227 
3 127 61 82 
64 243 70 95 
32 137 148 234 
97 109 158 218 
117 80 160 6 
125 12 140 62 
102 98 112 148 
31 24 107 78 
83 6 104 40 
23 205 111 50 
113 215 154 129 
33 111 120 20 
22 66 48 109 
63 243 162 86 
4 74 151 15 
14 108 150 197 
141 195 149 189 
110 114 142 165 
5 60 105 88 
106 65 115 248 
89 220 129 252 
17 179 43 249 
8 148 146 205 
47 90 50 7 
77 25 100 48 
88 107 152 3 
40 70 91 240 
144 12 153 150 
12 200 78 51 
46 18 137 218 
66 132 79 99 
69 89 130 230 
25 5 62 44 
21 202 24 22 
86 149 87 82 
51 253 134 79 
155 238 157 181 
6 149 28 231 
29 100 118 189 
55 162 98 139 
34 11 99 88 
39 78 52 65 
16 91 58 226 
133 132 147 10 
26 78 124 90 
84 204 90 235 
18 157 116 211 
11 234 57 8 
9 163 79 127 
101 115 119 123 
49 47 103 211 
44 31 122 175 
71 141 95 65 
82 209 138 167 
10 220 161 118 
27 207 68 206 
35 57 68 137 
60 191 126 23 
109 178 128 46 
136 126 156 66 
42 37 81 68 
19 150 41 182 121 90 
13 124 56 54 73 91 
20 59 65 116 93 220 
45 195 135 165 159 147 
2 126 92 116 123 115 
15 8 75 5 145 238 
7 6 37 65 127 163 
72 223 139 196 143 97 
53 161 90 162 92 196 
44 23 96 201 140 176 
30 186 138 46 152 166 
73 14 110 49 126 71 
9 177 10 200 67 56 
7 43 65 37 133 163 
45 12 101 81 118 94 
54 214 60 239 137 191 
85 158 100 142 141 132 
134 34 149 80 162 237 
77 196 96 71 117 141 
46 78 66 173 97 242 
94 45 145 168 156 119 
6 48 22 246 108 35 
47 49 56 181 59 167 
26 23 139 167 160 173 
91 87 147 52 155 12 
25 143 30 102 111 86 
31 117 33 142 129 252 
57 125 81 90 120 50 
2 247 35 35 38 152 
1 251 64 126 95 248 
89 183 116 38 142 52 
37 152 115 107 131 89 
24 85 88 90 114 42 
71 213 158 45 161 175 
28 160 40 194 153 123 
61 87 106 171 151 218 
12 106 63 153 75 185 
17 153 144 229 157 76 
74 44 98 160 150 177 
69 233 86 39 107 83 
18 88 42 168 99 81 
27 225 84 161 132 245 
20 89 43 248 50 181 
14 122 70 44 154 47 
11 65 52 230 148 130 
5 184 21 67 104 219 
48 26 122 170 128 148 
62 15 121 148 146 123 
16 119 19 207 143 204 
36 172 76 228 113 72 
29 254 49 239 123 134 
41 93 51 86 124 128 
13 96 80 24 103 92 
58 197 102 46 119 40 
3 96 55 198 78 189 
8 173 87 210 130 206 
4 227 125 178 136 165 
93 208 105 191 159 210 
39 187 109 101 159 20 
32 92 83 75 135 52 
15 239 82 118 127 12 
23 136 53 70 149 238 
67 122 112 60 155 135 
101 106 121 157 125 13 
35 114 42 227 64 39 
36 229 61 125 102 174 
112 116 127 244 135 30 
5 203 98 238 156 172 
6 218 56 244 77 48 
22 73 107 126 124 189 
19 62 50 159 119 91 
82 155 86 175 126 99 
18 145 21 127 53 238 
78 115 89 200 133 185 
51 113 118 174 122 119 
32 204 39 112 120 102 
20 24 31 14 128 213 
34 93 59 147 153 34 
65 137 72 136 136 171 
8 161 115 211 137 26 
48 124 92 206 134 96 
49 192 88 107 154 80 
33 168 99 163 162 33 
3 162 7 48 43 176 
81 112 110 93 139 140 
27 21 63 181 71 204 
23 154 106 33 147 249 
25 243 40 14 95 75 
28 18 55 90 80 106 
52 4 75 7 108 179 
54 233 111 227 132 192 
140 92 143 186 150 87 
12 238 46 145 138 175 
44 62 157 119 160 64 
83 121 97 249 117 181 
16 246 87 92 141 120 
93 240 104 46 116 221 
1 106 38 103 131 116 
69 249 146 252 152 88 
26 62 96 144 144 44 
70 213 74 17 123 101 
17 141 60 169 62 83 
30 44 45 101 58 27 
2 235 57 238 151 9 
76 196 114 184 148 249 
15 153 41 239 130 39 
10 61 91 64 105 56 
29 105 37 13 73 150 
4 226 14 126 161 222 
113 35 145 118 158 8 
85 191 94 206 109 212 
66 24 68 4 100 5 
13 57 75 53 90 146 
24 202 84 67 142 135 
35 148 47 19 129 41 
9 255 103 219 137 178 
11 145 107 196 140 36 
54 226 113 24 129 251 
3 212 13 68 99 101 
1 106 28 45 116 137 
56 125 61 240 138 150 
84 195 95 132 160 14 
2 28 109 64 162 138 
80 50 117 138 121 18 
60 49 92 130 131 117 
86 16 101 91 104 225 
7 87 19 42 94 92 
50 29 120 225 142 32 
15 131 22 99 32 86 
23 152 144 47 158 21 
79 100 81 161 82 239 
21 201 77 205 155 39 
48 161 98 84 103 92 
12 199 139 241 153 208 
18 75 30 5 47 74 
37 104 62 24 70 116 
33 202 96 236 146 144 
52 211 68 160 73 81 
59 170 130 120 143 243 
26 186 71 25 100 172 
8 94 66 40 151 8 
9 152 126 38 150 108 
6 18 24 3 127 199 
42 24 72 175 118 121 
25 132 87 184 102 124 
44 39 108 172 141 68 
31 20 74 197 136 91 
36 31 93 35 147 130 
14 216 55 93 57 159 
11 193 51 255 64 103 
20 9 110 39 145 174 
46 24 122 187 123 107 
124 91 158 170 159 144 
29 49 125 169 133 83 
17 124 89 32 119 198 
16 108 27 241 78 249 
10 126 43 116 156 131 
85 153 105 119 111 225 
41 76 88 79 128 44 
34 115 97 204 149 81 
39 154 69 222 134 201 
31 118 40 205 114 198 
65 197 115 244 162 83 
42 60 91 98 152 118 
4 113 53 112 58 192 
63 142 76 34 91 42 
38 48 49 175 67 243 
45 119 55 197 157 240 
109 216 112 100 154 177 
65 81 90 231 148 171 
106 33 132 90 161 98 
5 22 17 141 61 229 
26 39 88 159 135 164 
1 144 83 194 118 209 
48 91 64 129 114 246 
40 151 121 215 141 122 
9 202 119 177 135 251 
35 117 136 63 149 90 
29 79 41 31 98 213 
38 50 71 37 146 23 
8 168 140 71 204 219 299 223 398 37 478 241 514 170 595 76 644 18 748 251 816 106 838 106 892 144 
24 147 111 56 163 181 253 112 353 210 423 131 501 207 631 234 723 126 747 247 822 235 841 28 
29 202 138 142 172 191 290 116 329 7 439 248 501 187 625 160 658 127 773 96 802 162 837 212 
72 246 106 211 241 41 297 249 405 253 428 99 504 177 606 110 672 74 775 227 827 226 883 113 
71 159 160 163 201 49 232 111 360 171 413 199 516 227 648 210 676 60 764 184 786 203 890 22 
6 11 96 31 193 137 265 133 341 161 479 165 543 235 583 187 695 149 740 48 787 218 861 18 
7 175 122 235 196 204 268 234 396 50 485 4 490 28 581 46 725 6 732 43 802 48 845 87 
38 189 143 189 202 26 239 173 406 69 419 159 540 13 640 72 680 148 774 173 798 161 859 94 
51 201 131 203 167 170 326 5 334 191 409 165 438 21 649 102 706 163 731 177 834 255 860 152 895 202 
25 47 132 65 245 113 311 170 353 198 450 52 534 216 580 83 712 220 731 200 825 61 875 126 
13 72 150 68 168 158 256 33 354 55 433 194 445 117 584 246 705 234 763 65 835 145 868 193 
66 214 145 69 186 25 304 29 381 120 483 77 526 202 647 23 686 200 755 106 811 238 852 199 
74 250 105 129 198 200 260 83 383 52 461 232 567 166 572 55 720 124 771 96 831 57 837 68 
55 20 87 59 205 10 316 233 397 24 413 152 528 152 639 123 673 108 762 122 827 126 867 216 
37 214 102 52 207 168 263 1 350 30 460 45 484 143 611 247 724 8 779 239 824 153 847 131 
23 73 129 194 187 245 277 63 337 28 445 13 510 65 588 51 700 91 767 119 814 246 874 108 
16 152 147 247 227 184 294 85 403 18 459 208 529 147 576 212 679 179 756 153 820 141 873 124 890 141 
3 224 95 217 244 166 284 4 352 110 433 226 553 171 585 250 704 157 759 88 791 145 853 75 
77 7 157 88 215 96 323 104 369 213 449 37 530 215 577 205 719 150 767 207 789 62 845 42 
71 165 94 2 191 122 289 149 385 8 416 10 508 24 647 45 721 59 761 89 795 24 869 9 
68 202 118 179 203 136 274 84 409 165 477 192 563 192 574 25 691 202 764 67 791 127 850 201 
1 76 122 174 191 234 296 241 345 169 451 150 562 190 635 204 670 66 740 246 788 73 847 99 
35 226 146 253 190 96 302 249 347 108 482 148 503 254 615 228 667 205 780 136 805 154 848 152 
34 96 153 158 209 200 288 78 370 78 419 47 545 169 595 147 691 22 751 85 832 202 861 3 
19 150 124 107 170 65 288 161 344 226 405 100 560 167 577 65 690 5 744 143 806 243 863 132 
8 209 110 81 182 85 265 176 340 199 442 125 522 102 601 200 702 78 742 23 818 62 858 186 891 39 
37 59 158 72 231 106 275 37 334 179 428 250 549 250 617 238 713 207 760 225 804 21 874 241 
2 186 117 211 228 37 282 138 347 148 454 188 551 250 631 191 695 231 753 160 807 18 838 45 
57 58 135 7 188 101 267 252 370 233 416 223 497 15 592 119 696 100 769 254 826 105 872 49 897 79 
58 198 99 157 195 84 283 50 340 222 424 214 494 190 619 230 729 186 744 102 821 44 853 5 
59 171 84 178 206 189 293 19 395 28 435 116 569 108 607 121 665 24 745 117 795 14 865 20 880 118 
62 53 109 154 237 209 290 40 364 42 483 44 535 101 587 126 660 137 778 92 794 204 847 86 
67 97 155 138 217 199 275 78 327 120 455 45 493 164 635 206 669 111 745 142 801 168 855 202 
36 222 116 166 237 2 285 127 387 26 441 143 524 23 597 156 638 154 698 11 796 93 878 115 
32 85 89 232 219 5 248 43 367 161 479 239 528 75 592 75 714 57 747 35 783 114 833 148 896 117 
56 198 99 25 180 154 248 210 361 113 486 144 551 213 581 39 632 168 768 172 784 229 866 31 
5 190 106 9 171 208 194 1 346 19 456 121 561 74 621 155 725 65 750 152 826 13 854 104 
80 144 145 229 235 153 252 141 330 170 462 97 498 59 606 16 657 139 747 152 816 103 885 48 898 50 
33 22 114 48 225 3 262 11 351 232 430 218 506 80 653 224 699 78 777 187 794 112 879 154 
45 174 123 144 199 248 298 238 397 241 474 159 538 238 579 238 684 70 753 194 806 14 880 205 894 151 
30 87 87 103 244 8 326 133 391 223 461 58 566 237 638 83 719 182 770 93 824 239 877 76 897 31 
61 80 161 11 223 107 297 249 382 113 431 27 489 196 598 211 718 37 759 168 783 227 862 24 882 60 
54 62 101 198 216 71 298 171 366 84 412 198 553 103 583 207 679 249 761 248 802 176 875 116 
55 5 124 239 192 25 258 79 336 67 469 12 559 148 573 175 709 31 728 23 812 62 864 39 
46 36 98 86 164 177 259 163 381 175 467 142 536 149 586 96 722 195 733 12 821 101 886 119 
75 222 114 52 197 128 316 17 408 204 426 164 500 14 613 111 687 18 738 78 811 145 870 24 
25 124 85 71 185 109 257 61 362 97 418 129 520 103 629 29 681 90 741 49 833 19 853 74 
64 253 123 45 184 101 318 141 380 172 427 14 542 98 633 204 670 109 765 26 799 124 851 161 893 91 
1 214 115 140 176 195 261 41 365 155 477 49 555 106 608 150 708 47 769 239 800 192 885 175 
2 68 110 170 236 18 303 152 335 142 434 228 542 138 616 167 681 7 761 181 789 159 846 29 
9 218 149 200 196 164 312 201 363 215 466 246 496 195 622 201 693 253 770 86 793 113 868 255 
31 127 133 45 240 14 250 181 361 94 458 223 544 141 643 22 699 65 763 230 808 4 856 211 
52 122 92 126 173 243 254 110 384 31 449 10 531 252 628 235 727 161 780 70 791 238 883 112 
15 254 125 124 183 167 317 248 371 202 412 116 519 118 645 128 657 227 734 214 809 233 836 226 
3 4 148 55 174 12 281 123 331 192 476 91 546 75 611 137 697 162 773 198 807 90 867 93 886 197 
22 55 84 10 187 10 258 151 358 2 462 182 505 127 603 215 720 54 741 181 787 244 839 125 
17 255 126 120 194 119 273 156 388 182 411 206 515 24 590 106 705 8 746 125 822 238 867 159 
62 241 149 30 245 35 314 1 389 216 472 201 552 246 624 170 700 226 772 197 821 27 883 192 
11 157 127 120 226 164 274 163 393 218 475 244 508 153 604 72 645 66 741 167 796 147 857 170 
56 207 151 231 210 247 324 1 336 156 448 242 568 214 646 35 715 191 734 239 820 169 843 49 
50 134 98 129 236 82 263 6 375 44 414 103 495 195 621 235 658 82 754 87 784 125 839 240 890 229 
79 11 100 60 221 150 322 145 394 63 484 211 552 56 630 164 690 44 766 15 820 83 854 24 
22 216 126 57 214 232 300 119 372 41 424 173 497 155 599 151 671 243 755 153 804 181 884 142 
44 42 118 224 216 61 301 26 348 11 482 211 535 242 641 22 659 243 748 126 783 39 868 103 893 129 
63 116 158 124 179 156 324 147 374 213 430 136 511 49 624 56 721 116 732 37 797 137 881 197 888 81 
41 100 130 201 226 89 272 250 356 111 464 18 509 205 585 33 688 132 738 173 830 24 859 40 
40 139 128 73 180 141 293 176 384 105 463 130 546 187 633 38 653 191 731 56 781 122 885 243 
14 39 92 143 220 166 305 39 339 32 444 44 537 134 580 172 713 206 714 137 830 4 856 160 
78 218 130 73 201 174 257 17 407 205 481 41 547 245 605 105 689 89 758 233 817 249 879 222 
48 252 88 214 173 149 291 39 400 5 441 49 541 109 600 82 659 95 762 44 819 213 854 116 
12 96 90 205 203 112 279 245 368 56 485 128 533 249 569 4 710 141 752 213 804 204 858 25 898 37 
12 241 154 92 217 236 320 197 343 249 456 47 534 26 573 200 654 122 726 223 797 136 862 175 
65 114 117 43 189 111 247 139 344 113 466 98 529 244 612 159 720 91 730 14 826 150 856 81 
65 127 127 160 213 163 269 75 330 111 414 146 525 216 584 222 651 123 757 44 819 17 865 197 
21 230 151 198 163 158 299 7 369 131 453 71 491 145 607 222 724 5 755 185 808 7 831 53 
79 139 141 80 166 9 254 237 366 184 420 67 559 61 591 90 656 134 768 228 823 196 884 34 
63 44 104 245 213 184 264 60 392 93 427 228 566 231 626 127 682 25 737 196 787 48 850 205 
26 144 162 185 202 122 262 192 320 169 415 107 570 244 616 76 686 51 773 189 792 115 874 249 
69 74 156 77 199 75 238 195 372 160 472 100 554 242 610 8 634 85 688 99 706 127 849 100 
19 103 97 217 230 168 308 41 404 120 425 217 517 100 602 252 643 143 771 24 807 106 842 50 
30 26 138 207 208 32 266 118 402 101 440 192 533 6 605 62 718 68 746 90 803 112 849 161 
48 16 132 221 188 189 249 110 342 39 458 247 522 216 614 30 711 209 779 118 790 155 849 239 
58 115 91 157 190 126 311 122 391 73 420 188 548 248 608 59 666 6 778 75 813 121 892 194 
73 86 116 165 206 55 261 205 394 126 481 33 502 251 596 28 703 204 760 161 832 67 840 195 
52 140 113 90 189 133 310 101 329 254 411 16 492 31 629 195 646 35 735 158 829 191 876 153 
72 200 147 137 176 165 281 72 367 54 434 244 491 145 587 211 692 149 758 39 790 175 844 16 
10 143 120 86 169 252 280 136 376 158 440 45 443 71 620 73 692 82 774 210 814 92 863 184 
32 18 86 106 222 167 276 26 393 125 455 51 506 177 630 48 683 107 751 90 800 107 877 79 891 159 
10 159 108 41 223 213 251 3 378 7 450 166 562 38 571 240 678 220 749 183 792 200 873 32 
51 24 144 126 228 70 267 132 337 225 426 233 527 79 564 93 703 235 727 162 831 146 888 231 
27 66 150 121 177 241 309 1 374 254 417 153 513 94 636 235 684 240 743 87 825 64 882 98 884 42 
39 53 107 179 175 101 278 15 331 156 468 124 499 15 565 242 723 116 727 196 799 206 843 130 
70 212 137 137 174 122 246 24 399 146 473 160 550 18 582 118 721 220 776 208 815 240 866 35 
28 120 88 141 234 237 252 152 343 122 403 242 494 162 582 129 649 202 739 45 829 206 845 92 
11 16 105 119 171 80 292 248 342 125 459 33 511 76 589 35 710 65 748 248 806 75 840 132 
54 124 136 128 200 120 304 49 365 212 486 29 520 35 652 60 728 201 737 71 818 144 855 236 
43 155 100 43 167 48 273 147 359 47 451 116 530 203 614 233 661 109 738 242 813 249 878 204 
33 147 140 15 166 143 277 52 396 142 471 70 521 63 594 201 697 139 757 160 786 238 851 84 897 213 
53 74 146 75 184 21 227 53 377 51 444 145 510 241 655 94 698 88 759 81 801 163 837 101 
15 15 109 93 198 162 282 177 349 168 465 96 513 81 578 239 682 48 735 142 830 5 858 172 
42 228 101 196 170 77 276 173 402 83 417 21 527 190 609 151 707 115 733 81 782 106 844 91 
6 193 155 216 186 56 302 65 354 116 431 212 547 1 600 210 664 98 772 46 784 174 863 124 
70 192 82 89 182 47 309 121 346 240 407 228 496 28 628 90 708 211 771 92 834 219 851 92 
59 44 96 218 233 229 292 112 350 242 415 218 492 85 634 221 666 40 764 219 815 46 844 225 
47 103 129 159 181 22 264 74 379 106 406 232 541 186 610 39 676 88 776 191 825 56 876 119 
66 32 103 23 242 150 266 179 355 29 442 110 538 68 612 145 677 65 754 171 805 33 889 33 
36 16 153 171 195 167 295 216 333 175 432 207 523 172 589 237 665 78 758 83 788 126 835 196 
60 24 134 233 179 193 313 235 368 181 487 244 524 250 586 64 648 237 740 35 808 179 864 172 
68 122 82 51 224 149 255 154 387 192 460 228 505 115 642 15 716 178 777 101 829 212 841 64 887 216 
7 108 142 156 211 191 301 12 321 90 464 159 531 248 570 69 675 114 730 49 803 93 869 39 
18 149 136 168 207 11 272 152 386 250 478 25 557 121 654 224 667 50 744 86 809 227 876 225 
38 185 134 4 214 172 294 149 328 216 465 59 518 42 594 207 664 148 781 60 785 116 887 100 
47 12 121 228 172 192 307 252 341 220 457 130 499 45 622 114 668 215 768 72 828 35 836 24 
18 185 111 105 197 105 271 126 383 195 399 159 490 189 575 34 637 248 751 42 823 184 880 198 893 246 
42 109 160 90 220 112 303 197 359 249 436 133 557 105 593 18 677 248 750 107 798 211 881 244 
5 136 93 221 242 227 323 42 351 197 468 241 555 188 603 181 704 211 749 38 815 221 838 137 
50 167 161 18 205 42 314 206 328 197 432 74 558 94 623 113 662 80 737 141 813 181 842 138 
40 231 103 83 185 137 317 156 379 179 425 110 549 246 637 245 696 189 733 94 793 174 862 121 892 209 
81 155 141 225 219 229 260 22 355 173 487 33 509 158 590 41 707 123 772 40 789 91 873 198 895 177 
76 202 139 10 234 184 307 206 338 56 480 200 514 84 623 172 669 20 746 50 794 102 846 225 
29 245 112 105 229 173 289 97 358 35 421 241 537 100 601 231 719 90 766 148 782 157 842 18 894 215 
73 195 113 156 177 77 325 43 378 174 476 229 540 147 604 233 709 175 765 170 793 119 870 187 
67 114 157 139 232 226 295 114 371 8 410 62 488 192 618 166 723 115 769 134 819 101 870 107 
61 40 128 123 238 10 269 134 332 156 423 255 512 186 609 224 702 90 770 128 788 189 871 91 
43 81 142 142 193 162 315 206 349 115 448 107 550 33 588 181 663 12 775 178 782 13 872 169 
76 152 91 47 224 77 286 189 404 252 437 241 512 197 578 130 715 23 730 71 790 99 860 38 
26 227 144 98 243 81 283 52 382 243 475 188 517 29 579 47 725 163 779 12 785 244 861 199 
23 123 119 156 218 248 259 121 356 135 489 66 556 35 632 9 716 46 765 148 795 213 877 44 
28 13 102 234 211 18 256 131 360 192 470 238 560 231 572 109 678 252 745 252 833 41 836 251 
14 18 121 244 241 227 271 33 348 189 467 184 568 5 599 132 689 230 774 206 824 39 857 120 
45 80 119 247 246 24 249 168 327 201 439 206 518 166 574 87 650 214 750 89 816 116 843 117 
74 48 139 147 192 131 296 86 357 55 418 77 525 224 640 99 641 33 760 245 809 192 889 90 
75 166 107 213 235 80 285 122 362 111 401 66 554 78 591 196 701 132 732 163 792 185 872 83 
57 182 108 174 215 87 313 184 386 184 437 211 498 222 627 51 693 79 736 34 799 96 879 201 
21 161 154 82 247 144 284 58 385 185 452 236 523 24 613 143 722 165 778 52 785 30 891 164 895 251 
4 53 143 139 208 180 255 245 380 167 422 5 500 83 619 59 717 126 775 165 797 171 865 91 896 63 
44 21 159 231 243 177 270 74 392 37 421 162 502 137 627 90 687 218 734 191 798 26 834 178 
60 124 137 81 178 111 322 157 390 108 454 156 539 123 620 144 711 167 729 46 811 175 839 150 
53 97 131 245 230 138 253 85 325 255 446 153 516 74 656 159 726 196 742 167 803 140 852 241 
69 188 94 125 225 34 308 154 375 81 443 11 503 1 596 43 663 62 728 176 810 92 835 36 
9 140 95 154 222 5 300 193 400 173 446 143 495 37 644 23 674 195 735 132 814 120 864 68 894 122 
80 143 97 76 178 160 312 183 339 3 422 74 556 226 618 43 675 165 749 52 832 135 846 32 
20 46 159 220 165 161 319 147 390 145 463 237 558 233 636 251 726 97 767 204 810 186 857 243 
77 45 89 122 168 96 318 35 401 166 480 191 539 219 563 101 685 12 756 229 818 44 848 47 
17 46 120 163 200 85 287 242 389 149 488 147 507 90 655 204 724 238 739 168 828 118 869 174 
49 60 93 240 165 202 250 186 364 11 438 248 543 6 575 196 680 205 766 123 817 252 855 144 898 23 
49 99 86 198 164 82 286 135 373 181 435 110 515 166 576 167 701 10 743 52 805 249 866 130 
16 147 85 7 204 64 270 38 376 43 429 151 493 7 639 199 660 234 763 130 823 249 888 171 
27 3 156 153 240 152 306 196 357 162 410 67 521 7 625 110 674 189 736 80 780 238 878 81 896 90 
41 74 133 224 209 84 221 3 377 229 457 59 526 249 571 140 673 197 757 177 810 87 860 108 
64 100 152 114 229 119 279 104 333 73 473 53 564 125 652 247 672 15 754 218 822 9 859 8 
35 77 104 186 212 140 268 122 388 62 469 116 519 52 650 55 683 3 729 166 817 88 882 118 
78 193 83 136 239 217 315 63 332 170 452 69 507 153 617 224 685 150 753 123 796 34 852 208 
20 33 152 7 233 218 251 41 352 103 436 22 536 222 602 64 668 129 762 47 800 80 887 177 
24 14 125 31 218 22 280 89 338 130 447 134 561 164 597 176 694 238 743 12 781 135 850 39 
81 41 112 42 231 248 278 72 363 220 447 166 545 99 615 65 717 66 739 119 786 172 875 131 
31 178 90 57 181 146 287 148 335 10 408 56 548 134 598 37 694 181 756 76 812 119 886 240 
4 117 115 250 210 98 291 74 319 152 471 194 532 159 567 28 661 218 752 45 828 8 848 21 871 170 
39 207 135 166 212 163 306 192 395 63 429 117 504 90 593 48 722 147 776 210 777 20 871 144 
13 169 162 117 183 221 305 142 345 176 453 221 565 166 642 79 662 6 742 173 812 64 840 14 
46 12 83 143 175 178 310 204 398 6 470 138 544 242 626 90 712 118 752 175 827 222 889 98 
34 24 148 149 169 17 321 34 373 5 474 234 532 187 651 67 671 86 736 237 801 33 841 138 881 83 
