775 39 256
3 44
2 2 2 2 2 2 2 2 2 2 2 2 2 2 2 2 2 2 2 2 2 2 2 2 2 2 2 2 2 2 2 2 2 2 2 2 2 2 2 2 2 2 2 2 2 2 2 2 2 2 2 2 2 2 2 2 2 2 2 2 2 2 2 2 2 2 2 2 2 2 2 2 2 2 2 2 2 2 2 2 2 2 2 2 2 2 2 2 2 2 2 2 2 2 2 2 2 2 2 2 2 2 2 2 2 2 2 2 2 2 2 2 2 2 2 2 2 2 2 2 2 2 2 2 2 2 2 2 2 2 2 2 2 2 2 2 2 2 2 2 2 2 2 2 2 2 2 2 2 2 2 2 2 2 2 2 2 2 2 2 2 2 2 2 2 2 2 2 2 2 2 2 2 2 2 2 2 2 2 2 2 2 2 2 2 2 2 2 2 2 2 2 2 2 2 2 2 2 2 2 2 2 2 2 2 2 2 2 2 2 2 2 2 2 2 2 2 2 2 2 2 2 2 2 2 2 2 2 2 2 2 2 2 2 2 2 2 2 2 2 2 2 2 2 2 2 2 2 2 2 2 2 2 2 2 2 2 2 2 2 2 2 2 2 2 2 2 2 2 2 2 2 2 2 2 2 2 2 2 2 2 2 2 2 2 2 2 2 2 2 2 2 2 2 2 2 2 2 2 2 2 2 2 2 2 2 2 2 2 2 2 2 2 2 2 2 2 2 2 2 2 2 2 2 2 2 2 2 2 2 2 2 2 2 2 2 2 2 2 2 2 2 2 2 2 2 2 2 2 2 2 2 2 2 2 2 2 2 2 2 2 2 2 2 2 2 2 2 2 2 2 2 2 2 2 2 2 2 2 2 2 2 2 2 2 2 2 2 2 2 2 2 2 2 2 2 2 2 2 2 2 2 2 2 2 2 2 2 2 2 2 2 2 2 2 2 2 2 2 2 2 2 2 2 2 2 2 2 2 2 2 2 2 2 2 2 2 2 2 2 2 2 2 2 2 2 2 2 2 2 2 2 2 2 2 2 2 2 2 2 2 2 2 2 2 2 2 2 2 2 2 2 2 2 2 2 2 2 2 2 2 2 2 2 2 2 2 2 2 2 2 2 2 2 2 2 2 2 2 2 2 2 2 2 2 2 2 2 2 2 2 2 2 2 2 2 2 2 2 2 2 2 2 2 2 2 2 2 2 2 2 2 2 2 2 2 2 2 2 2 2 2 2 2 2 2 2 2 2 2 2 2 2 2 2 2 2 2 2 2 2 2 2 2 2 2 2 2 2 2 2 2 2 2 2 2 2 2 2 2 2 2 2 2 2 2 2 2 2 2 2 2 2 2 2 2 2 2 2 2 2 2 2 2 2 2 2 2 2 2 2 2 2 2 2 2 2 2 2 2 3 3 3 3 3 3 3 3 3 3 3 3 3 3 3 3 3 3 3 3 3 3 3 3 3 3 3 3 3 3 3 3 3 3 3 3 3 3 3 3 3 3 3 3 3 3 3 3 3 3 3 3 3 3 3 3 3 3 3 3 3 3 3 3 3 3 3 3 3 3 3 3 3 3 3 3 3 3 3 3 3 3 3 3 3 3 3 3 3 3 3 3 3 3 3 3 3 3 3 3 3 3 3 3 3 3 3 3 3 3 3 3 3 3 3 3 3 3 3 3 3 3 3 3 3 3 3 3 3 3 3 3 3 3 3 3 3 3 3 3 3 3 3 3 3 3 3 3 3 3 3 3 3 3 3 
44 44 44 44 43 44 44 43 44 43 44 44 44 43 44 44 44 43 44 44 44 43 43 43 44 44 44 44 44 44 44 43 44 44 43 44 44 43 44 
5 27 16 135 
10 234 11 128 
22 227 26 113 
8 158 18 171 
34 191 35 163 
13 183 27 206 
32 49 38 167 
15 36 36 174 
4 188 30 171 
3 169 7 59 
17 36 33 164 
23 238 24 102 
21 12 37 10 
1 166 29 244 
14 54 20 54 
9 85 12 202 
6 38 25 106 
2 110 19 203 
28 84 31 254 
32 107 39 160 
30 32 31 61 
26 131 35 215 
8 46 28 70 
3 68 39 68 
9 242 22 97 
10 48 14 4 
7 48 19 32 
15 175 37 239 
21 131 23 152 
16 231 27 168 
34 38 36 92 
5 36 25 220 
4 94 29 249 
17 120 18 57 
11 123 24 97 
20 209 38 142 
1 153 2 15 
6 205 33 221 
12 98 13 47 
30 43 36 48 
9 112 38 215 
5 55 15 146 
17 229 22 93 
20 7 29 1 
21 185 39 61 
19 171 25 179 
24 18 26 82 
10 29 16 234 
14 255 34 108 
7 11 28 97 
12 53 31 126 
2 248 26 25 
4 38 33 112 
18 236 37 184 
8 4 11 125 
6 209 32 170 
3 35 35 219 
1 244 27 115 
13 5 23 202 
23 226 25 246 
30 204 39 68 
5 36 9 61 
18 144 27 28 
4 232 11 17 
10 169 17 83 
20 98 28 172 
35 229 38 8 
14 35 21 94 
8 193 32 183 
15 157 24 196 
12 111 34 249 
19 112 36 243 
1 227 31 177 
7 57 16 249 
6 54 37 188 
3 218 29 57 
13 236 33 13 
22 8 29 40 
2 224 14 29 
20 66 25 168 
8 152 36 165 
2 60 32 181 
27 72 35 56 
18 231 23 79 
3 205 15 193 
28 43 33 40 
9 111 21 236 
6 136 34 76 
11 11 38 45 
7 121 13 17 
4 242 5 54 
24 98 31 135 
26 83 39 214 
12 49 19 158 
1 129 37 154 
10 109 30 237 
16 202 32 187 
22 73 36 72 
1 247 17 188 
8 131 13 56 
30 142 35 91 
10 192 25 134 
24 245 27 29 
6 39 22 202 
21 59 31 160 
3 109 14 17 
2 189 33 136 
16 33 34 70 
11 220 12 179 
4 120 37 20 
18 188 39 192 
19 171 29 15 
15 173 20 83 
23 250 38 78 
7 142 17 31 
5 52 28 29 
9 199 33 225 
16 164 26 61 
8 112 9 195 
10 97 28 192 
17 161 35 226 
1 10 38 232 
22 189 23 39 
20 123 26 151 
6 181 30 17 
21 123 27 20 
25 5 39 103 
12 163 37 59 
3 24 11 233 
4 201 14 167 
29 122 34 193 
24 97 32 114 
18 103 19 49 
5 254 13 108 
6 205 7 80 
2 65 15 82 
33 217 36 243 
22 184 31 21 
3 55 23 85 
16 170 37 223 
5 66 18 213 
13 11 26 187 
9 193 10 192 
12 178 32 197 
1 155 8 218 
17 140 21 117 
36 139 38 98 
28 208 35 129 
25 193 31 54 
34 213 39 94 
24 179 29 200 
19 12 35 49 
2 254 30 126 
4 157 7 237 
14 34 22 157 
11 70 21 225 
15 128 17 91 
20 235 27 219 
23 137 28 61 
33 159 39 67 
12 99 20 83 
19 219 21 183 
28 163 37 1 
7 60 24 191 
4 14 26 174 
2 28 11 9 
23 60 34 62 
15 91 16 76 
13 131 30 56 
6 167 27 253 
14 184 18 246 
3 211 9 172 
10 172 29 106 
8 96 25 75 
16 51 31 246 
7 158 38 59 
27 230 36 79 
17 3 32 177 
1 139 5 91 
24 69 33 166 
5 163 26 232 
20 112 30 175 
10 111 36 207 
18 56 31 138 
2 129 23 76 
11 26 22 132 
12 177 35 163 
9 158 13 238 
1 180 39 111 
4 69 32 145 
14 75 24 57 
19 208 34 182 
13 105 29 107 
25 124 38 90 
8 169 37 254 
3 20 31 192 
6 240 15 82 
3 38 21 230 
4 149 25 51 
16 252 33 48 
9 168 15 251 
7 135 10 109 
18 47 28 63 
8 221 39 53 
6 187 20 65 
2 197 38 176 
14 10 37 82 
35 244 36 52 
22 227 30 49 
1 107 32 82 
12 183 26 230 
27 95 34 73 
5 162 29 241 
11 152 17 141 
8 115 19 167 
38 149 39 80 
21 224 35 61 
23 231 33 98 
19 244 32 82 
4 204 27 12 
6 35 29 63 
3 138 36 249 
2 7 31 23 
13 148 14 87 
18 1 30 236 
16 18 17 15 
11 74 37 110 
9 204 25 25 
10 237 26 91 
12 207 22 129 
1 37 24 166 
15 96 28 51 
7 60 34 31 
5 22 20 235 
29 137 36 39 
11 135 32 1 
26 60 28 174 
33 209 35 146 
7 219 12 184 
15 207 21 68 
31 79 39 213 
20 57 37 77 
14 152 19 59 
2 159 24 169 
3 97 13 115 
17 141 27 165 
1 109 23 121 
25 239 34 180 
6 186 16 19 
5 254 30 172 
8 170 38 177 
4 86 9 156 
18 128 22 110 
10 30 39 77 
36 247 37 237 
13 123 24 79 
8 175 17 53 
15 207 19 78 
27 241 38 81 
31 144 34 217 
2 79 21 100 
25 22 33 200 
28 176 29 14 
1 122 12 20 
16 76 23 98 
3 236 6 54 
10 29 20 188 
9 138 30 82 
32 100 35 5 
7 215 11 126 
14 108 26 123 
4 151 22 177 
9 17 18 250 
5 30 27 218 
25 85 26 178 
15 67 33 190 
32 29 36 5 
11 44 18 132 
6 112 17 106 
30 229 34 219 
13 100 28 122 
1 89 10 164 
16 20 39 2 
14 56 29 106 
22 229 38 59 
20 136 24 240 
2 57 35 246 
4 9 19 74 
7 185 37 153 
3 213 8 176 
12 101 23 124 
5 115 21 199 
14 150 31 11 
4 23 15 113 
24 148 25 227 
5 197 33 110 
2 128 39 253 
23 44 31 118 
10 115 21 48 
18 39 20 124 
8 185 22 26 
26 26 36 136 
12 192 28 41 
29 220 32 141 
17 251 38 203 
3 207 27 221 
7 148 30 255 
1 61 34 199 
6 181 11 132 
9 142 37 84 
13 51 16 98 
18 175 35 241 
19 210 27 67 
6 213 13 221 
4 201 28 168 
25 61 37 75 
8 33 15 254 
10 139 24 210 
7 134 36 44 
12 68 17 187 
32 61 34 170 
19 17 23 123 
2 134 22 5 
26 56 30 23 
11 40 29 16 
14 43 35 4 
1 152 20 80 
5 180 38 169 
3 18 33 173 
9 255 39 134 
16 185 21 193 
19 169 31 98 
22 178 32 239 
5 206 6 140 
24 45 34 127 
25 7 27 129 
12 155 38 94 
8 228 26 228 
2 240 3 245 
16 57 18 240 
4 92 39 243 
29 36 37 146 
20 242 23 199 
31 200 36 45 
13 202 21 93 
11 113 35 42 
1 33 14 112 
7 10 15 255 
10 168 33 217 
9 152 28 223 
17 95 30 204 
11 223 25 85 
1 243 15 160 
26 250 27 77 
14 164 16 164 
8 194 30 116 
3 54 28 28 
9 224 29 204 
24 177 39 118 
17 193 19 194 
2 85 13 121 
12 57 21 50 
22 132 33 196 
34 114 37 243 
18 91 32 244 
5 220 7 87 
4 205 36 2 
20 227 31 254 
6 62 23 165 
10 145 38 62 
4 184 35 209 
1 220 33 51 
3 164 12 180 
20 18 34 197 
6 155 21 161 
19 224 24 248 
9 247 16 159 
8 69 14 214 
7 100 18 23 
11 51 26 91 
10 18 15 229 
13 234 32 233 
27 18 31 63 
36 151 39 132 
25 133 29 115 
23 125 30 106 
5 5 37 216 
2 36 17 93 
22 121 35 142 
28 106 38 83 
1 118 35 146 
17 154 25 207 
10 2 31 131 
29 238 33 13 
18 69 24 79 
3 44 34 207 
9 97 14 99 
16 26 36 119 
21 72 38 6 
27 37 28 171 
13 85 37 10 
5 187 39 154 
8 248 12 72 
2 160 7 85 
6 38 26 151 
19 38 30 76 
15 27 32 113 
11 174 23 247 
20 179 22 206 
4 188 20 222 
13 101 36 164 
1 163 26 74 
25 106 32 4 
2 113 4 246 
7 89 9 51 
12 95 18 172 
19 63 37 166 
14 62 38 101 
10 237 22 198 
3 82 30 81 
5 46 8 103 
23 105 27 113 
15 235 31 48 
11 111 39 195 
16 25 24 199 
33 37 34 197 
21 67 29 147 
6 173 28 51 
7 16 35 149 
17 77 31 165 
3 12 5 127 
9 101 19 6 
26 151 37 212 
24 220 35 59 
10 179 18 243 
4 31 8 50 
15 107 39 226 
21 232 22 240 
2 33 28 133 
1 253 11 253 
27 19 30 3 
23 68 29 74 
14 107 25 126 
20 146 33 146 
6 240 36 184 
12 110 16 6 
34 112 38 132 
10 186 32 72 
13 228 17 185 
3 177 4 136 
5 47 35 117 
1 180 19 160 
2 124 12 60 
6 210 24 239 
7 226 25 15 
15 98 30 4 
20 194 21 110 
8 115 29 248 
18 193 33 197 
31 121 37 193 
23 37 26 12 
16 173 22 100 
27 236 39 169 
11 33 14 130 
9 10 32 96 
17 33 36 86 
13 155 38 79 
28 97 34 86 
12 109 33 34 
18 68 36 238 
15 241 38 10 
17 194 23 66 
22 38 28 206 
30 80 37 183 
35 205 39 101 
8 22 34 96 
5 46 32 163 
7 100 14 99 
9 61 11 191 
2 242 6 254 
3 204 24 237 
1 75 25 160 
16 24 20 8 
10 197 27 105 
26 103 29 76 
13 239 19 167 
4 251 31 141 
21 173 26 45 
37 185 39 167 
15 186 35 87 
18 105 25 84 
17 240 20 205 
10 251 23 139 
12 222 36 203 
22 88 27 57 
3 240 16 106 
11 51 30 176 
1 254 28 36 
2 250 34 175 
7 70 21 171 
4 168 24 135 
14 220 32 6 
5 41 31 209 
29 90 38 255 
1 192 13 135 
19 179 33 93 
6 244 8 190 
9 13 24 240 
20 47 39 220 
10 75 35 250 
9 199 31 151 
4 145 16 172 
7 52 26 138 
13 1 15 208 
3 188 37 1 
14 116 27 180 
25 154 28 199 
18 119 38 203 
29 130 30 7 
19 15 22 250 
11 66 33 227 
5 234 34 21 
6 79 12 9 
23 190 32 54 
2 82 8 223 
21 26 36 221 
17 226 37 153 
4 197 21 247 
3 219 26 165 
1 117 22 78 
8 116 35 192 
11 190 28 146 
19 242 38 83 
14 145 33 29 
25 213 30 50 
17 1 29 26 
7 179 20 12 
12 163 15 48 
27 61 32 70 
2 140 16 54 
6 238 31 183 
5 166 24 65 
13 68 18 118 
9 119 23 22 
23 167 39 171 
14 16 36 119 
10 196 34 163 
31 210 32 188 
4 73 18 187 
13 250 20 186 
2 232 10 11 
28 21 30 91 
1 39 6 80 
9 167 17 177 
8 72 21 177 
35 206 37 30 
3 158 25 177 
29 23 39 161 
11 150 34 38 
5 106 36 23 
7 242 27 90 
26 43 33 102 
24 27 38 32 
16 152 19 23 
15 63 22 26 
12 239 39 213 
1 45 3 163 
21 45 33 109 
28 226 32 238 
22 139 25 42 
15 251 29 141 
27 156 37 138 
5 88 12 225 
4 108 38 174 
6 17 18 115 
11 93 19 39 
16 64 30 120 
10 183 13 188 
2 210 20 41 
26 227 34 249 
8 54 24 106 
14 181 23 5 
7 68 31 52 
5 137 17 87 
9 114 35 174 
23 28 36 187 
3 125 17 176 
27 139 33 209 
8 170 20 21 
24 173 37 32 
16 109 25 36 
30 195 38 99 
4 212 12 234 
21 227 32 200 
6 69 19 168 
2 70 9 74 
22 127 39 115 
13 27 34 223 
1 178 7 29 
29 233 35 131 
15 120 26 18 
28 170 36 17 
11 252 31 188 
5 203 14 39 
15 94 18 220 
3 54 10 99 
19 213 26 196 
8 67 31 92 
1 219 18 238 
14 37 39 45 
2 157 36 173 
21 101 34 71 
13 248 35 148 
17 212 28 119 
24 70 30 191 
9 52 20 193 
10 3 37 209 
11 43 27 91 
12 218 29 230 
33 81 38 43 
16 177 32 210 35 230 
6 59 7 243 22 101 
4 16 23 125 25 149 
9 173 27 60 28 163 
6 171 24 134 39 216 
1 89 21 21 30 104 
26 73 31 145 38 20 
7 143 11 9 13 163 
18 11 20 151 34 199 
16 167 22 11 29 28 
8 175 15 138 23 87 
12 140 25 61 36 219 
2 56 10 24 37 150 
3 230 20 95 32 185 
14 110 17 194 19 108 
4 82 5 136 13 79 
7 79 8 173 33 89 
32 247 33 132 37 93 
6 174 9 130 35 2 
15 153 23 25 27 201 
5 204 16 180 28 87 
3 96 30 168 38 245 
11 236 20 110 36 112 
12 73 14 124 24 115 
4 82 17 173 34 145 
2 189 18 180 29 74 
21 186 25 221 31 55 
19 86 22 173 24 247 
1 72 17 114 39 52 
9 189 10 238 26 222 
21 44 27 110 29 88 
1 224 9 121 36 125 
31 226 35 75 38 138 
3 216 7 148 39 43 
2 103 5 228 12 16 
15 31 25 135 34 55 
10 112 18 43 26 19 
6 228 8 181 14 193 
30 204 33 220 37 94 
19 201 28 168 39 235 
13 63 16 217 22 166 
4 44 6 164 10 83 
11 93 16 190 23 11 
11 38 30 235 32 12 
20 73 26 186 35 119 
1 224 4 47 25 81 
3 47 22 35 36 5 
13 182 37 68 38 6 
17 243 19 251 24 139 
18 60 21 119 23 122 
7 141 29 46 32 254 
27 219 31 62 33 40 
12 13 14 8 28 19 
8 216 11 236 15 145 
5 240 22 34 34 24 
2 85 4 143 25 56 
3 230 16 151 38 45 
21 161 24 43 28 90 
10 220 12 138 23 171 
13 21 31 135 33 188 
5 236 10 208 19 198 
13 181 34 102 39 87 
2 7 27 158 36 89 
6 34 37 204 38 166 
8 165 27 102 29 50 
7 137 23 6 30 70 
19 169 20 200 26 168 
14 122 26 254 32 141 
1 188 16 51 17 36 
9 80 18 153 34 44 
14 20 15 206 35 180 
15 146 21 53 31 12 
17 171 32 74 37 100 
22 13 29 191 31 121 
2 70 6 163 20 166 
4 16 33 192 35 34 
12 209 30 246 39 48 
18 41 24 68 36 163 
1 49 5 48 7 163 
3 8 8 147 19 48 
9 239 25 40 28 190 
5 255 11 246 15 123 
2 68 8 57 10 15 
24 109 26 253 34 43 
12 199 22 80 37 62 
23 224 35 34 38 4 
11 30 29 16 33 192 
3 55 9 74 18 127 
4 54 13 179 36 113 
7 176 28 74 39 154 
14 187 17 74 30 70 
13 8 21 73 25 114 
6 13 16 38 32 130 
1 96 20 64 27 170 
5 18 12 6 27 185 
8 162 15 97 16 181 
3 77 14 45 32 244 
17 214 23 18 26 61 
2 60 25 198 35 119 
9 39 11 206 22 233 
18 103 33 72 38 47 
19 71 20 173 36 216 
1 76 31 115 34 71 
21 65 23 60 37 177 
7 165 28 140 29 25 
4 187 10 95 30 19 
6 253 24 117 39 231 
13 118 37 201 39 30 
9 159 28 83 31 134 
3 80 20 149 33 23 
15 215 17 73 29 73 
2 53 24 189 36 89 
12 123 18 78 27 125 
5 63 10 127 19 183 
7 78 25 185 34 211 
8 112 21 7 30 82 
6 238 22 50 38 236 
1 51 11 28 14 105 
16 17 26 80 32 72 
4 134 35 79 39 129 
16 96 26 29 31 214 
10 183 35 236 36 176 
12 40 22 73 37 205 
8 78 19 128 24 41 
5 126 6 139 7 120 
18 59 23 249 34 72 
1 189 2 193 17 133 
4 62 9 184 14 116 
11 154 27 237 33 79 
25 7 29 242 38 163 
20 44 30 104 32 175 
3 83 15 33 21 121 
13 169 18 183 28 239 
6 31 19 73 24 193 
4 81 5 188 23 21 
13 3 14 58 34 65 
22 117 27 184 30 86 
1 14 8 44 10 72 
3 118 25 164 39 42 
9 230 35 168 37 12 
12 104 33 82 38 58 
7 183 17 111 26 253 
21 41 31 76 36 29 
15 87 20 28 29 59 
16 162 28 185 32 50 
2 187 11 190 21 244 
13 70 20 47 31 203 
11 254 28 150 39 18 
3 117 4 69 34 101 
2 37 15 28 29 150 
17 54 25 153 37 38 
9 50 19 192 33 213 
1 125 7 34 27 151 
6 27 16 42 26 219 
12 192 30 142 36 40 
14 166 37 153 58 244 73 227 95 129 99 247 122 10 145 155 179 139 189 180 210 107 231 37 247 109 264 122 282 89 308 61 327 152 347 33 353 243 372 220 391 118 412 163 440 253 452 180 482 75 498 254 505 192 530 117 553 39 567 45 599 178 609 219 626 89 649 72 652 224 666 224 689 188 699 49 714 96 723 76 738 51 747 189 758 14 773 125 
18 110 37 15 52 248 79 224 82 60 107 189 136 65 153 254 166 28 185 129 206 197 223 7 244 159 261 79 287 57 297 128 323 134 339 240 361 85 388 36 404 160 414 113 439 33 453 124 480 242 499 250 525 82 540 140 551 232 579 210 596 70 611 157 633 56 646 189 655 103 676 85 683 7 695 70 703 68 719 60 732 53 747 193 766 187 770 37 
10 169 24 68 57 35 76 218 85 205 106 109 129 24 139 55 172 211 196 20 198 38 222 138 245 97 266 236 290 213 306 207 329 18 339 245 357 54 373 164 396 44 420 82 431 12 450 177 481 204 496 240 515 188 529 219 557 158 567 163 587 125 606 54 634 230 642 96 654 216 667 47 677 230 700 8 708 55 717 77 730 80 752 83 759 118 769 117 
9 188 33 94 53 38 64 232 91 242 110 120 130 201 154 157 165 14 190 69 199 149 220 204 252 86 272 151 288 9 294 23 315 201 341 92 367 205 371 184 410 188 414 246 436 31 450 136 487 251 501 168 512 145 528 197 549 73 574 108 593 212 623 16 636 82 645 82 662 44 666 47 676 143 696 16 709 54 726 187 740 134 748 62 755 81 769 69 
1 27 32 36 42 55 62 36 91 54 116 52 134 254 141 66 179 91 181 163 213 162 234 22 250 254 274 30 292 115 296 197 328 180 334 206 366 220 387 5 402 187 421 46 431 127 451 47 477 46 503 41 522 234 542 166 560 106 573 88 584 137 604 203 636 136 641 204 655 228 675 240 681 236 699 48 702 255 715 18 734 63 745 126 755 188 
17 38 38 205 56 209 75 54 88 136 104 39 125 181 135 205 170 167 197 240 205 187 221 35 249 186 266 54 279 112 309 181 314 213 334 140 369 62 375 155 405 38 428 173 445 240 454 210 480 254 507 244 523 79 541 238 553 80 575 17 595 69 622 59 625 171 639 174 658 228 662 164 684 34 695 163 713 13 727 253 737 238 745 139 754 31 774 27 
10 59 27 48 50 11 74 57 90 121 115 142 135 80 154 237 164 60 176 158 202 135 233 60 239 219 270 215 289 185 307 148 319 134 348 10 366 87 379 100 404 85 415 89 429 16 455 226 478 100 500 70 513 52 537 179 561 242 583 68 599 29 622 243 628 143 637 79 654 148 671 141 686 137 699 163 710 176 725 165 735 78 745 120 762 183 773 34 
4 158 23 46 55 4 69 193 81 152 100 131 119 112 145 218 174 96 195 169 204 221 215 115 251 170 257 175 290 176 301 185 317 33 338 228 356 194 378 69 403 248 421 103 436 50 458 115 476 22 507 190 525 223 531 116 555 72 581 54 589 170 608 67 631 175 637 173 658 181 674 216 685 165 700 147 703 57 716 162 736 112 744 78 758 44 
16 85 25 242 41 112 62 61 87 111 117 199 119 195 143 193 172 172 188 158 201 168 228 204 252 156 268 138 273 17 310 142 330 255 350 152 358 224 377 247 397 97 415 51 432 101 465 10 479 61 508 13 511 199 544 119 554 167 585 114 596 74 616 52 624 173 639 130 650 189 652 121 690 80 701 239 708 74 720 39 729 159 748 184 760 230 772 50 
2 234 26 48 48 29 65 169 96 109 102 192 120 97 143 192 173 172 183 111 202 109 229 237 254 30 267 29 282 164 299 115 318 139 349 168 370 145 381 18 393 2 419 237 435 179 448 186 484 197 493 251 510 75 547 196 551 11 578 183 606 99 617 3 633 24 650 238 657 112 662 83 679 220 681 208 703 15 726 95 734 127 742 183 758 72 
2 128 35 123 55 125 64 17 89 11 109 220 129 233 156 70 166 9 186 26 214 152 227 74 236 135 270 126 278 44 309 132 325 40 346 113 352 223 380 51 408 174 424 111 440 253 464 33 479 191 497 51 521 66 532 190 559 150 576 93 603 252 618 43 628 9 643 236 663 93 664 38 674 236 702 246 707 30 720 206 738 28 749 154 766 190 768 254 
16 202 39 98 51 53 71 111 94 49 109 179 128 163 144 178 161 99 187 177 211 183 230 207 239 184 264 20 291 101 303 192 320 68 337 155 362 57 373 180 403 72 416 95 446 110 453 60 469 109 494 222 523 9 538 163 566 239 573 225 593 234 619 218 632 140 644 73 655 16 673 13 679 138 697 209 705 199 715 6 733 123 743 40 761 104 775 192 
6 183 39 47 59 5 77 236 90 17 100 56 134 108 142 11 169 131 188 238 193 105 224 148 245 115 256 123 281 100 311 51 314 221 345 202 361 121 382 234 401 85 411 101 449 228 467 155 486 239 505 135 514 1 543 68 550 250 578 188 598 27 613 248 628 163 636 79 661 63 668 182 680 21 682 181 709 179 712 8 728 118 753 169 756 3 767 70 
15 54 26 4 49 255 68 35 79 29 106 17 130 167 155 34 171 184 191 75 207 10 224 87 243 152 271 108 284 56 293 150 326 43 347 112 355 164 378 214 397 99 418 62 443 107 464 130 478 99 502 220 516 116 534 145 546 16 582 181 604 39 610 37 635 110 644 124 658 193 673 8 688 122 691 20 711 187 717 45 738 105 748 116 756 58 
8 36 28 175 42 146 70 157 85 193 113 173 136 82 157 128 168 91 197 82 201 251 232 96 240 207 258 207 276 67 294 113 317 254 348 255 353 160 381 229 407 27 423 235 437 107 456 98 471 241 490 186 514 208 538 48 565 63 571 251 601 120 605 94 631 138 640 153 656 31 674 145 691 206 692 146 702 123 716 97 731 215 752 33 764 87 770 28 
1 135 30 231 48 234 74 249 97 202 108 33 118 164 140 170 168 76 175 51 200 252 226 18 249 19 265 76 283 20 311 98 331 185 340 57 355 164 377 159 398 26 425 25 446 6 462 173 483 24 496 106 512 172 540 54 564 152 577 64 591 109 621 177 630 167 641 180 661 217 663 190 677 151 689 51 713 38 716 181 739 17 741 96 765 162 774 42 
11 36 34 120 43 229 65 83 99 188 115 31 121 161 146 140 157 91 178 3 214 141 226 15 246 141 257 53 279 106 305 251 320 187 351 95 360 193 388 93 392 154 430 77 449 185 466 33 472 194 492 240 527 226 536 1 554 177 584 87 587 176 614 212 635 194 645 173 649 114 669 243 689 36 693 171 711 74 718 214 731 73 747 133 762 111 771 54 
4 171 34 57 54 236 63 144 84 231 111 188 133 103 141 213 171 246 184 56 203 47 225 1 253 128 273 250 278 132 300 39 312 175 340 240 365 91 379 23 395 69 416 172 435 243 459 193 470 68 491 105 518 119 543 118 549 187 575 115 605 220 609 238 629 11 646 180 657 43 670 60 690 153 698 41 708 127 721 103 733 78 746 59 753 183 
18 203 27 32 46 171 72 112 94 158 112 171 133 49 152 12 162 219 192 208 215 167 219 244 243 59 258 78 288 74 313 210 322 17 332 169 360 194 376 224 406 38 417 63 432 6 452 160 486 167 506 179 520 15 533 242 564 23 576 39 595 168 607 213 635 108 648 86 660 201 669 251 681 198 687 169 700 48 722 71 734 183 744 128 754 73 772 192 
15 54 36 209 44 7 66 98 80 66 113 83 124 123 158 235 161 83 182 112 205 65 234 235 242 57 267 188 286 136 300 124 327 80 343 242 368 227 374 18 409 179 410 222 444 146 457 194 483 8 492 205 509 47 537 12 550 186 579 41 589 21 616 193 629 151 634 95 643 110 665 73 687 200 695 166 714 64 722 173 730 149 751 44 764 28 767 47 
13 12 29 131 45 185 68 94 87 236 105 59 126 123 146 117 156 225 162 183 198 230 217 224 240 68 261 100 292 199 299 48 331 193 345 93 362 50 375 161 399 72 427 67 438 232 457 110 488 173 500 171 526 26 528 247 555 177 568 45 594 227 612 101 626 21 647 186 651 44 670 119 678 161 692 53 712 73 724 65 736 7 752 121 763 41 766 244 
3 227 25 97 43 93 78 8 98 73 104 202 123 189 138 184 155 157 186 132 209 227 230 129 253 110 272 177 285 229 301 26 323 5 333 178 363 132 389 121 409 206 419 198 438 240 462 100 473 38 495 88 520 250 530 78 565 26 570 139 597 127 622 101 630 11 648 173 661 166 667 35 675 34 694 13 705 80 720 233 737 50 743 73 757 117 
12 238 29 152 59 202 60 226 84 79 114 250 123 39 139 85 159 137 167 60 185 76 218 231 247 121 265 98 291 124 298 44 322 123 343 199 369 165 386 125 408 247 422 105 442 68 461 37 472 66 493 139 524 190 544 22 545 167 582 5 586 28 623 125 631 87 640 25 663 11 670 122 679 171 686 6 706 224 718 18 724 60 746 249 755 21 
12 102 35 97 47 18 70 196 92 98 103 245 132 97 151 179 164 191 180 69 191 57 231 166 244 169 256 79 286 240 295 148 318 210 335 45 359 177 376 248 395 79 425 199 434 220 454 239 481 237 501 135 508 240 542 65 563 27 581 106 590 173 615 70 625 134 644 115 648 247 669 139 678 43 698 68 704 109 727 117 732 189 744 41 754 193 
17 106 32 220 46 179 60 246 80 168 102 134 127 5 149 193 174 75 194 124 199 51 228 25 248 239 262 22 275 85 295 227 316 61 336 7 352 85 385 133 392 207 413 106 443 126 455 15 482 160 491 84 517 154 535 213 557 177 570 42 591 36 623 149 632 61 647 221 656 135 666 81 676 56 701 40 712 114 719 198 735 185 750 7 759 164 771 153 
3 113 22 131 47 82 52 25 93 83 118 61 124 151 142 187 165 174 181 232 211 230 229 91 237 60 271 123 275 178 302 26 324 56 338 228 354 250 380 91 405 151 412 74 433 151 461 12 485 103 488 45 513 138 529 165 562 43 580 227 601 18 607 196 627 73 650 222 657 19 665 186 687 168 688 254 704 253 718 61 739 80 741 29 762 253 774 219 
6 206 30 168 58 115 63 28 83 72 103 29 126 20 158 219 170 253 177 230 212 95 220 12 246 165 259 241 274 218 306 221 313 67 336 129 354 77 383 18 400 37 422 113 441 19 463 236 484 105 495 57 516 180 539 61 561 90 572 156 588 139 618 91 624 60 640 201 651 110 672 219 683 158 685 102 714 170 715 185 733 125 749 237 757 184 773 151 
19 84 23 70 50 97 66 172 86 43 116 29 120 192 148 208 159 61 163 163 203 63 232 51 237 174 263 176 281 122 303 41 315 168 350 223 357 28 390 106 400 171 428 51 439 133 468 97 473 206 498 36 517 199 532 146 552 21 569 226 602 170 614 119 624 163 641 87 660 168 673 19 678 90 701 190 710 74 725 140 729 83 753 239 765 185 768 150 
14 244 33 249 44 1 76 57 78 40 112 15 131 122 151 200 173 106 193 107 213 241 221 63 235 137 263 14 284 106 304 220 325 16 342 36 358 204 385 115 394 238 427 147 442 74 458 248 485 76 504 90 519 130 536 26 558 23 571 141 600 233 619 230 630 28 646 74 651 88 671 46 685 50 694 191 707 16 725 25 731 73 750 242 764 59 770 150 
9 171 21 32 40 43 61 204 96 237 101 142 125 17 153 126 169 56 182 175 209 49 225 236 250 172 268 82 280 229 307 255 324 23 351 204 356 116 386 106 406 76 420 81 441 3 456 4 474 80 497 176 519 7 535 50 552 91 577 120 592 195 615 191 626 104 642 168 659 204 664 235 686 70 697 246 711 70 726 19 736 82 751 104 757 86 775 142 
19 254 21 61 51 126 73 177 92 135 105 160 138 21 149 54 175 246 184 138 196 192 223 23 241 79 260 144 293 11 298 118 332 98 344 200 368 254 383 63 393 131 423 48 430 165 460 121 487 141 503 209 511 151 541 183 548 210 583 52 603 188 608 92 627 145 647 55 653 226 672 62 680 135 692 12 694 121 723 115 729 134 741 214 763 76 767 203 
7 49 20 107 56 170 69 183 82 181 97 187 132 114 144 197 178 177 190 145 210 82 219 82 236 1 269 100 277 29 304 141 321 61 333 239 365 244 382 233 407 113 413 4 448 72 465 96 477 163 502 6 524 54 539 70 548 188 569 238 594 200 621 210 634 185 638 247 664 12 671 254 688 141 693 74 713 130 717 244 739 72 751 175 765 50 
11 164 38 221 53 112 77 13 86 40 107 136 117 225 137 217 160 159 180 166 200 48 218 98 238 209 262 200 276 190 296 110 329 173 349 217 363 196 372 51 394 13 426 37 444 146 459 197 469 34 506 93 521 227 534 29 562 102 568 109 588 209 620 81 637 89 638 132 659 220 672 40 680 188 696 192 707 192 721 72 730 23 749 79 761 82 772 213 
5 191 31 38 49 108 71 249 88 76 108 70 131 193 150 213 167 62 192 182 212 73 233 31 248 180 260 217 280 219 308 199 321 170 335 127 364 114 374 197 396 207 426 197 447 112 468 86 476 96 499 175 522 21 547 163 559 38 580 249 598 223 612 71 629 199 645 145 656 55 675 24 682 102 690 44 704 43 723 71 735 211 746 72 756 65 769 101 
5 163 22 215 57 219 67 229 83 56 101 91 121 226 148 129 152 49 187 163 208 244 217 61 238 146 269 5 287 246 312 241 326 4 346 42 371 209 389 142 391 146 429 149 434 59 451 117 475 205 490 87 510 250 531 192 556 206 585 174 600 131 613 148 621 230 639 2 653 75 665 119 691 180 696 34 706 34 719 119 740 79 742 236 760 168 
8 174 31 92 40 48 72 243 81 165 98 72 137 243 147 139 177 79 183 207 208 52 222 249 235 39 255 247 277 5 302 136 319 44 344 45 367 2 384 151 398 119 411 164 445 184 466 86 470 238 494 203 526 221 546 119 560 23 586 187 602 17 611 173 632 219 643 112 652 125 667 5 683 89 698 163 709 113 722 216 732 89 742 176 763 29 775 40 
13 10 28 239 54 184 75 188 95 154 110 20 128 59 140 223 163 1 195 254 207 82 227 110 242 77 255 237 289 153 310 84 316 75 342 146 364 243 387 216 401 10 417 166 433 212 460 193 474 183 489 185 515 1 527 153 556 30 572 138 590 32 617 209 633 150 638 93 659 94 668 68 684 204 693 100 705 62 724 177 728 201 743 205 760 12 771 38 
7 167 36 142 41 215 67 8 89 45 114 78 122 232 147 98 176 59 194 90 206 176 216 149 251 177 259 81 285 59 305 203 328 169 337 94 370 62 390 83 399 6 418 101 447 132 467 79 471 10 504 255 518 203 533 83 563 32 574 174 592 99 620 43 627 20 642 245 653 138 668 6 677 45 684 166 706 4 721 47 737 236 750 163 761 58 
20 160 24 68 45 61 61 68 93 214 111 192 127 103 150 94 160 67 189 111 204 53 216 80 241 213 254 77 283 2 297 253 330 134 341 243 359 118 384 132 402 154 424 195 437 226 463 169 475 101 489 167 509 220 545 171 558 161 566 213 597 115 610 45 625 216 649 52 654 43 660 235 682 87 697 48 710 154 727 231 728 30 740 129 759 42 768 18 
