1100 364 256
3 7
2 2 2 2 2 2 2 2 2 2 2 2 2 2 2 2 2 2 2 2 2 2 2 2 2 2 2 2 2 2 2 2 2 2 2 2 2 2 2 2 2 2 2 2 2 2 2 2 2 2 2 2 2 2 2 2 2 2 2 2 2 2 2 2 2 2 2 2 2 2 2 2 2 2 2 2 2 2 2 2 2 2 2 2 2 2 2 2 2 2 2 2 2 2 2 2 2 2 2 2 2 2 2 2 2 2 2 2 2 2 2 2 2 2 2 2 2 2 2 2 2 2 2 2 2 2 2 2 2 2 2 2 2 2 2 2 2 2 2 2 2 2 2 2 2 2 2 2 2 2 2 2 2 2 2 2 2 2 2 2 2 2 2 2 2 2 2 2 2 2 2 2 2 2 2 2 2 2 2 2 2 2 2 2 2 2 2 2 2 2 2 2 2 2 2 2 2 2 2 2 2 2 2 2 2 2 2 2 2 2 2 2 2 2 2 2 2 2 2 2 2 2 2 2 2 2 2 2 2 2 2 2 2 2 2 2 2 2 2 2 2 2 2 2 2 2 2 2 2 2 2 2 2 2 2 2 2 2 2 2 2 2 2 2 2 2 2 2 2 2 2 2 2 2 2 2 2 2 2 2 2 2 2 2 2 2 2 2 2 2 2 2 2 2 2 2 2 2 2 2 2 2 2 2 2 2 2 2 2 2 2 2 2 2 2 2 2 2 2 2 2 2 2 2 2 2 2 2 2 2 2 2 2 2 2 2 2 2 2 2 2 2 2 2 2 2 2 2 2 2 2 2 2 2 2 2 2 2 2 2 2 2 2 2 2 2 2 2 2 2 2 2 2 2 2 2 2 2 2 2 2 2 2 2 2 2 2 2 2 2 2 2 2 2 2 2 2 2 2 2 2 2 2 2 2 2 2 2 2 2 2 2 2 2 2 2 2 2 2 2 2 2 2 2 2 2 2 2 2 2 2 2 2 2 2 2 2 2 2 2 2 2 2 2 2 2 2 2 2 2 2 2 2 2 2 2 2 2 2 2 2 2 2 2 2 2 2 2 2 2 2 2 2 2 2 2 2 2 2 2 2 2 2 2 2 2 2 2 2 2 2 2 2 2 2 2 2 2 2 2 2 2 2 2 2 2 2 2 2 2 2 2 2 2 2 2 2 2 2 2 2 2 2 2 2 2 2 2 2 2 2 2 2 2 2 2 2 2 2 2 2 2 2 2 2 2 2 2 2 2 2 2 2 2 2 2 2 2 2 2 2 2 2 2 2 2 2 2 2 2 2 2 2 2 2 2 2 2 2 2 2 2 2 2 2 2 2 2 2 2 2 2 2 2 2 2 2 2 2 2 2 2 2 2 2 2 2 2 2 2 2 2 2 2 2 2 2 2 2 2 2 2 2 2 2 2 2 2 2 2 2 2 2 2 2 2 2 2 2 2 2 2 2 2 2 2 2 2 2 2 2 2 2 2 2 2 2 2 2 2 2 2 2 2 2 2 2 2 2 2 2 2 2 2 2 2 2 2 2 2 2 2 2 2 2 2 2 2 2 2 2 2 2 2 2 2 2 2 2 2 2 2 2 2 2 2 2 2 2 2 2 2 2 2 2 2 2 2 2 2 2 2 2 2 2 2 2 2 2 2 2 2 2 2 2 2 2 2 2 2 2 2 2 2 2 2 2 2 2 2 2 2 2 2 2 2 2 2 2 2 2 2 2 2 2 2 2 2 2 2 2 2 2 2 2 2 2 2 2 2 2 2 2 2 2 2 2 2 2 2 2 2 2 2 2 2 2 2 2 2 2 2 2 2 2 2 2 2 2 2 2 2 2 2 2 2 2 2 2 2 2 2 2 2 2 2 2 2 2 2 2 2 2 2 2 2 2 2 2 2 2 2 2 2 2 2 2 2 2 2 2 2 2 2 2 2 2 2 2 2 2 2 2 2 2 2 2 2 2 2 2 2 2 2 2 2 2 2 2 2 3 3 3 3 3 3 3 3 3 3 3 3 3 3 3 3 3 3 3 3 3 3 3 3 3 3 3 3 3 3 3 3 3 3 3 3 3 3 3 3 3 3 3 3 3 3 3 3 3 3 3 3 3 3 3 3 3 3 3 3 3 3 3 3 3 3 3 3 3 3 3 3 3 3 3 3 3 3 3 3 3 3 3 3 3 3 3 3 3 3 3 3 3 3 3 3 3 3 3 3 3 3 3 3 3 3 3 3 3 3 3 3 3 3 3 3 3 3 3 3 3 3 3 3 3 3 3 3 3 3 3 3 3 3 3 3 3 3 3 3 3 3 3 3 3 3 3 3 3 3 3 3 3 3 3 3 3 3 3 3 3 3 3 3 3 3 3 3 3 3 3 3 3 3 3 3 3 3 3 3 3 3 3 3 3 3 3 3 3 3 3 3 3 3 3 3 3 3 3 3 3 3 3 3 3 3 3 3 3 3 3 3 3 3 3 3 3 3 3 3 
6 7 6 7 7 6 7 7 7 7 7 7 6 6 7 7 7 6 6 6 7 6 7 7 7 7 7 6 6 7 7 6 7 7 6 7 6 6 6 6 6 7 7 7 6 7 6 6 6 7 7 6 7 7 6 7 7 7 7 6 7 6 6 7 7 7 7 7 7 7 7 6 7 6 6 6 7 6 6 7 7 7 7 7 7 6 6 7 6 6 6 7 7 7 6 7 7 6 7 6 7 7 6 6 6 6 7 7 7 7 6 6 7 7 6 7 7 7 6 7 7 6 7 7 7 6 7 7 7 6 7 6 6 7 6 7 7 6 6 7 7 7 6 7 6 7 7 6 7 6 7 7 7 7 7 7 6 7 7 6 7 7 7 6 7 7 7 6 7 6 7 7 6 7 6 6 6 7 6 7 7 6 7 7 6 6 7 7 7 7 7 6 6 6 7 7 6 6 7 7 7 7 7 6 7 6 7 7 7 6 7 6 7 6 7 7 7 7 7 6 7 7 7 7 7 7 7 7 6 6 6 7 7 6 7 6 7 7 7 7 7 6 7 6 6 7 6 7 7 6 7 7 7 7 7 7 7 7 7 6 6 7 7 7 6 7 7 6 7 7 6 7 7 7 7 7 6 7 7 7 7 6 7 7 7 6 6 7 7 7 7 6 7 6 7 6 7 6 6 7 7 6 7 7 7 6 7 6 7 7 7 7 7 7 7 6 6 6 6 7 7 7 7 7 7 6 7 7 7 7 7 7 7 7 6 7 6 6 7 7 6 7 6 7 7 7 7 6 7 7 7 7 7 6 6 7 7 7 6 6 7 7 7 6 
82 217 123 36 
19 84 61 182 
146 150 326 215 
121 14 243 224 
89 186 301 239 
107 248 332 6 
228 41 294 57 
12 225 320 213 
236 137 361 33 
140 98 266 135 
180 51 336 215 
65 122 173 254 
27 225 334 246 
93 195 187 218 
149 213 350 113 
239 158 279 37 
42 123 97 84 
274 180 293 232 
155 133 250 208 
66 193 249 183 
4 250 11 55 
38 151 307 227 
40 117 119 109 
135 148 265 133 
96 214 189 206 
172 190 211 2 
39 6 268 62 
154 72 357 22 
160 82 289 190 
178 149 297 144 
5 235 198 63 
84 149 220 178 
191 204 253 79 
72 43 309 104 
35 217 101 44 
164 61 212 244 
43 51 45 184 
7 176 158 250 
104 79 113 247 
242 179 283 93 
179 182 335 61 
31 241 321 185 
247 164 272 208 
142 169 240 45 
9 247 219 178 
48 152 125 220 
202 90 246 148 
68 186 147 90 
163 48 184 25 
58 16 234 16 
319 223 343 180 
99 107 192 224 
17 60 183 234 
138 29 150 104 
63 70 314 90 
197 239 244 166 
30 53 270 99 
15 125 342 84 
86 53 190 110 
56 168 95 234 
205 143 337 96 
200 234 316 36 
88 231 312 189 
47 143 241 215 
44 48 111 159 
37 111 112 159 
196 192 339 213 
103 186 131 158 
188 138 295 13 
100 70 232 117 
6 189 364 182 
171 137 204 83 
60 75 325 139 
74 190 345 160 
64 106 290 67 
24 137 347 1 
144 200 261 6 
13 195 327 224 
166 162 338 105 
90 252 227 95 
237 172 341 4 
23 125 362 220 
92 53 117 208 
106 25 148 229 
85 195 141 15 
70 243 285 151 
127 250 223 131 
324 126 329 135 
28 50 168 149 
248 133 305 5 
230 198 330 179 
2 16 162 103 
206 35 355 3 
130 84 222 51 
174 178 318 205 
260 46 333 28 
49 107 81 57 
185 168 288 45 
67 207 167 17 
14 194 315 229 
134 131 308 222 
251 134 273 246 
36 85 193 77 
105 190 176 145 
201 242 225 85 
153 70 177 14 
57 54 207 67 
76 201 91 91 
215 237 267 145 
34 254 132 145 
50 60 323 55 
271 175 313 140 
69 141 322 182 
26 3 264 140 
257 129 259 34 
22 78 360 189 
182 210 233 63 
55 79 118 51 
352 233 353 49 
278 56 310 223 
139 153 226 145 
21 52 263 122 
208 137 213 217 
51 173 356 252 
59 224 235 21 
10 108 83 24 
109 93 286 123 
224 198 291 253 
16 80 340 39 
137 208 156 60 
169 21 346 105 
78 80 354 53 
284 157 299 107 
136 147 280 52 
199 224 349 110 
114 46 203 65 
46 4 275 227 
71 158 363 180 
25 6 276 52 
62 173 157 18 
20 8 351 87 
98 98 145 60 
73 3 217 207 
41 117 161 225 
1 47 152 40 
122 180 306 68 
256 8 277 137 
258 207 317 85 
231 139 252 194 
269 28 311 153 
151 16 331 192 
124 111 328 135 
32 247 348 211 
3 197 120 116 
143 160 216 181 
75 240 159 228 
33 41 221 170 
53 66 126 13 
281 198 282 143 
102 187 128 81 
18 88 80 127 
214 32 254 40 
303 155 359 193 
54 159 79 238 
165 207 298 247 
94 207 245 45 
110 14 344 238 
29 113 116 32 
181 67 238 243 
52 209 262 107 
129 252 304 49 
133 199 229 81 
175 117 302 65 
115 132 300 18 
210 77 292 70 
108 249 209 161 
218 219 358 74 
170 108 255 174 
87 150 195 149 
186 190 287 90 
194 85 296 173 
8 226 77 241 
108 31 279 71 
182 208 229 168 
70 169 154 118 
25 181 40 137 
143 162 162 159 
93 57 237 231 
228 79 239 85 
11 125 92 254 
264 197 271 108 
198 38 326 171 
69 41 285 138 
225 15 344 126 
128 77 179 7 
117 54 300 23 
138 247 356 248 
7 113 33 247 
36 243 194 21 
266 59 334 49 
100 104 168 103 
21 237 306 143 
204 196 218 57 
112 79 135 241 
227 109 362 248 
217 179 299 250 
20 10 23 226 
159 38 254 147 
131 76 249 148 
63 5 180 202 
44 128 211 228 
129 127 136 19 
38 28 359 151 
156 133 284 206 
276 163 319 185 
191 235 298 19 
90 125 323 227 
8 59 312 103 
24 129 252 29 
9 46 95 237 
17 237 216 155 
45 174 134 88 
3 136 174 125 
50 122 267 60 
206 179 247 136 
171 183 209 183 
15 148 139 112 
320 216 351 245 
280 178 335 253 
105 197 120 6 
175 170 210 62 
85 224 224 96 
137 201 214 63 
99 17 360 70 
146 100 243 87 
48 106 111 103 
18 125 145 178 
272 32 290 73 
43 206 338 85 
51 49 257 65 
278 132 286 189 
221 82 305 206 
205 203 307 48 
22 67 352 166 
64 177 308 98 
4 33 244 221 
132 3 316 158 
144 220 263 156 
170 219 341 44 
16 25 189 247 
81 158 297 2 
52 74 161 44 
169 198 250 23 
10 251 256 222 
80 22 83 250 
37 137 197 22 
34 175 222 247 
73 82 155 66 
68 100 329 62 
160 5 337 237 
58 107 188 176 
226 113 295 37 
173 6 255 98 
107 188 268 71 
13 230 185 171 
77 72 353 39 
231 22 288 161 
141 7 336 147 
196 166 281 220 
121 54 149 148 
282 231 302 156 
142 16 292 214 
133 5 186 53 
127 74 330 219 
270 16 289 114 
148 175 178 123 
88 12 325 29 
5 2 42 48 
309 233 358 236 
157 190 183 65 
78 121 253 5 
32 146 166 67 
89 219 126 77 
287 241 354 66 
46 151 294 90 
2 42 71 165 
59 221 151 160 
202 160 208 84 
259 135 328 81 
12 93 251 3 
357 229 361 175 
116 241 165 227 
177 104 355 249 
106 192 125 133 
14 17 192 111 
56 201 104 248 
1 240 94 164 
242 28 293 237 
150 197 199 164 
60 188 234 78 
102 9 317 42 
30 105 324 24 
193 142 314 45 
301 113 342 75 
215 249 350 220 
35 93 49 90 
167 249 349 179 
327 255 332 32 
274 195 346 155 
240 99 343 98 
61 205 248 175 
41 71 55 199 
122 117 347 193 
118 241 333 201 
53 242 62 149 
181 252 322 182 
66 235 72 246 
115 84 164 31 
6 176 152 230 
82 156 311 197 
212 103 310 52 
29 5 195 132 
75 241 163 208 
113 19 184 218 
261 174 339 58 
235 82 340 208 
200 221 260 168 
233 54 262 142 
303 127 304 4 
87 89 101 212 
76 164 130 17 
67 67 79 159 
296 249 331 150 
65 8 269 72 
86 202 245 2 
172 142 291 245 
54 216 223 154 
230 13 265 32 
98 207 201 135 
345 44 348 5 
213 222 275 67 
96 125 109 48 
140 234 246 112 
153 75 364 185 
103 131 277 238 
47 161 283 179 
28 57 273 6 
39 238 236 100 
203 127 241 212 
19 87 84 120 
27 152 258 145 
123 104 232 250 
97 227 124 30 
74 133 321 39 
176 216 313 190 
110 126 158 26 
238 4 363 167 
26 254 187 227 
31 185 220 190 
119 80 207 2 
57 126 114 236 
315 167 318 220 
190 27 219 30 
91 236 147 109 
34 105 71 173 
61 45 138 173 
1 232 354 184 
114 90 279 231 
47 229 176 98 
12 36 29 221 
115 155 185 29 
63 191 239 207 
7 148 89 109 
73 42 285 84 
259 147 317 11 
196 13 345 145 
59 127 182 77 
58 92 87 91 
72 51 289 247 
129 9 364 69 
45 245 170 14 
37 228 269 26 
209 72 323 4 
134 14 316 210 
75 204 84 152 
98 119 278 41 
219 195 318 166 
195 159 361 202 
175 40 251 80 
39 236 266 71 
54 220 204 45 
3 104 252 33 
324 153 353 90 
141 253 301 233 
222 70 326 136 
123 45 296 28 
155 166 256 99 
49 123 187 36 
55 90 319 211 
56 8 173 102 
111 149 136 96 
16 205 77 126 
27 203 262 138 
95 224 208 197 
205 32 268 26 
263 252 330 64 
179 19 306 160 
169 124 197 235 
220 64 329 220 
67 95 363 180 
108 14 355 239 
148 231 194 54 
137 91 276 50 
57 81 88 217 
17 230 325 118 
121 125 186 120 
40 229 300 185 
13 121 349 153 
128 126 183 127 
166 91 224 149 
291 116 327 172 
145 200 302 18 
118 126 192 117 
43 40 191 38 
74 195 293 100 
295 135 315 178 
6 80 217 24 
247 164 334 102 
215 240 310 158 
163 233 362 76 
91 188 347 221 
69 154 352 231 
76 127 168 53 
229 84 313 8 
202 147 344 162 
33 58 271 91 
135 27 307 177 
265 18 305 9 
5 170 188 123 
66 163 105 7 
131 132 308 232 
125 208 225 114 
93 43 212 126 
157 164 255 15 
160 138 240 183 
22 49 158 237 
83 104 85 187 
97 175 270 55 
2 255 254 10 
11 157 358 87 
139 10 304 207 
142 191 314 104 
52 11 80 247 
10 104 60 31 
53 212 273 32 
23 206 103 244 
164 160 328 96 
4 125 116 78 
216 130 245 21 
335 151 343 181 
120 51 181 204 
189 134 298 189 
312 84 339 103 
258 173 321 203 
250 230 297 44 
112 6 267 38 
151 170 227 238 
333 91 346 249 
211 96 241 225 
99 54 171 119 
223 53 287 147 
30 200 94 4 
46 19 78 181 
200 155 356 112 
8 206 359 77 
230 123 351 200 
51 248 203 66 
177 242 231 93 
101 46 113 202 
19 92 226 8 
25 82 246 252 
218 81 348 60 
82 207 156 229 
283 55 286 125 
100 119 242 216 
64 34 282 79 
26 41 86 41 
337 48 341 198 
199 9 292 61 
133 1 357 109 
32 250 35 243 
331 66 332 23 
232 27 234 235 
146 44 193 123 
44 237 320 40 
228 162 322 52 
68 142 172 171 
161 15 238 187 
190 203 290 38 
15 204 92 190 
70 224 102 41 
62 117 178 178 
244 188 272 78 
180 130 274 240 
14 78 107 178 
9 197 340 222 
110 61 198 16 
28 85 152 66 
212 92 294 98 
184 184 207 171 
144 208 284 185 
159 96 253 37 
41 46 350 1 
119 180 130 21 
31 187 243 42 
127 31 336 236 
126 136 206 4 
48 139 162 47 
132 75 342 100 
24 170 165 247 
257 45 311 129 
18 79 38 111 
50 202 147 208 
143 207 236 85 
42 83 281 95 
264 51 303 81 
81 191 140 238 
235 116 260 178 
96 132 280 207 
108 233 214 146 
65 215 79 19 
106 98 174 106 
109 154 248 214 
210 181 213 181 
90 111 183 131 
201 11 299 214 
21 217 117 246 
20 171 288 7 
104 84 149 72 
82 79 249 88 
150 250 261 8 
154 192 342 50 
81 204 167 140 
44 175 237 232 
36 222 305 101 
275 146 277 71 
124 25 338 212 
18 115 122 207 
5 186 233 33 
221 89 358 28 
153 176 309 137 
320 5 360 48 
77 98 336 4 
138 167 236 100 
273 7 328 23 
185 77 243 149 
50 16 150 77 
70 125 219 176 
189 215 311 206 
3 140 196 137 
113 163 280 85 
153 151 340 9 
69 223 331 47 
80 78 356 166 
205 167 242 168 
226 211 250 139 
124 241 363 9 
1 29 112 192 
206 188 286 111 
267 217 318 159 
37 215 110 113 
102 218 221 6 
245 251 288 185 
119 114 271 255 
64 96 223 84 
133 32 178 196 
191 254 192 44 
41 188 168 88 
71 197 265 210 
2 236 95 80 
301 114 362 19 
325 78 333 219 
7 69 349 69 
240 19 272 193 
10 248 160 235 
76 183 127 198 
38 31 227 120 
197 95 211 122 
100 150 159 155 
129 203 199 160 
43 25 229 27 
66 175 104 201 
11 42 275 87 
29 75 222 100 
107 253 213 81 
151 188 345 234 
59 151 310 86 
167 124 232 184 
176 221 217 107 
14 222 126 150 
35 194 63 144 
254 186 306 215 
188 229 230 172 
16 50 300 73 
42 185 96 217 
27 40 354 203 
299 18 314 170 
115 101 125 24 
15 70 94 77 
73 4 165 197 
164 62 171 4 
259 42 304 199 
202 9 329 100 
60 212 225 3 
190 227 293 229 
143 56 218 82 
56 44 360 76 
297 204 309 66 
84 161 255 55 
122 87 158 245 
17 221 210 128 
33 19 55 6 
148 107 203 150 
120 167 266 108 
261 191 341 144 
319 159 361 227 
332 181 335 37 
186 178 315 101 
187 185 298 129 
130 104 289 157 
61 6 228 114 
284 153 291 66 
307 196 308 204 
137 106 174 96 
32 227 112 232 
28 45 103 29 
184 150 285 247 
86 10 238 123 
12 18 74 171 
193 213 253 40 
98 130 270 150 
23 194 140 202 
181 41 263 142 
214 135 256 85 
58 179 172 61 
83 214 351 35 
87 206 359 200 
48 62 131 212 
179 61 215 51 
90 36 241 76 
155 116 321 100 
52 154 324 5 
85 39 105 107 
152 47 312 142 
208 200 339 247 
175 151 313 85 
116 158 149 123 
136 10 246 254 
141 162 170 11 
156 171 262 131 
75 128 282 196 
269 110 357 240 
292 96 353 48 
173 221 247 163 
264 136 277 86 
49 94 251 171 
25 40 51 146 
257 215 350 20 
34 155 62 114 
65 39 364 144 
88 202 233 59 
40 89 290 168 
198 147 268 176 
326 34 355 22 
30 34 279 248 
13 125 239 98 
19 219 347 54 
67 81 343 100 
21 19 134 100 
31 168 330 170 
6 81 316 5 
177 142 338 199 
22 168 109 3 
93 79 163 117 
216 149 296 85 
144 84 154 15 
92 17 182 116 
162 182 274 20 
91 152 334 226 
68 75 89 35 
99 175 132 205 
139 230 337 34 
295 54 352 105 
244 196 322 22 
101 246 235 55 
123 190 145 36 
9 158 114 189 
157 213 276 19 
231 10 234 71 
54 50 201 239 
97 53 260 203 
204 133 207 248 
46 130 47 109 
180 167 252 1 
4 43 200 16 
45 107 169 196 
121 228 346 182 
72 210 323 125 
146 203 303 164 
79 102 117 137 
209 162 302 166 
8 110 294 47 
142 153 362 30 
36 6 237 245 
26 124 344 208 
20 70 278 105 
224 175 248 215 
118 49 249 219 
39 117 77 111 
24 124 53 62 
57 225 224 189 
161 34 348 100 
220 42 283 143 
147 62 194 233 
101 215 258 254 
28 114 327 173 
308 188 317 17 
281 21 297 174 
111 33 166 150 
106 226 292 13 
78 253 136 243 
128 24 180 231 
115 212 195 174 
248 192 287 62 
135 119 165 210 
266 34 325 38 
37 195 302 143 
152 108 272 62 
74 182 347 123 
73 74 198 43 
25 34 188 34 
78 128 141 58 
109 65 359 219 
30 61 227 117 
61 76 104 225 
278 41 317 54 
138 103 191 173 
283 190 331 133 
55 36 201 225 
226 83 355 227 
241 114 363 71 
221 170 268 69 
166 107 210 234 
170 111 218 65 
80 206 107 84 
59 190 127 25 
76 190 360 28 
124 28 155 192 
177 70 223 171 
108 110 339 195 
193 84 345 228 
40 30 301 60 
243 16 276 113 
24 166 182 79 
62 82 242 48 
236 94 310 173 
41 51 342 166 
22 59 144 216 
33 100 35 121 
153 26 163 112 
172 178 293 124 
67 214 295 159 
9 24 273 19 
117 215 326 248 
6 144 128 227 
103 104 150 52 
336 228 344 1 
13 204 134 195 
75 20 181 114 
21 78 32 193 
122 25 176 254 
156 59 265 45 
213 161 259 121 
285 237 354 60 
168 65 174 62 
31 25 57 207 
135 50 255 113 
3 157 160 235 
17 129 253 99 
46 57 289 61 
48 26 279 129 
320 247 358 6 
162 158 189 12 
229 56 247 17 
66 171 329 90 
228 91 234 216 
100 102 300 48 
99 195 190 248 
12 251 294 46 
45 81 324 215 
18 15 121 65 
171 159 246 159 
98 123 322 111 
47 78 204 76 
323 78 352 58 
148 55 263 160 
240 199 330 93 
91 107 200 119 
149 136 312 252 
222 43 333 176 
114 177 179 87 
92 208 183 13 
14 213 94 38 
93 155 249 51 
42 159 50 172 
208 207 232 63 
212 190 291 146 
131 201 238 175 
169 211 305 194 
34 15 353 67 
10 164 96 75 
282 160 351 176 
207 231 307 184 
264 176 335 76 
19 169 70 145 
106 106 258 207 
4 48 167 249 
39 214 214 119 
137 211 244 208 
118 230 306 158 
43 5 225 239 
7 199 97 187 
85 8 319 251 
314 111 315 15 
194 225 328 76 
116 230 286 2 
11 192 267 102 
29 100 202 155 
192 232 281 43 
69 41 257 253 
220 108 260 63 
83 99 219 220 
129 217 233 200 
235 99 261 130 
205 97 338 32 
84 148 277 6 
125 49 126 74 
102 42 246 50 
309 89 327 82 
215 253 337 79 
23 164 269 203 
81 108 146 31 
254 201 304 227 
185 72 334 168 
8 234 318 152 
161 23 340 159 
349 51 357 130 
154 11 187 135 
88 94 89 145 
173 214 270 121 
68 221 298 184 
231 42 350 252 
158 112 216 136 
15 181 113 178 
105 36 199 155 
145 48 280 116 
20 63 203 251 
217 121 288 227 
140 50 284 245 
36 57 361 113 
26 241 159 94 
275 134 346 110 
49 8 90 93 
119 163 250 50 
65 13 321 218 
143 213 188 136 
53 214 197 177 
2 240 151 186 
186 247 341 63 
262 137 274 232 
63 116 164 38 351 109 
130 216 311 205 348 26 
237 75 239 86 290 139 
54 242 196 227 245 181 
87 198 120 114 296 92 
58 139 175 104 364 24 
95 114 271 11 316 183 
123 22 142 5 157 237 
110 186 111 201 200 56 
27 31 211 10 264 237 
178 234 294 118 343 189 
64 245 139 105 332 168 
51 198 195 168 299 132 
38 30 56 214 256 227 
72 106 303 168 356 94 
147 72 184 161 230 210 
44 230 60 203 209 127 
5 182 66 118 168 90 
82 240 251 82 287 74 
71 228 185 254 280 161 
86 229 184 43 206 234 
52 122 99 200 133 16 
79 85 138 122 202 89 
16 80 36 144 176 106 
1 32 167 64 313 2 
120 255 132 214 155 50 
218 243 252 73 284 113 
182 158 256 197 257 4 
37 107 85 90 317 32 
5 30 49 198 275 68 
116 184 193 147 302 151 
28 125 146 242 170 123 
14 176 203 51 274 198 
32 131 126 201 303 41 
152 188 225 201 347 206 
114 236 247 251 345 247 
41 203 210 138 265 9 
100 1 144 181 227 14 
3 86 241 184 326 57 
298 190 309 137 322 131 
205 19 216 149 244 33 
23 156 228 20 306 127 
220 80 231 11 315 143 
39 34 131 216 314 120 
174 109 191 138 207 253 
111 7 215 62 321 26 
127 76 209 23 349 172 
102 57 229 213 296 33 
68 12 108 64 343 201 
240 253 259 56 318 80 
50 41 82 54 107 57 
171 172 270 148 350 112 
230 249 325 174 341 59 
55 52 290 231 352 214 
42 3 307 202 361 192 
97 11 175 25 263 33 
95 126 278 60 338 201 
99 102 304 12 305 80 
21 17 276 4 285 115 
44 20 150 110 181 101 
143 171 260 39 335 81 
10 57 148 180 249 102 
157 248 320 159 334 254 
61 242 160 95 262 84 
6 251 83 62 363 239 
75 191 217 26 279 16 
109 201 117 39 282 208 
7 248 92 101 93 228 
33 159 48 14 283 237 
19 23 35 6 245 136 
13 234 74 145 319 33 
65 89 145 35 221 68 
206 61 327 76 353 221 
132 236 189 186 267 74 
121 73 166 127 281 240 
34 80 122 83 223 241 
80 223 172 103 255 24 
62 44 147 198 299 62 
47 204 154 228 214 88 
22 198 53 102 78 89 
142 91 250 47 344 34 
29 222 219 117 233 244 
43 177 63 218 342 68 
25 237 196 209 313 135 
164 204 324 228 364 246 
4 2 159 122 291 215 
57 147 139 192 232 98 
165 156 179 178 199 52 
104 146 332 251 336 250 
180 231 197 208 286 19 
69 207 141 3 339 95 
238 124 337 14 360 57 
88 17 98 143 354 54 
12 10 113 142 169 3 
112 96 124 189 237 63 
156 17 163 244 316 200 
94 28 96 247 266 47 
125 35 204 249 248 132 
16 49 151 105 213 202 
24 84 222 62 239 245 
26 207 153 99 236 91 
268 110 277 51 330 133 
72 22 101 211 186 59 
212 67 226 215 261 49 
38 82 54 113 128 66 
187 161 201 128 235 62 
1 160 17 5 64 255 
135 23 251 103 355 235 
31 28 45 100 51 36 
129 43 149 10 183 215 
288 226 333 182 357 88 
60 30 273 187 331 20 
20 31 84 230 137 206 
110 9 161 84 359 107 
173 72 195 14 340 55 
70 52 162 15 329 210 
81 48 118 108 211 93 
71 252 89 62 310 6 
11 82 130 118 312 168 
56 225 58 179 140 150 
194 86 198 162 289 21 
67 154 242 177 311 119 
77 55 90 127 243 99 
224 92 300 244 323 249 
9 20 40 182 258 135 
46 197 293 254 308 164 
30 177 295 175 358 147 
76 182 102 99 297 74 
18 227 117 113 292 162 
73 50 133 16 224 93 
106 203 234 232 281 226 
15 102 103 122 119 42 
27 116 195 244 254 117 
252 225 301 44 304 32 
91 16 131 18 208 122 
86 161 134 97 149 5 
2 81 123 245 190 187 
105 177 178 92 348 42 
69 221 271 126 346 160 
115 141 158 66 192 85 
52 74 136 214 278 222 
154 4 272 244 356 28 
8 206 79 232 273 184 
96 237 177 143 253 114 
269 162 276 139 328 123 
27 35 59 103 207 205 
146 103 287 137 362 110 
87 24 166 2 362 46 
21 119 191 34 256 143 
114 65 124 31 188 149 
181 203 332 120 361 23 
94 15 252 187 323 245 
58 89 88 184 151 216 
249 172 300 7 350 19 
93 103 307 134 315 248 
64 59 73 37 144 104 
33 153 253 91 255 231 
80 96 153 236 167 7 
77 152 347 147 357 235 
11 249 184 78 241 140 
141 155 183 134 356 50 
34 12 57 75 246 117 
23 43 200 80 226 226 
142 227 235 81 279 229 
26 135 82 234 228 56 
258 224 312 13 351 81 
36 40 101 222 232 5 
51 210 108 49 333 195 
121 134 259 24 320 85 
120 58 269 105 310 180 
4 177 201 228 238 38 
208 129 262 218 342 7 
15 245 248 22 309 81 
30 69 172 167 174 118 
81 67 113 223 240 97 
44 255 46 140 196 227 
70 35 215 15 239 229 
97 175 180 110 219 161 
136 26 187 247 328 234 
53 161 155 237 358 37 
67 61 110 65 325 240 
288 102 291 116 303 18 
92 192 107 214 321 80 
190 158 225 129 257 166 
54 132 264 188 324 219 
56 195 85 10 222 120 
25 21 159 70 178 248 
202 190 263 101 305 90 
71 188 283 233 344 102 
137 141 199 249 346 202 
9 2 275 217 284 3 
83 19 216 187 243 23 
116 253 125 109 147 207 
118 169 162 54 327 26 
129 120 158 159 267 30 
251 187 266 115 329 222 
134 98 272 215 331 44 
205 149 209 48 285 12 
169 55 223 68 289 213 
17 176 171 111 274 90 
203 190 301 250 353 199 
50 43 84 68 345 252 
109 165 314 209 349 3 
7 216 8 14 254 62 
152 195 227 55 280 176 
5 221 311 117 334 59 
42 233 161 218 211 63 
217 38 233 145 330 219 
61 175 68 187 313 185 
123 222 165 250 295 90 
16 96 218 17 363 152 
213 115 297 223 352 102 
65 231 156 5 290 133 
12 220 189 232 339 237 
10 245 221 208 336 29 
59 159 128 169 237 245 
66 114 293 250 340 136 
24 195 163 161 270 212 
43 148 127 212 140 138 
2 160 31 107 322 197 
145 47 297 240 367 232 568 29 905 32 987 160 
92 16 286 42 449 255 580 236 878 240 1017 81 1100 160 
154 197 223 136 392 104 560 140 788 157 919 86 
21 250 246 33 458 125 705 43 827 48 966 2 1051 177 
31 235 278 2 439 170 549 186 898 182 910 30 1086 221 
71 189 319 176 427 80 681 81 775 144 945 251 
38 176 198 113 373 148 583 69 832 199 948 248 1084 216 
182 226 218 59 475 206 712 110 855 234 1023 206 1084 14 
45 247 220 46 506 197 697 158 773 24 1005 20 1071 2 
126 108 254 251 454 104 585 248 821 164 942 57 1095 245 
21 55 190 125 450 157 593 42 837 192 999 82 1040 249 
8 225 290 93 370 36 639 18 799 251 974 10 1094 220 
78 195 265 230 418 121 676 125 778 204 951 234 
100 194 295 17 505 78 600 222 813 213 913 176 
58 125 227 148 500 204 609 70 864 181 1012 102 1053 245 
129 80 250 25 402 205 604 50 904 80 979 49 1091 96 
53 60 221 237 415 230 621 221 789 129 987 5 1080 176 
161 88 237 125 522 79 548 115 801 15 1009 227 
2 84 350 87 480 92 677 219 825 169 950 23 
141 8 207 10 538 171 716 70 867 63 993 31 
122 52 202 237 537 217 679 19 780 78 939 17 1029 119 
116 78 244 67 446 49 683 168 768 59 960 198 
82 125 207 226 456 206 642 194 851 164 922 156 1043 43 
76 137 219 129 520 170 720 124 764 166 980 84 1098 195 
139 6 186 181 481 82 667 40 741 34 964 237 1067 21 
114 3 358 254 487 41 715 124 871 241 981 207 1045 135 
13 225 351 152 403 203 606 40 890 31 1013 116 1026 35 
89 50 347 57 508 85 636 45 726 114 912 125 
168 113 322 5 370 221 594 75 838 100 962 222 
57 53 302 105 472 200 675 34 744 61 1007 177 1054 69 
42 241 359 185 515 187 680 168 786 25 989 28 1100 107 
153 247 282 146 491 250 635 227 780 193 914 131 
157 41 198 247 436 58 622 19 769 100 949 159 1037 153 
110 254 257 175 365 105 669 155 820 15 956 80 1042 12 
35 217 306 93 491 243 601 194 769 121 950 6 
103 85 199 243 545 222 714 6 870 57 904 144 1047 40 
66 111 256 137 382 228 571 215 737 195 909 107 
22 151 213 28 522 111 587 31 894 30 985 82 
27 6 348 238 390 236 719 117 828 214 924 34 
23 117 186 137 417 229 672 89 762 30 1005 182 
144 117 312 71 513 46 578 188 767 51 917 203 
17 123 278 48 525 83 605 185 815 159 935 3 1087 233 
37 51 239 206 424 40 591 25 831 5 963 177 1099 148 
65 48 211 128 495 237 544 175 897 230 940 20 1056 255 
37 184 222 174 381 245 706 107 800 81 989 100 
137 4 285 151 473 19 703 130 790 57 1006 197 1056 140 
64 143 346 161 369 229 703 109 804 78 959 204 
46 152 236 106 518 139 648 62 791 26 949 14 
97 107 306 90 398 123 666 94 873 8 910 198 
111 60 224 122 523 202 557 16 815 172 931 41 1082 43 
124 173 240 49 477 248 667 146 893 198 989 36 1048 210 
170 209 252 74 453 11 652 154 902 122 1021 74 
158 66 315 242 455 212 720 62 877 214 960 102 1060 161 
164 159 337 216 391 220 700 50 884 242 985 113 1065 132 
118 79 312 199 399 90 622 6 749 36 934 52 
60 168 296 201 400 8 617 44 894 214 1000 225 1066 195 
107 54 361 126 414 81 721 225 786 207 967 147 1042 75 
50 16 261 107 378 92 645 179 886 139 1000 179 1033 89 
125 224 287 221 377 127 597 151 756 190 1026 103 1096 159 
73 75 300 188 454 31 614 212 897 203 992 30 
2 182 311 205 366 45 631 6 745 76 944 242 1089 175 
140 173 315 149 502 117 669 114 765 82 958 44 
55 70 210 5 372 191 601 144 881 116 963 218 
75 106 245 177 486 34 575 96 892 245 987 255 1036 59 
12 122 334 8 531 215 670 39 875 13 952 89 1093 231 
20 193 317 235 440 163 592 175 795 171 898 118 1097 114 
99 207 332 67 410 95 678 81 772 214 1002 154 1061 61 
48 186 259 100 497 142 690 75 861 221 929 12 1089 187 
113 141 193 41 432 154 563 223 840 41 971 207 1019 221 
86 243 185 169 501 224 558 125 825 145 996 52 1057 35 
138 158 286 165 365 173 579 197 900 228 998 252 1069 188 
34 43 317 246 379 51 708 210 895 106 983 22 
143 3 258 82 374 42 610 4 740 74 1010 50 1036 37 
74 190 354 133 425 195 639 171 739 182 951 145 
156 240 323 241 385 204 661 128 779 20 946 191 
108 201 331 164 433 127 586 183 757 190 1008 182 
182 241 266 72 402 126 553 98 719 111 1003 55 1039 152 
132 80 281 121 473 181 731 253 742 128 960 89 
164 238 332 159 531 19 710 102 903 85 1023 232 
161 127 255 22 453 247 564 78 755 206 957 223 1038 96 
97 57 251 158 527 191 543 204 852 108 997 48 1055 67 
1 217 320 156 483 207 540 79 899 240 931 54 1045 234 
126 24 255 250 447 104 646 214 842 99 945 62 1072 19 
32 149 350 120 385 152 619 161 846 148 993 230 1082 68 
85 195 232 224 447 187 653 39 833 8 909 90 1066 10 
59 53 335 202 487 41 638 10 901 229 1016 161 
179 150 330 89 378 91 647 206 885 198 1028 24 
63 231 277 12 414 217 671 202 859 94 973 17 1033 184 
5 186 283 219 373 109 690 35 859 145 998 62 
80 252 217 125 535 111 650 36 873 93 1003 127 
108 91 364 236 431 188 689 152 808 107 1015 16 
83 53 190 254 500 190 687 17 812 208 948 101 1063 192 
14 195 188 57 443 43 684 79 814 155 948 228 1035 103 
166 207 297 164 472 4 609 77 813 38 977 28 1032 15 
60 234 220 237 404 224 580 80 887 114 937 126 
25 214 342 125 529 132 605 217 821 75 977 247 1024 237 
17 84 353 227 448 175 701 53 832 187 936 11 1058 175 
142 98 339 207 386 119 641 130 803 123 973 143 
52 107 234 17 470 54 691 175 798 195 902 200 938 102 
70 70 201 104 485 119 589 150 797 102 918 1 
35 44 330 212 479 46 695 246 725 215 983 211 1047 222 
160 187 301 9 501 41 572 218 848 42 928 57 1008 99 
68 186 345 131 456 244 636 29 776 104 1012 122 
39 79 296 248 539 84 592 201 745 225 969 146 
104 190 230 197 440 7 653 107 865 36 1018 177 
84 25 294 192 532 98 730 226 826 106 1011 203 
6 248 264 188 505 178 595 253 755 84 931 57 1063 214 
176 249 183 31 411 14 530 233 760 110 929 64 1048 49 
127 93 342 48 533 154 683 3 743 65 947 201 1083 165 
167 14 356 126 507 61 571 113 889 186 994 9 1061 65 
65 159 236 103 401 149 729 33 889 201 926 7 
66 159 204 79 466 6 568 192 635 232 975 96 
39 247 324 19 479 202 561 163 864 178 974 142 1055 223 
136 46 361 236 368 90 697 189 811 177 916 236 1030 65 
174 132 318 84 371 155 608 101 733 212 1020 141 
168 32 292 241 458 78 657 158 836 230 911 184 1073 253 
83 208 196 54 537 246 710 137 774 215 947 39 1009 113 
118 51 314 241 423 126 718 49 830 230 997 108 1074 169 
23 109 360 80 514 180 574 114 874 163 1012 42 
154 116 230 6 461 51 624 167 885 114 906 255 1050 58 
4 14 270 54 416 125 707 228 801 65 955 73 1049 134 
146 180 313 117 548 207 620 87 781 25 956 83 
1 36 352 104 396 45 696 190 888 22 1017 245 1090 222 
152 111 353 30 547 25 567 241 758 28 975 189 1030 31 
46 220 294 133 442 208 608 24 847 49 978 35 1073 109 
158 13 283 77 517 136 600 150 847 74 914 201 
87 250 274 74 516 31 586 198 756 25 927 76 1099 212 
160 81 195 77 419 126 732 24 775 227 985 66 1096 169 
171 252 212 127 380 9 590 203 843 217 990 43 1075 120 
94 84 331 17 514 21 630 104 882 216 999 118 
68 158 209 76 441 132 648 212 818 201 924 216 1015 18 
110 145 247 3 519 75 691 205 906 214 954 236 
172 199 273 5 490 1 576 32 902 16 1010 16 
101 131 222 88 384 14 679 100 778 195 1016 97 1077 98 
24 148 204 241 437 27 735 119 787 50 988 23 
134 147 212 19 401 96 658 10 731 243 1021 214 1059 26 
130 208 233 201 413 91 634 106 829 211 993 206 1070 141 
54 29 197 247 366 173 554 167 747 103 903 122 
121 153 227 112 451 10 692 230 892 105 967 192 
10 98 343 234 527 238 642 202 869 50 1000 150 1099 138 
85 15 268 7 394 253 659 162 742 58 971 3 1041 155 
44 169 272 16 452 191 713 153 888 5 961 91 1044 227 
155 160 187 162 524 207 616 56 876 213 941 171 
77 200 248 220 511 208 686 84 768 216 918 181 1036 104 
142 60 237 178 422 200 696 36 866 48 952 35 
3 150 235 100 494 44 709 203 852 31 912 242 1027 103 
48 90 364 109 523 208 724 62 896 72 958 198 1073 207 
84 229 276 175 412 231 623 107 806 55 942 180 
15 213 270 148 539 72 657 123 809 136 990 10 1016 5 
54 104 299 197 541 250 557 77 776 52 940 110 
151 16 287 160 467 170 596 188 878 186 979 105 1033 216 
145 40 319 230 508 66 654 47 738 108 915 188 1085 195 
106 70 344 75 551 176 562 151 770 26 981 99 1038 236 
28 72 185 118 542 192 686 15 858 11 959 228 1022 4 
19 133 258 66 397 166 651 116 758 192 906 50 1060 237 
130 60 214 133 483 229 660 171 782 59 976 17 1093 5 
140 18 280 190 444 164 698 213 888 237 943 248 
38 250 356 26 446 237 620 245 863 112 1020 66 1075 159 
156 228 208 38 512 96 589 155 871 94 966 122 1067 70 
29 82 260 5 445 138 585 235 788 235 944 95 
144 225 252 44 498 15 722 34 856 23 994 84 1087 218 
92 103 187 159 518 47 688 182 793 158 996 15 1074 54 
49 48 323 208 430 233 684 117 770 112 976 244 1098 161 
36 61 318 31 457 160 611 62 881 38 965 204 
165 207 292 227 520 247 610 197 735 210 968 156 1090 250 
79 162 282 67 420 91 729 150 753 107 955 127 1028 2 
99 17 307 249 543 140 598 124 827 249 905 64 1038 7 
89 149 201 103 433 53 578 88 785 65 898 90 
131 21 253 198 408 124 706 196 819 211 974 3 1079 55 
178 108 249 219 381 14 659 11 754 111 912 123 
72 137 226 183 470 119 611 4 802 159 932 172 1080 111 
26 190 336 142 497 171 645 61 771 178 957 103 1054 167 
12 254 263 6 400 102 664 221 860 214 995 72 
95 178 223 125 532 106 634 96 785 62 925 109 1054 118 
173 117 231 170 389 40 656 151 886 104 936 25 
104 145 355 216 369 98 599 221 781 254 904 106 
106 14 293 104 478 242 682 142 759 70 1024 143 
30 149 276 123 502 178 576 196 891 234 1018 92 1067 248 
41 182 195 7 407 19 649 61 811 87 968 178 
11 51 210 202 504 130 704 167 732 231 970 231 1058 110 
169 67 316 252 461 204 643 41 779 114 940 101 1031 203 
117 210 184 208 377 77 687 116 764 79 908 158 
53 234 280 65 419 127 535 131 812 13 990 215 1041 134 
49 25 324 218 510 184 637 150 896 161 901 43 1040 78 
98 168 265 171 371 29 556 77 854 72 900 254 
180 190 273 53 416 120 628 178 879 247 983 59 
14 218 358 227 398 36 629 185 858 135 986 161 1059 247 
69 138 261 176 439 123 603 229 741 34 876 136 1030 149 
25 206 250 247 462 134 559 215 793 12 954 186 1094 232 
59 110 363 27 499 203 615 227 798 248 1017 187 1064 158 
33 204 216 235 424 38 577 254 747 173 925 138 1029 34 
52 224 295 111 423 117 577 44 839 232 1020 85 
103 77 303 142 494 123 640 213 761 84 911 147 
181 85 199 21 412 54 724 233 835 225 1001 86 
179 149 322 132 388 159 733 174 893 168 995 14 1013 244 
67 192 269 166 376 13 560 137 884 227 964 209 1056 227 
56 239 256 22 408 235 588 95 877 177 970 208 
31 63 192 38 507 16 673 147 740 43 1001 162 
135 224 299 164 489 9 590 160 865 155 968 52 1070 249 
62 234 327 221 474 155 705 16 808 119 889 56 1043 80 
105 242 339 135 536 11 700 239 749 225 986 128 1051 228 
47 90 288 160 435 147 613 9 838 155 903 89 1068 190 
136 65 349 127 477 66 623 150 867 251 913 51 1081 190 
72 83 203 196 391 45 702 133 804 76 978 249 
61 143 243 203 405 32 565 167 845 97 921 19 1078 149 
93 35 225 179 517 4 569 188 901 234 953 61 
107 67 360 2 510 171 702 248 823 231 925 253 1026 205 
123 137 288 84 404 197 655 200 816 207 1015 122 1052 129 
176 161 226 183 383 72 711 162 897 127 927 23 1078 48 
175 77 231 62 534 181 621 128 753 234 917 138 
26 2 211 228 469 96 588 122 890 10 997 93 1087 63 
36 244 321 103 443 126 509 92 817 190 984 67 
123 217 341 222 534 181 595 81 783 161 979 202 1092 115 
162 32 233 63 530 146 644 135 828 119 959 88 
109 237 305 249 429 240 649 51 850 253 926 62 1057 15 
155 181 221 155 459 130 685 149 863 136 921 149 1072 187 
143 207 206 179 427 24 599 107 868 121 946 26 1088 38 
177 219 203 57 482 81 616 82 754 65 907 243 1091 17 
45 178 363 30 387 195 558 176 842 220 962 117 1058 161 
32 178 359 190 409 64 723 42 841 108 923 80 
157 170 242 82 550 89 572 6 752 170 952 68 1095 208 
94 51 257 247 395 70 594 100 810 43 980 62 1066 120 
87 131 337 154 471 53 575 84 759 171 956 241 1079 68 
128 198 232 96 420 149 717 175 721 189 1004 92 1010 93 
105 85 194 15 442 114 614 3 831 239 915 201 1064 129 
121 145 262 113 480 8 566 211 750 83 984 215 1043 226 
80 95 205 109 467 238 587 120 744 117 918 14 1085 55 
7 41 189 79 496 162 631 114 796 91 922 20 1045 56 
172 81 184 168 434 84 591 27 794 56 928 213 
91 198 338 13 476 123 603 172 896 210 933 249 
149 139 267 22 478 93 699 10 862 42 923 11 
70 117 352 250 493 27 598 184 816 63 967 98 1047 5 
117 63 328 54 549 33 671 59 843 200 962 244 1088 145 
50 16 300 78 493 235 699 71 796 216 1011 232 
125 21 326 82 528 116 695 55 844 99 986 62 1044 81 
9 137 348 100 524 85 554 100 766 94 981 91 
81 172 188 231 544 232 714 245 883 75 975 63 1096 245 
169 243 357 4 498 187 638 123 818 175 972 124 1051 38 
16 158 189 85 372 207 676 98 883 86 980 245 1057 229 
44 45 310 99 445 183 584 19 807 199 930 253 1055 97 
64 215 349 212 469 225 650 76 751 114 919 184 1040 140 
40 179 298 28 485 216 565 168 765 48 1002 177 
4 224 235 87 515 42 556 149 763 16 1003 99 1072 23 
56 166 246 221 503 188 694 196 829 208 921 33 
166 45 335 2 459 21 573 251 884 181 950 136 
47 148 343 112 481 252 658 254 802 159 848 50 1042 117 
43 164 225 136 428 164 664 163 794 17 916 251 
90 133 311 175 533 214 717 215 734 192 978 132 1053 22 
20 183 209 148 540 88 718 219 814 51 942 102 1034 172 
19 208 253 23 465 230 566 139 874 50 961 47 
102 134 290 3 389 80 666 171 899 82 988 103 1076 187 
149 194 219 29 392 33 704 1 907 73 1014 225 1032 187 
33 79 281 5 512 37 640 40 789 99 1024 114 1037 91 
162 40 208 147 449 10 602 186 853 201 1013 117 1084 62 
178 174 263 98 444 15 619 55 787 113 957 24 1037 231 
147 8 254 222 397 99 644 85 894 227 908 197 1029 143 
115 129 240 65 521 45 668 215 840 253 908 4 1064 166 
148 207 351 145 464 173 725 254 826 207 1005 135 1046 224 
115 34 289 135 375 147 612 42 783 121 930 56 1049 24 
96 46 327 168 528 178 701 203 841 63 941 39 
77 6 325 174 541 8 625 191 844 130 984 49 
170 107 328 142 403 138 660 131 880 137 944 84 1052 218 
122 122 248 156 406 252 643 142 806 160 936 33 1068 101 
114 140 191 197 526 51 665 136 824 176 890 237 1065 188 
24 133 338 32 438 18 579 210 782 45 917 9 
10 135 200 59 390 71 624 108 736 34 977 47 1076 115 
109 145 224 60 466 38 570 217 837 102 954 74 1075 30 
27 62 264 71 405 26 673 176 752 69 982 110 
150 28 334 72 382 26 662 110 851 203 1025 162 1050 105 
57 99 275 16 448 55 641 150 860 121 932 148 1098 212 
112 175 191 108 436 91 574 255 887 11 1019 126 
43 208 238 32 503 78 584 193 738 62 1022 244 1077 215 
102 246 347 6 455 32 555 7 773 19 992 187 1023 184 
18 180 309 195 504 240 688 20 880 232 913 198 1080 90 
137 227 341 67 546 146 593 87 872 134 910 68 1071 217 
139 52 215 163 413 50 698 19 763 113 939 4 1025 139 
147 137 345 238 546 71 665 86 846 6 982 51 
120 56 241 132 386 41 716 105 746 41 937 60 1021 222 
16 37 183 71 368 231 675 248 791 129 946 16 1044 229 
134 52 229 178 529 207 561 85 866 116 900 161 1085 176 
159 198 269 220 525 95 728 21 839 43 955 240 1011 226 
159 143 271 231 486 79 661 196 822 160 947 208 
40 93 346 179 484 55 723 143 748 190 949 237 1069 233 
133 157 214 206 511 185 632 153 869 245 907 113 1071 3 
86 151 193 138 374 84 637 247 784 237 939 115 1078 12 
127 123 241 189 484 125 569 111 836 2 970 19 
180 90 284 241 471 147 734 62 899 74 1027 137 
98 45 267 161 538 7 573 185 868 227 991 226 1062 102 
29 190 275 114 379 247 630 157 790 61 1001 21 1079 213 
75 67 238 73 499 38 672 168 883 139 934 231 1093 133 
128 253 336 245 421 116 632 66 817 146 966 215 1062 116 
175 70 272 214 489 61 663 96 730 13 1009 162 
18 232 298 237 425 100 615 229 771 124 1006 254 1097 250 
7 57 285 90 509 98 712 47 799 46 891 118 
69 13 262 37 426 135 693 54 772 159 1007 175 1090 90 
181 173 333 249 396 28 685 85 885 92 928 33 
30 144 251 2 465 44 618 204 728 174 1008 74 1092 223 
165 247 216 19 462 189 629 129 861 184 920 190 
133 107 206 250 536 214 607 18 893 132 958 62 
174 18 196 23 417 185 604 73 797 48 1004 244 1034 7 
5 239 304 113 394 233 581 114 762 60 1014 44 1081 250 
173 65 271 156 422 18 711 166 737 143 911 151 
163 155 329 127 526 81 709 164 895 168 914 41 1062 18 
171 49 329 4 451 207 612 199 853 227 938 12 1014 32 
90 5 242 206 438 9 545 101 819 194 938 80 1068 90 
146 68 202 143 407 160 602 215 830 158 922 127 
22 227 243 48 437 177 633 196 823 184 935 202 1035 134 
101 222 245 98 441 232 633 204 727 188 1006 164 
34 104 279 233 551 137 618 66 849 89 920 137 1053 81 
120 223 321 52 429 158 597 86 766 173 998 6 1050 180 
150 153 320 197 521 129 559 206 882 205 1002 119 1086 117 
63 189 218 103 463 84 654 142 809 252 999 168 1046 13 
112 140 355 190 434 8 656 85 905 2 964 135 1089 185 
55 90 303 45 452 104 607 170 834 111 924 120 1083 209 
100 229 362 167 426 178 628 101 834 15 923 143 1035 248 
62 36 247 158 384 210 681 5 887 183 976 200 
148 85 301 42 375 11 727 17 746 54 909 32 
95 205 362 220 387 166 570 159 855 152 930 80 
51 223 215 185 399 211 626 159 833 251 951 33 
8 213 228 216 495 40 552 5 792 247 943 159 1049 85 
42 185 354 39 464 203 651 100 875 218 926 26 1063 80 
113 182 316 182 496 52 694 22 803 111 920 131 1100 197 
111 55 217 227 383 4 708 125 805 78 1004 249 1032 245 
88 126 302 24 393 153 652 5 800 215 965 228 1065 219 
73 139 277 29 415 118 582 78 736 38 933 174 1061 240 
3 215 192 171 395 136 674 34 774 248 919 57 
78 224 308 255 421 172 726 173 849 82 953 76 1074 26 
152 135 289 81 457 96 555 23 835 76 1025 123 1059 234 
88 135 259 62 409 220 613 100 795 90 996 210 1076 222 
91 179 274 219 406 64 680 170 807 93 982 133 1088 219 
151 192 333 150 492 66 563 47 748 133 992 20 1077 44 
6 6 308 32 492 23 627 181 892 168 969 251 1031 120 
96 28 314 201 468 91 582 219 810 176 991 182 1048 195 
13 246 200 49 428 102 689 226 854 168 943 254 1086 59 
41 61 229 253 460 151 627 37 824 76 941 81 
11 215 268 147 516 236 553 4 777 228 969 250 1095 29 
61 96 260 237 488 48 692 34 850 79 972 14 
79 105 239 85 547 212 682 199 845 32 937 201 
67 213 325 58 463 103 655 247 760 195 971 95 1094 237 
129 39 326 208 506 222 562 9 856 159 995 55 1097 136 
81 4 249 44 488 198 625 144 879 63 933 59 
58 84 304 75 519 100 542 50 767 166 963 68 1052 7 
51 180 310 98 460 181 678 100 891 189 929 201 
167 238 194 126 435 162 715 208 777 1 961 34 1069 102 
74 160 340 44 376 145 596 234 761 228 916 247 1082 252 
131 105 309 155 468 249 707 182 872 110 1019 160 1070 202 
76 1 313 193 431 221 677 54 739 123 915 206 1039 147 
153 211 340 5 482 60 722 100 882 26 1018 42 
135 110 307 179 418 153 583 69 857 51 927 172 1083 3 
15 113 305 220 513 1 668 20 862 252 932 112 1034 19 
141 87 228 245 476 200 646 35 822 176 881 109 1046 81 
119 233 244 166 432 231 693 105 805 58 934 214 1092 102 
119 49 266 39 393 90 663 48 820 67 953 221 1081 199 
132 53 284 66 367 184 606 203 784 60 973 54 
93 3 293 249 411 239 674 22 750 227 988 235 
124 252 197 248 474 112 564 166 895 94 1022 28 1041 50 
28 22 291 229 490 109 662 240 857 130 991 88 1039 235 
177 74 279 236 450 87 550 28 792 6 1007 147 1060 37 
163 193 213 151 475 77 647 200 743 219 994 107 
116 189 234 70 552 48 617 76 757 28 972 57 
9 33 291 175 388 202 626 227 870 113 935 192 1031 23 
82 220 205 248 430 76 581 19 713 30 1027 110 1028 46 
138 180 357 167 410 180 567 9 751 71 945 239 1091 152 
71 182 344 185 380 69 670 144 886 24 965 246 
