1040 304 256
3 9
2 2 2 2 2 2 2 2 2 2 2 2 2 2 2 2 2 2 2 2 2 2 2 2 2 2 2 2 2 2 2 2 2 2 2 2 2 2 2 2 2 2 2 2 2 2 2 2 2 2 2 2 2 2 2 2 2 2 2 2 2 2 2 2 2 2 2 2 2 2 2 2 2 2 2 2 2 2 2 2 2 2 2 2 2 2 2 2 2 2 2 2 2 2 2 2 2 2 2 2 2 2 2 2 2 2 2 2 2 2 2 2 2 2 2 2 2 2 2 2 2 2 2 2 2 2 2 2 2 2 2 2 2 2 2 2 2 2 2 2 2 2 2 2 2 2 2 2 2 2 2 2 2 2 2 2 2 2 2 2 2 2 2 2 2 2 2 2 2 2 2 2 2 2 2 2 2 2 2 2 2 2 2 2 2 2 2 2 2 2 2 2 2 2 2 2 2 2 2 2 2 2 2 2 2 2 2 2 2 2 2 2 2 2 2 2 2 2 2 2 2 2 2 2 2 2 2 2 2 2 2 2 2 2 2 2 2 2 2 2 2 2 2 2 2 2 2 2 2 2 2 2 2 2 2 2 2 2 2 2 2 2 2 2 2 2 2 2 2 2 2 2 2 2 2 2 2 2 2 2 2 2 2 2 2 2 2 2 2 2 2 2 2 2 2 2 2 2 2 2 2 2 2 2 2 2 2 2 2 2 2 2 2 2 2 2 2 2 2 2 2 2 2 2 2 2 2 2 2 2 2 2 2 2 2 2 2 2 2 2 2 2 2 2 2 2 2 2 2 2 2 2 2 2 2 2 2 2 2 2 2 2 2 2 2 2 2 2 2 2 2 2 2 2 2 2 2 2 2 2 2 2 2 2 2 2 2 2 2 2 2 2 2 2 2 2 2 2 2 2 2 2 2 2 2 2 2 2 2 2 2 2 2 2 2 2 2 2 2 2 2 2 2 2 2 2 2 2 2 2 2 2 2 2 2 2 2 2 2 2 2 2 2 2 2 2 2 2 2 2 2 2 2 2 2 2 2 2 2 2 2 2 2 2 2 2 2 2 2 2 2 2 2 2 2 2 2 2 2 2 2 2 2 2 2 2 2 2 2 2 2 2 2 2 2 2 2 2 2 2 2 2 2 2 2 2 2 2 2 2 2 2 2 2 2 2 2 2 2 2 2 2 2 2 2 2 2 2 2 2 2 2 2 2 2 2 2 2 2 2 2 2 2 2 2 2 2 2 2 2 2 2 2 2 2 2 2 2 2 2 2 2 2 2 2 2 2 2 2 2 2 2 2 2 2 2 2 2 2 2 2 2 2 2 2 2 2 2 2 2 2 2 2 2 2 2 2 2 2 2 2 2 2 2 2 2 2 2 2 2 2 2 2 2 2 2 2 2 2 2 2 2 2 2 2 2 2 2 2 2 2 2 2 2 2 2 2 2 2 2 2 2 2 2 2 2 2 2 2 2 2 2 2 2 2 2 2 2 2 2 2 2 2 2 2 2 2 2 2 2 2 2 2 2 2 2 2 2 2 2 2 2 2 2 2 2 2 2 2 2 2 2 2 2 2 2 2 2 2 2 2 2 2 2 2 2 2 2 2 2 2 2 2 2 2 2 2 2 2 2 2 2 2 2 2 2 2 2 2 2 2 2 2 2 2 2 2 2 2 2 2 2 2 2 2 2 2 2 2 2 2 2 2 2 2 2 2 2 2 2 2 2 2 2 2 2 2 2 2 2 2 2 2 2 2 2 2 2 2 2 2 2 2 2 2 2 2 2 2 2 2 2 2 2 2 2 2 2 2 2 2 2 2 2 2 2 2 2 2 2 2 2 2 2 2 2 2 2 2 2 2 2 2 2 2 2 2 2 2 2 2 2 3 3 3 3 3 3 3 3 3 3 3 3 3 3 3 3 3 3 3 3 3 3 3 3 3 3 3 3 3 3 3 3 3 3 3 3 3 3 3 3 3 3 3 3 3 3 3 3 3 3 3 3 3 3 3 3 3 3 3 3 3 3 3 3 3 3 3 3 3 3 3 3 3 3 3 3 3 3 3 3 3 3 3 3 3 3 3 3 3 3 3 3 3 3 3 3 3 3 3 3 3 3 3 3 3 3 3 3 3 3 3 3 3 3 3 3 3 3 3 3 3 3 3 3 3 3 3 3 3 3 3 3 3 3 3 3 3 3 3 3 3 3 3 3 3 3 3 3 3 3 3 3 3 3 3 3 3 3 3 3 3 3 3 3 3 3 3 3 3 3 3 3 3 3 3 3 3 3 3 3 3 3 3 3 3 3 3 3 3 3 3 3 3 3 3 3 3 3 3 3 3 3 3 3 3 3 3 3 
8 7 8 8 8 7 7 7 8 8 8 7 8 8 7 8 8 7 7 8 8 8 8 8 7 7 8 7 8 7 7 7 7 9 8 8 7 7 7 7 8 7 8 7 7 7 8 8 8 8 8 8 7 7 8 8 7 8 7 7 7 8 8 8 7 7 8 7 7 8 8 7 7 8 7 8 8 8 7 7 7 8 8 7 7 8 8 8 8 8 7 7 8 8 7 7 7 8 8 8 7 7 7 8 7 8 8 7 7 7 8 8 8 8 7 8 8 7 8 7 7 7 7 8 8 7 7 7 7 8 8 8 7 8 7 7 8 8 8 8 8 8 7 7 8 7 7 7 7 7 7 8 8 7 7 8 8 7 7 8 8 7 7 8 7 8 8 7 7 8 7 8 7 8 7 8 8 7 7 7 8 8 8 8 7 7 7 7 7 8 7 7 8 8 7 8 8 8 8 7 8 8 8 7 7 7 8 7 8 8 8 7 7 7 7 8 8 8 8 7 8 8 7 7 7 8 7 7 8 8 7 7 7 7 7 7 8 7 7 8 8 8 7 8 7 8 8 8 7 8 8 7 8 7 8 8 8 8 8 8 8 7 7 7 8 7 8 7 8 7 7 8 7 8 7 7 7 8 7 8 8 7 8 8 8 7 8 8 8 8 8 7 7 7 8 7 8 7 8 8 8 8 7 8 
200 182 258 122 
108 145 237 47 
4 37 56 173 
27 48 101 208 
93 68 156 149 
120 44 286 65 
49 3 238 18 
55 245 246 227 
144 149 172 191 
111 177 115 28 
78 87 119 235 
203 189 297 161 
61 225 157 56 
32 90 272 238 
113 130 141 140 
19 45 261 130 
86 214 279 91 
18 84 190 17 
176 177 207 173 
12 7 103 157 
88 51 284 93 
102 226 244 68 
175 17 225 101 
6 208 134 98 
10 114 240 141 
212 12 300 181 
184 165 236 195 
85 45 227 171 
137 126 213 59 
45 128 130 107 
60 107 166 227 
219 197 230 65 
216 117 224 78 
198 205 274 41 
100 25 149 76 
38 13 294 232 
46 55 64 46 
22 243 250 182 
151 192 182 175 
112 158 209 104 
264 162 276 128 
273 128 291 71 
2 212 15 179 
135 6 265 26 
97 217 133 158 
214 210 288 254 
161 64 287 120 
8 92 249 78 
82 116 262 115 
164 191 259 62 
138 250 255 142 
69 160 99 94 
20 127 41 59 
174 152 277 254 
206 11 231 138 
125 112 293 67 
106 24 223 87 
65 10 163 67 
74 111 218 55 
90 62 127 189 
104 154 222 200 
13 48 136 240 
186 181 217 248 
37 57 63 44 
11 103 89 151 
25 132 59 131 
1 52 192 126 
123 235 247 254 
79 81 84 242 
58 77 215 148 
75 193 179 187 
171 80 289 235 
269 95 303 175 
148 75 290 55 
24 38 39 203 
122 164 170 86 
281 89 283 181 
53 124 248 150 
124 162 275 60 
142 63 160 113 
83 155 189 173 
51 239 280 121 
208 87 251 40 
152 186 296 119 
34 122 252 68 
197 9 282 250 
91 188 254 106 
194 123 292 148 
43 168 165 221 
234 92 302 7 
193 196 267 254 
80 231 204 190 
73 77 177 202 
77 71 147 233 
210 64 211 16 
42 42 114 106 
7 88 30 102 
178 249 271 243 
3 101 181 107 
28 31 62 183 
31 23 48 25 
26 89 44 208 
16 15 92 79 
226 116 285 41 
72 167 180 30 
66 89 132 198 
68 15 70 148 
153 174 270 192 
67 103 239 212 
87 106 253 174 
154 10 301 208 
54 25 278 206 
126 181 143 141 
47 139 118 23 
57 157 241 239 
131 31 242 178 
140 199 167 28 
5 9 145 7 
96 154 199 134 
117 158 187 25 
173 81 233 153 
105 223 169 157 
150 242 268 174 
257 136 260 203 
220 1 299 164 
9 63 304 67 
129 104 158 62 
29 89 228 211 
159 13 201 16 
191 141 205 25 
23 191 168 168 
107 105 110 6 
109 9 196 91 
162 70 185 255 
116 14 245 164 
146 146 235 169 
76 158 256 241 
33 116 40 92 
21 67 50 146 
232 185 298 113 
52 118 221 250 
14 67 36 137 
81 247 266 237 
17 243 155 32 
263 67 295 65 
121 252 128 34 
94 85 188 68 
202 98 243 148 
71 248 183 14 
139 69 195 255 
95 51 229 82 
35 78 98 252 
35 140 111 83 
94 234 240 227 
197 236 223 200 
158 234 257 141 
116 61 188 163 
163 115 183 8 
113 90 224 198 
37 173 110 112 
249 194 275 72 
5 87 103 159 
10 142 261 215 
232 2 287 241 
147 213 295 218 
168 178 199 225 
274 148 297 62 
8 220 173 123 
46 250 219 77 
17 147 160 14 
14 218 149 124 
64 32 141 68 
18 193 200 149 
15 165 262 215 
151 27 194 113 
175 147 269 60 
58 118 63 158 
43 172 251 154 
225 90 272 136 
51 57 126 73 
179 102 190 56 
88 202 237 182 
115 42 301 233 
65 174 238 158 
136 56 256 23 
206 126 243 152 
72 20 228 3 
282 46 303 18 
144 65 267 57 
2 83 6 145 
31 188 235 203 
164 57 213 200 
4 212 71 203 
40 183 189 121 
9 23 285 174 
109 136 304 119 
172 193 271 43 
139 6 250 24 
24 196 133 11 
93 64 278 7 
193 9 270 51 
74 84 76 148 
117 95 159 224 
118 211 222 229 
81 128 100 162 
107 219 284 232 
70 253 142 239 
62 163 157 97 
87 145 161 129 
146 117 152 48 
217 12 279 51 
241 110 273 131 
67 19 129 171 
25 142 85 34 
127 16 135 218 
283 108 298 177 
177 33 181 69 
34 227 114 107 
59 72 289 34 
49 183 101 168 
128 64 191 105 
82 60 123 22 
208 66 268 120 
28 202 30 157 
7 121 280 80 
106 174 130 228 
54 18 178 156 
12 230 205 198 
57 120 140 161 
60 196 214 138 
170 29 229 117 
121 101 165 72 
176 243 226 219 
86 179 242 118 
26 15 148 211 
120 255 276 131 
131 136 291 202 
73 130 119 45 
154 252 260 238 
125 60 174 6 
69 158 77 201 
55 166 186 156 
253 12 255 118 
203 70 300 233 
210 212 296 87 
95 231 234 191 
19 229 233 223 
97 136 98 162 
38 164 299 222 
108 91 122 248 
132 145 236 219 
184 41 202 188 
13 168 105 198 
187 65 290 228 
277 19 281 58 
162 247 221 196 
3 198 246 109 
32 1 218 46 
21 74 48 93 
1 16 143 190 
145 39 254 32 
44 90 68 181 
23 199 56 191 
138 128 153 48 
96 154 150 70 
90 178 192 62 
220 251 302 94 
92 249 195 208 
99 235 102 75 
134 226 230 122 
89 44 207 137 
36 128 259 115 
47 94 288 170 
66 25 293 155 
79 46 248 75 
91 77 244 241 
61 28 104 141 
75 221 294 97 
20 161 211 215 
33 117 171 61 
167 133 227 21 
180 47 286 214 
265 195 292 250 
83 21 155 21 
27 214 245 67 
124 50 215 13 
156 114 182 178 
39 192 52 53 
22 3 252 239 
84 79 209 229 
29 251 198 65 
41 155 78 59 
166 80 216 84 
239 40 263 220 
50 18 112 240 
53 82 266 18 
42 118 231 30 
80 200 137 35 
11 224 204 66 
45 38 196 35 
212 181 247 39 
169 145 185 74 
16 89 258 234 
201 105 264 97 
13 242 90 210 
58 47 106 109 
142 245 183 96 
146 123 239 62 
242 160 243 121 
216 113 279 143 
176 241 224 157 
201 188 209 117 
267 111 296 141 
29 234 220 82 
121 182 204 207 
143 144 160 59 
41 144 240 135 
57 76 111 254 
66 124 187 65 
52 36 198 87 
200 224 261 2 
127 197 254 36 
161 162 191 51 
248 39 303 177 
149 15 289 94 
6 211 31 51 
107 236 280 15 
22 249 135 79 
24 97 268 233 
5 139 177 60 
46 117 169 158 
27 97 175 72 
9 75 54 245 
43 64 249 153 
104 155 264 165 
12 72 112 140 
122 237 132 106 
212 233 304 69 
154 125 272 227 
97 242 148 215 
151 250 227 129 
70 44 270 215 
42 198 144 242 
95 157 194 251 
44 83 246 62 
238 112 299 76 
126 139 137 243 
168 223 288 153 
215 35 295 161 
100 25 203 153 
55 71 223 1 
61 133 271 32 
28 60 190 36 
173 164 182 231 
67 123 228 146 
232 133 241 252 
195 147 199 172 
286 112 291 96 
99 140 174 173 
82 8 139 212 
18 236 281 160 
76 63 275 48 
131 114 189 154 
262 94 284 84 
19 191 21 108 
36 254 118 205 
170 48 255 162 
10 78 155 159 
266 251 283 189 
116 90 141 46 
252 111 290 188 
124 32 222 50 
225 109 231 104 
178 23 244 195 
75 36 186 253 
25 188 210 103 
184 45 297 134 
130 181 140 134 
20 165 133 194 
23 223 257 163 
49 234 165 197 
89 81 258 167 
213 147 282 242 
40 31 77 58 
230 158 259 132 
63 222 94 219 
4 145 93 170 
162 104 278 121 
226 250 301 110 
164 20 229 240 
103 89 171 40 
73 61 302 158 
7 240 260 95 
45 20 293 35 
56 164 197 106 
48 222 196 244 
208 162 277 153 
180 160 237 226 
81 235 136 24 
101 208 247 238 
152 206 166 11 
32 27 50 177 
138 204 285 218 
91 224 129 76 
65 78 159 147 
219 179 273 47 
74 246 108 54 
86 82 292 180 
59 217 88 187 
2 62 3 36 
8 53 114 222 
84 33 221 44 
64 255 96 190 
83 24 123 37 
62 97 167 121 
163 4 298 179 
37 208 274 119 
105 236 294 118 
11 84 26 172 
68 9 72 25 
98 155 256 119 
47 38 206 224 
17 152 115 114 
60 5 287 71 
120 252 156 216 
147 223 253 185 
51 17 125 102 
188 211 244 104 
34 193 134 10 
1 28 276 80 
110 2 153 77 
56 160 211 239 
179 170 205 207 
15 48 79 194 
102 210 218 212 
181 220 251 73 
78 121 87 44 
128 102 265 46 
71 20 184 191 
33 141 207 136 
53 25 263 113 
28 124 202 141 
80 212 172 246 
157 49 250 181 
150 121 270 231 
39 70 192 60 
145 231 236 207 
38 155 69 63 
85 131 245 87 
113 9 117 100 
158 158 233 147 
214 91 300 255 
92 236 217 86 
35 38 234 68 
14 248 70 136 
16 250 269 157 
38 23 193 211 
30 22 235 176 
119 62 185 76 
109 132 302 127 
6 15 183 161 
7 54 119 205 
129 53 159 121 
39 66 225 40 
189 203 282 254 
57 49 127 157 
108 29 258 127 
48 122 222 197 
114 217 197 225 
224 229 249 87 
74 199 232 199 
160 228 295 138 
257 205 273 102 
126 232 300 27 
27 97 68 108 
46 123 236 234 
86 226 125 155 
199 89 234 245 
255 187 264 251 
176 167 297 49 
66 204 271 112 
218 194 223 211 
149 98 178 208 
163 193 194 180 
135 16 200 120 
246 175 253 164 
209 14 211 245 
122 206 146 156 
123 78 205 189 
29 51 191 38 
34 64 103 53 
26 115 93 255 
73 163 266 194 
97 154 179 91 
107 255 148 52 
24 234 40 190 
43 173 240 80 
1 94 195 181 
69 156 167 62 
37 152 151 171 
62 188 248 128 
9 234 18 25 
213 11 254 214 
91 18 262 159 
215 220 265 150 
5 45 279 71 
3 137 206 158 
150 30 239 8 
89 154 118 147 
131 2 136 69 
60 121 79 120 
67 102 227 212 
116 199 280 140 
82 173 275 126 
109 239 210 205 
85 143 256 71 
121 91 235 217 
17 165 162 188 
42 62 281 235 
155 159 187 218 
250 69 298 248 
288 100 294 33 
55 63 198 182 
16 200 185 77 
188 48 286 159 
14 166 260 62 
196 39 287 48 
36 184 98 68 
64 37 272 137 
231 100 237 13 
22 72 25 78 
80 174 216 145 
174 78 259 175 
78 194 172 28 
59 207 204 67 
120 64 171 247 
19 5 137 155 
88 165 147 64 
214 254 290 196 
202 72 233 113 
201 212 277 30 
238 155 301 96 
142 23 166 125 
165 243 241 212 
15 218 220 5 
44 45 112 75 
30 252 192 146 
52 149 229 161 
170 53 245 163 
23 193 61 149 
141 50 304 110 
47 238 94 115 
158 92 269 30 
53 20 207 135 
45 163 175 48 
65 58 106 74 
10 105 96 147 
75 141 263 114 
164 52 287 59 
154 55 156 37 
105 62 284 46 
143 254 219 158 
153 198 243 139 
32 193 203 41 
4 34 13 179 
49 64 217 147 
111 11 144 9 
104 68 169 148 
221 28 242 190 
92 53 267 63 
161 140 268 107 
20 236 100 208 
152 89 291 161 
115 57 181 199 
261 138 299 86 
139 143 285 2 
84 80 121 20 
157 117 180 127 
110 85 230 182 
133 41 292 71 
54 171 134 100 
81 123 173 143 
11 47 130 241 
33 69 51 249 
145 13 278 234 
2 200 113 46 
251 199 303 125 
58 241 296 20 
76 110 193 3 
177 157 227 116 
63 16 247 184 
31 152 77 87 
50 156 95 203 
8 142 293 149 
12 70 138 249 
83 153 182 146 
35 131 184 198 
6 185 41 88 
212 238 237 87 
140 48 276 152 
289 156 299 113 
101 131 266 72 
71 173 208 227 
52 213 124 20 
21 72 286 48 
72 203 90 67 
99 28 226 166 
132 190 186 237 
168 191 283 105 
252 95 274 157 
51 168 228 113 
102 61 128 17 
117 6 190 8 
87 213 91 180 
25 176 154 163 
13 23 80 225 
221 233 250 65 
92 172 228 79 
64 253 205 130 
143 47 281 214 
103 52 108 247 
38 215 225 51 
260 228 275 221 
82 118 111 209 
187 156 253 58 
57 15 173 210 
96 232 124 47 
27 49 297 155 
201 9 274 135 
97 253 180 166 
257 200 268 185 
123 120 259 102 
17 110 133 93 
65 106 185 205 
26 229 303 233 
127 106 176 101 
209 93 280 231 
141 53 213 168 
93 200 125 57 
10 86 279 253 
24 78 132 89 
163 61 300 29 
16 221 149 62 
36 230 55 166 
7 91 261 21 
160 200 244 177 
61 70 110 37 
206 132 254 154 
177 63 214 225 
145 251 247 207 
8 48 79 95 
150 2 252 110 
112 40 167 1 
46 79 248 213 
134 155 215 85 
135 110 186 22 
136 210 196 19 
140 122 242 147 
5 202 48 130 
255 252 273 72 
33 216 58 3 
56 236 190 95 
193 119 194 81 
77 235 283 18 
15 202 276 116 
142 133 302 116 
70 91 117 39 
9 172 239 185 
62 152 217 65 
45 90 263 61 
42 12 116 59 
204 113 270 44 
102 34 290 204 
12 64 81 208 
23 170 171 69 
78 3 120 88 
43 70 105 71 
89 20 183 117 
68 81 262 23 
28 91 164 128 
158 23 212 133 
207 29 229 48 
131 78 272 73 
100 207 146 37 
67 203 232 253 
109 213 246 69 
63 237 192 29 
188 229 238 198 
75 239 156 125 
95 31 178 97 
106 212 138 200 
181 209 291 71 
29 47 271 131 
30 112 246 212 
32 181 147 77 
19 6 139 199 
37 214 87 202 
18 216 165 78 
251 152 271 41 
137 38 296 52 
169 57 210 228 
189 10 234 206 
14 244 40 105 
129 103 288 164 
47 131 293 131 
76 83 278 27 
101 254 197 33 
216 239 223 10 
175 226 230 87 
73 67 265 83 
164 219 240 48 
99 37 152 220 
50 99 249 80 
86 187 88 88 
287 115 301 57 
72 255 264 94 
222 80 282 29 
128 186 231 7 
182 235 258 215 
218 253 243 254 
94 189 191 55 
2 72 267 60 
199 60 203 254 
11 71 304 48 
71 143 104 34 
90 6 155 38 
277 201 289 112 
44 148 298 82 
118 132 241 210 
39 143 166 43 
220 255 256 207 
66 13 98 103 
59 187 219 86 
269 60 292 207 
4 118 122 53 
224 239 235 37 
1 184 148 17 
107 143 115 249 
144 248 263 3 
136 141 159 76 
153 207 211 13 
3 236 69 202 
168 69 202 94 
161 35 294 201 
151 211 162 8 
233 172 295 248 
22 95 53 222 
74 146 192 197 
83 12 208 249 
60 225 200 244 
126 43 130 83 
85 113 172 81 
54 79 245 146 
21 92 284 46 
20 162 198 61 
113 46 250 223 
174 8 236 111 
41 138 157 156 
114 134 119 226 
31 232 195 227 
35 61 84 142 
285 53 292 241 
34 77 226 252 
170 6 179 207 
32 73 49 160 
3 125 23 28 
63 19 71 138 
191 217 210 38 
49 149 150 114 
34 80 121 9 
216 43 241 235 
1 209 238 54 
262 76 300 109 
14 252 62 116 
106 45 181 112 
44 17 128 35 
127 107 211 138 
99 109 303 225 
160 159 176 176 
113 145 161 229 
80 215 188 52 
130 149 184 223 
47 109 162 118 
101 138 194 19 
129 112 229 86 
8 196 289 33 
200 70 247 222 
132 177 199 45 
98 122 103 73 
29 247 182 147 
41 157 233 180 
2 80 83 62 
141 98 293 219 
112 171 268 253 
20 22 284 108 
115 18 235 151 
279 30 304 220 
56 159 301 183 
21 227 252 246 
178 56 202 118 
78 172 174 45 
5 192 281 244 
64 117 177 23 
139 103 218 154 
201 86 240 164 
111 173 169 105 
102 154 196 187 
180 73 193 52 
13 102 260 167 
16 83 290 229 
179 45 254 232 
53 138 155 115 
157 52 166 113 
9 206 90 47 
217 215 256 29 
84 239 295 6 
48 104 257 61 
149 186 226 74 
19 236 36 161 
42 85 93 254 
59 200 222 55 
46 101 100 84 
35 160 156 122 
73 254 267 230 
4 244 227 80 
77 23 278 54 
114 143 255 132 
95 61 276 34 
120 71 153 246 
31 92 248 94 
163 79 259 35 
87 71 108 225 
18 135 175 165 234 53 
118 160 193 1 280 64 
68 230 131 156 261 110 
31 64 116 88 242 68 
123 69 168 64 204 33 
55 237 208 112 245 177 
82 164 152 199 274 119 
24 245 107 133 266 200 
12 27 60 167 144 235 
69 209 159 8 219 195 
85 208 236 248 270 11 
158 193 220 29 297 201 
137 44 225 219 264 218 
143 180 161 92 243 97 
39 204 43 192 171 106 
15 64 223 11 239 23 
88 68 291 46 302 133 
148 248 221 55 296 21 
25 40 51 199 197 60 
122 204 215 241 299 76 
6 22 154 143 187 41 
124 188 167 248 212 83 
37 215 125 102 165 80 
54 185 214 108 282 35 
52 235 81 240 183 177 
7 199 203 199 251 255 
117 226 237 148 285 59 
27 107 74 12 169 163 
26 143 40 177 172 99 
92 135 110 162 231 86 
61 251 140 6 145 181 
66 58 119 155 232 207 
28 29 91 128 272 193 
10 163 147 184 228 235 
138 19 189 207 298 248 
50 108 142 12 186 191 
109 221 258 166 288 58 
58 44 67 192 190 110 
86 137 146 176 205 81 
22 218 38 231 185 148 
206 153 249 134 283 60 
89 185 114 118 133 184 
70 123 94 122 195 243 
170 190 200 152 244 168 
65 15 207 206 275 182 
30 88 105 140 134 68 
97 214 224 113 277 51 
57 43 96 7 303 30 
72 219 151 123 202 101 
17 231 213 253 294 73 
184 72 230 238 253 201 
45 44 198 220 286 214 
104 104 173 67 188 135 
33 59 75 78 102 29 
126 226 135 210 257 119 
171 120 209 168 269 97 
79 38 115 34 237 72 
11 23 76 245 273 159 
164 184 224 239 265 208 
213 170 226 154 256 234 
55 97 173 204 296 177 
43 8 48 100 267 78 
26 118 159 62 247 201 
78 239 121 60 124 85 
38 246 93 101 176 125 
17 125 18 245 59 197 
112 4 180 129 195 225 
139 108 154 242 208 204 
39 33 47 255 140 155 
20 14 72 186 99 39 
239 244 271 113 273 208 
182 243 232 69 262 17 
69 62 191 70 245 184 
34 143 243 92 260 220 
1 22 60 123 254 223 
5 135 70 232 229 185 
156 146 203 147 206 95 
127 249 218 22 227 71 
32 85 134 28 258 144 
77 211 98 32 126 116 
84 142 194 200 284 194 
54 138 130 137 199 217 
94 181 135 132 272 60 
86 90 249 118 264 253 
3 114 9 200 240 82 
17 45 44 131 158 195 
113 232 197 217 299 202 
185 105 230 62 279 250 
75 31 165 48 211 228 
116 91 192 53 220 148 
2 244 13 36 178 189 
68 80 248 188 277 134 
19 252 91 242 100 71 
25 95 36 95 73 197 
129 217 138 72 278 121 
7 182 196 246 292 88 
23 61 131 172 216 10 
63 108 275 204 294 60 
205 130 241 131 252 190 
122 71 143 168 304 126 
153 91 166 12 212 218 
119 156 147 247 268 179 
57 139 109 59 201 30 
50 179 61 2 133 200 
190 27 251 216 266 91 
42 51 167 96 179 30 
74 175 81 252 282 32 
144 197 151 9 246 172 
40 67 152 108 238 31 
76 111 177 140 242 46 
28 238 111 205 286 202 
80 49 107 211 293 196 
157 70 259 92 290 220 
149 247 150 224 181 194 
65 78 79 206 186 107 
4 246 41 46 175 131 
46 60 51 24 298 140 
209 245 223 203 283 77 
53 182 125 173 301 189 
96 82 244 123 285 72 
104 66 106 141 123 163 
29 53 250 212 270 230 
64 18 71 202 172 103 
27 179 58 206 88 251 
11 61 174 138 225 122 
10 3 56 45 142 81 
12 62 16 178 132 49 
67 156 120 148 160 221 
8 92 30 245 189 27 
24 77 219 222 261 65 
15 180 97 147 253 63 
37 106 136 127 300 51 
183 181 231 108 289 219 
14 219 45 107 235 60 
21 111 162 193 215 165 
22 74 145 6 234 21 
92 225 204 3 297 241 
105 35 170 155 233 234 
103 94 163 169 291 224 
82 160 90 55 128 132 
146 211 214 188 280 33 
49 129 187 167 265 22 
108 13 217 201 276 7 
148 24 222 33 263 237 
35 187 288 70 289 15 
62 252 83 179 137 133 
66 240 210 195 281 243 
89 179 287 204 295 36 
3 240 207 228 236 70 
117 27 118 247 297 231 
33 138 141 170 255 82 
168 179 198 100 248 24 
52 13 85 215 155 20 
34 32 95 204 228 146 
87 254 104 62 269 63 
110 105 207 148 302 205 
6 90 261 110 274 150 
13 118 101 215 138 127 
56 180 87 11 221 195 
29 98 107 222 164 67 
49 226 202 223 280 214 
22 19 43 20 237 187 
141 106 260 7 295 182 
9 88 119 46 137 205 
170 41 222 126 283 225 
21 130 117 135 125 107 
99 105 183 189 257 124 
210 142 216 121 285 67 
116 236 132 222 198 152 
4 74 47 218 291 190 
93 69 166 211 253 76 
50 133 78 62 181 44 
5 234 41 1 51 88 
14 172 74 83 201 130 
36 209 86 71 199 47 
111 110 255 165 256 43 
177 144 184 114 269 167 
139 89 140 9 287 177 
160 210 229 17 251 10 
130 192 142 27 182 67 
71 185 153 124 265 166 
16 104 124 221 131 247 
194 250 219 3 301 166 
76 211 190 225 299 44 
161 54 290 149 302 115 
83 67 152 47 211 75 
24 39 35 206 218 165 
88 47 172 1 258 166 
23 17 63 236 100 190 
156 159 242 84 246 170 
20 2 113 153 217 68 
70 88 90 82 288 125 
106 246 267 185 272 94 
157 47 274 14 278 19 
176 3 196 150 221 80 
230 4 240 149 300 96 
58 78 112 71 226 239 
34 68 55 28 247 115 
11 156 209 231 244 182 
94 74 114 2 304 122 
52 15 77 96 241 199 
82 226 145 243 197 172 
62 60 64 255 203 239 
48 184 67 140 259 187 
27 255 98 23 250 163 
89 159 167 5 284 162 
134 131 193 226 281 29 
1 125 10 181 174 58 
67 52 260 16 430 28 498 94 737 184 772 209 907 22 1040 125 
43 212 190 83 410 62 586 200 722 72 792 80 923 244 
99 101 257 198 410 36 507 137 742 236 766 125 917 114 981 240 
3 37 193 212 387 145 565 34 735 118 825 244 948 246 1002 74 
118 9 162 87 330 139 506 45 659 202 802 192 908 135 1005 234 
24 208 190 145 326 211 461 15 598 185 853 22 989 90 
97 88 225 121 393 240 462 54 645 91 858 199 928 182 
48 92 168 220 411 53 594 142 651 48 786 196 961 92 
126 63 195 23 333 75 502 234 668 172 814 206 917 200 996 88 
25 114 163 142 368 78 557 105 640 86 866 163 958 3 1040 181 
65 103 299 224 419 84 583 47 724 71 890 23 957 61 1031 156 
20 7 228 230 336 72 595 70 674 64 841 27 959 62 
62 48 253 168 305 242 565 179 616 23 809 102 923 36 990 118 
142 67 171 218 455 248 526 166 703 244 774 252 966 219 1006 172 
43 179 174 165 434 48 545 218 665 202 848 64 963 180 
103 15 303 89 456 250 524 200 643 221 810 83 959 178 1014 104 
144 243 170 147 423 152 518 165 633 110 882 231 898 125 918 45 
18 84 173 193 361 236 502 25 698 216 833 135 898 245 
16 45 247 229 365 191 537 5 696 6 819 236 925 252 
53 127 279 161 379 165 572 236 755 162 795 22 902 14 1023 2 
139 67 259 74 365 108 605 72 754 92 799 227 967 111 998 130 
38 243 289 3 328 249 531 72 747 95 872 218 968 74 994 19 
131 191 263 199 380 223 550 193 675 170 766 28 929 61 1021 17 
75 38 199 196 329 97 496 234 641 78 840 245 962 77 1019 39 
66 132 214 142 376 188 531 78 615 176 851 40 926 95 
102 89 235 15 419 172 492 115 635 229 861 143 895 118 
4 48 285 214 332 97 475 97 628 49 860 107 956 179 1037 255 
100 31 224 202 353 60 442 124 680 91 865 29 943 238 
128 89 291 251 314 234 490 51 693 47 790 247 954 53 992 98 
97 102 224 157 458 22 547 252 694 112 878 88 961 245 
101 23 191 188 326 51 592 152 760 232 830 92 836 64 
14 90 258 1 402 27 564 193 695 181 765 73 911 85 
138 116 280 117 440 141 584 69 661 216 886 59 983 138 
85 122 218 227 429 193 491 64 763 77 770 80 906 143 986 32 1030 68 
152 78 153 140 454 38 597 131 761 61 823 160 977 187 1019 206 
142 137 272 128 366 254 528 184 644 230 819 161 926 95 1007 209 
64 57 160 173 417 208 500 152 697 214 855 215 964 106 
36 13 249 164 448 155 457 23 622 215 872 231 897 246 
75 203 288 192 446 70 464 66 730 143 847 204 901 33 
138 92 194 183 384 31 496 190 703 105 861 177 941 67 
53 59 292 155 317 144 598 88 758 138 791 157 948 46 1005 1 
96 42 297 118 343 198 519 62 671 12 820 85 938 51 
89 168 178 172 334 64 497 173 677 70 847 192 894 8 994 20 
102 208 262 90 345 83 546 45 728 148 776 17 918 131 
30 128 300 38 394 20 555 163 670 90 884 44 966 107 
37 55 169 250 331 117 476 123 654 79 822 101 949 60 
114 139 273 94 422 38 552 238 705 131 783 109 901 255 1002 218 
101 25 259 93 396 222 468 122 659 130 817 104 894 100 1036 184 
7 3 220 183 381 234 566 64 765 160 769 149 974 129 993 226 
139 146 295 18 402 177 593 156 713 99 868 108 936 179 1004 133 
82 239 180 57 427 17 584 249 611 168 851 199 949 24 1005 88 
141 118 288 53 320 36 548 149 604 213 857 235 985 13 1033 15 
78 124 296 82 441 25 554 20 747 222 812 138 951 182 
112 25 227 18 333 245 581 171 753 79 856 185 914 138 
8 245 242 166 351 71 523 63 644 166 838 237 893 97 1030 28 
3 173 263 191 395 164 432 160 662 236 798 159 958 45 991 180 
115 157 229 120 318 76 466 49 626 15 880 43 935 139 
70 77 177 118 306 47 588 241 661 3 870 44 956 206 1029 78 
66 131 219 72 409 217 535 207 733 187 821 200 898 197 
31 107 230 196 424 5 511 121 750 225 841 167 907 123 
13 225 277 28 352 133 550 149 647 70 863 251 936 2 
100 183 208 163 415 97 501 188 669 152 774 116 978 252 1035 60 
64 44 177 158 386 222 591 16 687 237 767 19 930 108 1021 236 
37 46 172 32 413 255 529 37 619 253 803 117 955 18 1035 255 
58 10 184 174 405 78 556 58 634 106 877 15 947 78 
106 89 274 25 319 124 481 204 732 13 864 58 979 240 
109 103 213 19 355 123 512 102 685 203 870 192 960 156 1036 140 
107 15 262 181 420 9 475 108 679 81 835 230 924 80 
52 160 241 158 448 63 499 156 742 202 842 209 905 62 
107 148 207 253 342 44 455 136 667 91 875 123 908 232 1024 88 
149 248 193 203 439 20 603 173 725 143 767 138 955 202 1013 185 
105 167 187 20 420 25 606 203 716 255 881 219 902 186 
93 77 238 130 392 61 493 163 710 67 824 254 926 197 
59 111 202 84 407 246 471 199 748 146 860 12 939 175 1006 83 
71 193 278 221 375 36 558 141 689 239 886 78 921 31 
137 158 202 148 362 63 589 110 706 83 890 245 942 111 1016 211 
94 71 241 201 384 58 592 87 664 235 826 23 912 211 1033 96 
11 87 292 59 437 121 534 194 676 3 801 172 896 239 1004 62 
69 81 275 46 434 194 511 120 651 95 889 38 947 206 
92 231 298 200 443 212 532 174 616 225 781 215 944 49 
143 247 205 128 399 235 582 123 674 208 857 240 939 252 
49 116 222 60 360 8 514 173 624 118 839 164 972 160 1034 226 
81 155 284 21 414 24 596 153 749 12 792 62 978 179 1018 67 
69 242 290 79 412 33 577 80 761 142 816 239 913 142 
28 45 214 34 449 131 516 143 752 113 843 208 985 215 
17 214 234 179 408 82 477 226 714 187 871 137 916 90 1007 71 
110 106 209 145 437 44 614 213 697 202 832 71 987 254 991 11 
21 51 182 202 409 187 538 165 714 88 849 68 956 251 1020 47 
65 151 271 44 382 81 509 154 678 20 874 185 980 179 1038 159 
60 62 266 178 305 210 606 67 726 6 814 47 972 55 1024 82 
87 188 276 77 404 224 504 18 614 180 865 128 925 242 
103 79 268 249 453 236 570 53 618 172 862 135 969 225 
5 68 200 64 387 170 492 255 639 200 820 254 897 101 1003 69 
147 85 154 234 386 219 552 115 721 189 875 122 915 181 1032 74 
151 51 246 231 344 157 593 203 690 31 828 61 986 204 
119 154 265 154 413 190 557 147 627 232 880 7 952 82 
45 217 248 136 340 242 494 154 630 253 879 214 963 147 
152 252 248 162 421 155 528 68 732 103 789 122 912 32 1037 23 
52 94 269 235 359 140 607 28 712 37 778 109 902 39 999 105 
35 25 205 162 350 25 572 208 684 207 822 84 925 71 1021 190 
4 208 220 168 400 208 602 131 707 254 784 138 990 215 
22 226 269 75 435 210 612 61 673 34 807 154 886 29 
20 157 162 159 391 89 491 53 621 52 789 73 971 94 
61 154 277 141 335 155 568 68 725 34 885 104 953 66 987 62 
122 223 253 198 418 236 561 62 677 71 878 140 970 35 
57 24 226 174 306 109 556 74 691 212 775 45 953 141 1025 246 
132 105 206 219 327 236 495 255 738 143 840 133 944 211 992 222 
2 145 250 91 407 54 467 29 621 247 832 225 975 13 
133 9 196 136 460 132 515 239 686 213 869 221 935 59 
132 6 160 112 431 2 579 85 647 37 862 162 988 105 
10 177 153 83 318 254 567 11 624 209 806 173 943 205 1008 110 
40 158 295 240 336 140 546 75 653 40 794 171 899 4 1029 71 
15 130 159 90 450 9 586 46 756 46 780 145 919 232 1023 153 
96 106 218 107 411 222 469 217 759 134 827 143 874 118 1032 2 
10 28 183 42 423 114 574 57 738 249 796 18 889 34 
135 14 157 61 370 90 513 199 671 59 836 88 922 91 1001 236 
120 158 203 95 450 100 613 6 667 39 859 226 982 27 998 135 
114 23 204 211 366 205 509 147 729 132 834 160 982 247 
11 235 238 45 459 62 462 205 759 226 864 155 934 156 996 46 
6 44 236 255 425 252 536 64 676 88 829 71 960 148 
146 252 232 101 315 182 517 91 577 20 770 9 896 60 
76 164 250 248 337 237 488 206 735 53 852 204 932 71 
68 235 222 22 414 37 489 78 632 120 837 69 953 163 
79 162 286 50 372 32 604 20 627 47 854 188 896 85 1014 221 
56 112 240 60 427 102 477 155 639 57 855 102 951 173 998 107 
113 181 180 73 347 139 474 232 751 43 887 226 912 116 
60 189 215 16 322 197 466 157 636 106 777 107 910 249 
146 34 221 64 438 102 612 17 718 186 776 35 972 132 
127 104 213 171 404 76 463 53 704 103 785 112 927 217 
30 107 226 228 378 181 583 241 751 83 782 149 914 137 1012 192 
116 31 237 136 363 114 510 2 683 78 835 156 929 172 1014 247 
106 198 251 145 337 106 608 190 641 89 788 177 959 49 1001 222 
45 158 199 11 379 194 580 41 633 93 874 184 936 200 
24 98 270 226 429 10 581 100 655 155 878 68 911 28 1039 131 
44 6 215 218 328 79 485 16 656 110 887 210 915 132 
62 240 185 56 399 24 510 69 657 210 740 141 964 127 
29 126 298 35 347 243 537 155 700 38 845 44 978 133 996 205 
51 250 264 128 403 204 595 249 691 200 867 19 927 72 990 127 
150 69 198 6 360 212 576 143 696 199 804 103 900 108 1010 89 
117 199 229 161 378 134 600 48 658 122 863 6 901 155 1010 9 
15 140 172 68 370 46 551 50 638 53 793 98 983 170 995 106 
80 63 207 239 307 245 543 23 666 133 868 12 958 81 1012 27 
113 141 260 190 316 144 562 254 620 47 846 180 932 168 
9 149 189 65 343 242 567 9 739 248 841 235 940 197 
118 7 261 39 447 231 585 13 650 251 863 181 968 6 1034 243 
136 146 210 117 308 123 488 156 684 37 871 176 973 211 
94 233 165 213 426 223 538 64 695 77 866 184 934 247 
74 75 235 211 340 215 495 52 737 17 850 248 976 24 
35 76 171 124 325 15 483 98 643 62 818 186 946 247 
123 242 265 70 445 121 508 30 652 2 769 114 946 224 
39 192 175 27 341 250 500 171 745 211 881 123 940 9 
84 186 210 48 401 206 573 89 712 220 839 199 941 108 1018 47 
108 174 264 48 431 77 563 198 741 207 829 246 933 91 1013 124 
111 10 239 252 339 125 560 55 615 163 853 143 900 242 
144 32 284 21 368 159 520 159 726 38 812 115 985 20 
5 149 287 114 425 216 560 37 689 125 823 122 909 146 1022 159 
13 56 208 97 444 49 578 117 758 156 813 52 945 70 1026 47 
127 62 156 234 451 158 553 92 681 23 844 193 918 195 
129 13 203 224 405 147 463 121 740 76 842 8 895 62 
80 113 170 14 316 59 472 228 646 200 779 159 960 221 1011 210 
47 64 209 129 323 162 571 140 744 35 780 229 846 92 1017 54 
134 70 256 247 388 104 518 188 745 8 783 118 967 193 
58 67 158 115 416 4 484 193 642 61 831 79 971 169 
50 191 192 57 390 20 559 52 680 128 711 219 891 184 992 67 
89 221 232 72 381 197 544 243 698 78 855 80 921 48 
31 227 293 80 401 11 543 125 730 43 813 113 933 12 1003 211 
117 28 281 133 415 121 499 62 653 1 854 248 938 96 1038 5 
131 168 166 178 348 223 609 191 743 69 837 64 984 179 
122 157 302 145 331 158 568 148 701 57 806 105 860 163 
76 86 231 29 367 48 549 53 764 6 876 190 970 155 997 41 
72 80 280 61 391 40 536 247 675 69 847 106 888 120 
9 191 197 193 443 246 534 28 752 81 861 99 955 103 1020 1 
121 81 168 123 354 164 582 143 626 210 885 67 893 204 
54 152 240 6 359 173 533 78 757 8 801 45 957 138 1040 58 
23 17 176 147 332 72 555 48 709 226 833 165 948 131 
19 177 233 243 311 241 480 167 636 101 779 176 897 125 1027 3 
93 202 217 33 330 60 590 157 649 63 803 23 942 140 1009 144 
98 249 227 156 374 23 483 208 690 97 800 56 923 189 
71 187 181 102 433 170 494 91 764 207 811 45 938 30 
105 30 282 47 398 160 578 127 630 166 808 73 899 129 
99 107 217 69 436 220 574 199 692 209 775 112 946 194 1004 44 
39 175 287 178 354 231 596 146 719 235 790 147 904 243 1012 67 
149 14 158 8 307 96 461 161 678 117 857 177 965 181 999 189 
27 165 252 41 377 45 439 191 597 198 782 223 883 72 1009 114 
134 255 302 74 459 76 524 77 634 205 872 148 920 105 
63 181 242 156 375 253 608 237 656 22 868 191 947 107 
120 25 254 65 319 65 520 218 625 156 853 41 974 167 
147 68 157 163 428 211 525 48 688 229 781 52 885 135 
81 173 194 121 363 154 465 203 702 10 867 207 961 27 
18 17 181 56 353 36 613 8 662 95 870 110 937 27 1016 225 
130 141 221 105 323 51 490 38 721 55 768 217 905 70 
67 126 266 62 446 60 547 146 687 29 748 197 922 53 
91 196 201 9 457 211 589 3 663 119 808 52 834 1 1039 226 
88 123 175 113 344 251 484 180 663 81 784 19 913 200 1015 250 
150 255 268 208 357 147 498 181 760 227 875 243 899 225 
133 91 300 35 396 244 527 39 657 19 807 187 928 246 1027 150 
86 9 155 236 395 106 469 225 707 33 851 60 919 217 1034 172 
34 205 291 65 320 87 523 182 755 61 884 220 984 100 1001 152 
119 134 166 225 357 172 478 89 723 60 788 45 914 217 1007 47 
1 182 173 149 321 224 485 120 750 244 787 70 876 152 
129 16 304 105 312 188 541 212 629 9 805 86 935 30 1006 130 
148 98 252 188 442 141 540 72 743 94 800 118 881 101 993 223 
12 189 244 70 350 153 564 41 723 254 858 199 909 147 1035 239 
92 190 299 66 315 207 535 67 672 113 837 33 969 3 
130 25 228 198 433 207 489 189 619 130 871 81 931 130 
55 11 186 126 422 224 507 158 648 132 873 153 909 95 
19 173 271 137 440 136 554 135 682 29 877 206 981 228 988 148 
83 87 223 66 397 162 603 227 749 249 838 112 900 204 
40 104 290 229 312 117 487 14 637 93 888 168 950 245 1031 231 
95 64 245 212 376 103 515 205 701 228 768 38 979 195 1000 142 
95 16 279 215 432 239 487 245 741 13 777 138 921 228 1018 75 
26 12 301 181 338 233 599 238 681 133 854 83 933 218 
29 59 192 200 383 147 503 11 638 168 882 253 892 170 
46 210 230 138 452 91 539 254 649 225 856 108 973 188 
70 148 286 13 349 35 505 220 655 85 852 241 967 165 
33 117 293 84 310 113 532 145 708 239 771 43 929 10 1000 121 
63 248 211 12 453 86 566 147 669 65 815 215 975 201 1023 68 
59 55 258 46 435 212 482 194 720 253 804 154 910 22 1019 165 
32 197 169 77 406 179 562 158 733 86 842 195 962 222 1015 3 
125 1 267 251 314 82 545 5 731 255 844 29 922 148 
141 250 256 196 412 44 569 28 617 233 850 55 991 195 1027 80 
61 200 204 229 372 50 468 197 717 80 821 55 976 33 997 126 
57 87 155 200 351 1 482 211 708 10 848 11 950 203 
33 78 159 198 311 157 470 229 736 239 879 113 891 239 
23 101 179 90 373 109 464 40 622 51 845 219 957 122 
104 116 233 219 389 250 607 166 763 252 818 74 892 154 1029 239 
28 171 281 21 341 129 512 212 590 116 825 80 910 71 
128 211 187 3 355 146 611 113 618 79 866 235 986 146 
151 82 231 117 390 240 548 161 682 48 785 86 908 185 1011 17 
32 65 270 122 385 158 579 182 709 87 883 238 920 62 1028 4 
55 138 297 30 373 104 530 100 718 7 862 86 965 108 
140 185 164 2 356 133 471 199 685 253 864 207 904 69 
121 153 247 223 451 147 540 113 746 172 791 180 970 234 
90 92 246 191 454 68 478 245 702 206 833 53 968 21 
136 169 191 203 458 176 517 217 736 37 796 151 966 60 
27 195 251 219 447 207 476 234 757 111 843 248 981 70 
2 47 182 182 398 226 530 13 599 87 859 148 889 72 994 187 
7 18 184 158 346 112 542 155 688 198 772 54 941 31 
109 212 294 40 308 62 508 8 668 185 848 23 903 244 
25 141 154 227 317 135 497 80 711 48 805 164 917 82 1028 149 
115 239 212 110 356 252 544 212 729 210 771 235 931 131 1033 199 
116 178 234 118 309 160 569 190 658 147 836 68 942 46 1022 84 
148 148 186 152 309 121 563 139 720 254 846 97 906 92 
22 68 276 241 374 195 428 104 646 177 876 168 952 123 1031 182 
135 164 285 67 449 87 549 163 753 146 838 177 905 184 
8 227 257 109 345 62 486 175 686 69 694 212 940 172 1022 170 
68 254 301 39 400 238 591 184 650 207 787 222 895 201 1030 115 
78 150 275 75 324 39 501 128 654 213 830 94 924 188 984 24 
48 78 161 194 334 153 470 87 713 80 873 134 916 118 
38 182 198 24 444 181 521 69 617 65 756 223 954 212 1037 163 
83 40 178 154 436 73 587 199 699 152 858 255 937 216 1011 10 
85 68 289 239 371 111 610 95 652 110 799 246 931 190 
110 174 243 12 426 185 486 164 625 58 883 201 963 63 1003 76 
87 106 261 32 322 36 503 214 648 154 811 232 907 223 
51 142 243 118 367 162 479 187 660 252 827 132 983 82 1008 165 
137 241 185 23 421 119 516 71 731 207 815 29 892 234 1008 43 
124 136 156 141 380 163 473 205 631 200 817 61 887 119 999 124 
1 122 303 234 382 167 467 127 719 215 869 166 911 144 1020 166 
50 62 272 115 385 132 533 175 632 102 831 35 945 92 1036 187 
124 203 239 238 393 95 526 62 623 228 809 167 906 220 995 7 
16 130 163 215 321 2 575 138 645 21 835 110 962 65 989 110 
49 115 174 215 364 94 504 159 679 23 773 76 904 17 
145 67 294 220 441 113 558 114 670 61 739 3 976 237 
41 162 304 97 335 165 479 251 716 94 845 218 916 253 
44 26 283 195 438 46 505 150 710 83 891 208 974 22 1013 166 
143 237 296 18 369 251 493 194 602 72 840 200 937 91 
91 254 189 57 313 111 570 63 722 60 824 230 894 78 1025 185 
123 174 223 120 329 233 571 107 631 185 794 253 934 179 
73 95 176 60 456 157 553 30 734 60 888 97 987 63 1009 167 
108 192 201 51 342 215 445 231 672 44 843 11 954 230 
98 243 197 43 352 32 481 112 693 131 699 41 903 113 
14 238 179 136 339 227 529 137 683 73 865 193 915 60 1025 94 
42 128 212 131 406 47 473 102 660 72 890 159 903 208 
34 41 167 148 417 119 610 157 629 135 839 119 989 150 1026 14 
79 60 161 72 362 48 514 126 623 221 877 182 930 204 
41 128 236 131 430 80 600 152 665 116 828 34 975 7 
54 254 255 19 397 153 541 30 727 201 879 51 924 134 
112 206 200 7 388 121 585 234 706 27 826 54 927 121 1026 19 
17 91 211 51 310 143 506 71 640 253 797 30 920 250 
82 121 225 80 327 15 513 140 637 231 834 64 973 33 993 214 
77 89 255 58 361 160 519 235 620 214 802 244 979 243 1039 29 
86 250 188 46 383 242 465 254 717 29 856 35 939 32 
77 181 216 108 369 189 609 105 664 18 873 60 950 77 997 225 
21 93 206 232 364 84 561 46 754 46 795 108 913 194 1038 162 
104 41 195 174 403 218 576 2 762 53 859 59 952 72 1000 67 
6 65 282 214 358 112 525 159 605 48 884 214 943 202 
47 120 164 241 424 71 527 48 559 59 715 115 980 204 1010 177 
46 254 273 170 348 153 522 100 704 164 869 58 977 70 1024 125 
72 235 219 34 325 94 601 156 727 112 786 33 965 219 977 15 
74 55 254 228 371 188 539 196 673 204 810 229 945 220 1017 149 
42 71 237 202 358 96 573 161 692 71 849 46 971 224 1002 190 
88 148 283 250 408 180 580 71 734 207 762 241 928 88 
56 67 274 155 394 35 594 149 705 131 793 219 944 196 
36 232 278 97 418 118 522 33 744 201 882 73 930 60 
145 65 165 218 349 161 472 138 746 248 816 6 980 36 995 182 
84 119 245 87 313 141 588 20 700 52 850 21 893 177 
12 161 167 62 377 134 480 49 628 155 844 201 969 241 982 231 
140 113 216 177 416 179 521 248 728 82 867 248 949 140 
125 164 249 222 346 76 575 86 601 113 852 76 919 202 1016 44 
26 181 244 233 452 255 474 27 642 29 773 109 964 51 1028 96 
111 208 183 233 389 110 542 96 715 57 798 183 951 189 1015 166 
90 7 267 94 392 158 460 127 666 116 849 133 988 205 1017 115 
73 175 188 18 324 177 587 125 635 233 778 225 880 30 
126 67 196 119 338 69 551 110 724 48 797 220 932 126 1032 122 
