940 204 256
3 11
2 2 2 2 2 2 2 2 2 2 2 2 2 2 2 2 2 2 2 2 2 2 2 2 2 2 2 2 2 2 2 2 2 2 2 2 2 2 2 2 2 2 2 2 2 2 2 2 2 2 2 2 2 2 2 2 2 2 2 2 2 2 2 2 2 2 2 2 2 2 2 2 2 2 2 2 2 2 2 2 2 2 2 2 2 2 2 2 2 2 2 2 2 2 2 2 2 2 2 2 2 2 2 2 2 2 2 2 2 2 2 2 2 2 2 2 2 2 2 2 2 2 2 2 2 2 2 2 2 2 2 2 2 2 2 2 2 2 2 2 2 2 2 2 2 2 2 2 2 2 2 2 2 2 2 2 2 2 2 2 2 2 2 2 2 2 2 2 2 2 2 2 2 2 2 2 2 2 2 2 2 2 2 2 2 2 2 2 2 2 2 2 2 2 2 2 2 2 2 2 2 2 2 2 2 2 2 2 2 2 2 2 2 2 2 2 2 2 2 2 2 2 2 2 2 2 2 2 2 2 2 2 2 2 2 2 2 2 2 2 2 2 2 2 2 2 2 2 2 2 2 2 2 2 2 2 2 2 2 2 2 2 2 2 2 2 2 2 2 2 2 2 2 2 2 2 2 2 2 2 2 2 2 2 2 2 2 2 2 2 2 2 2 2 2 2 2 2 2 2 2 2 2 2 2 2 2 2 2 2 2 2 2 2 2 2 2 2 2 2 2 2 2 2 2 2 2 2 2 2 2 2 2 2 2 2 2 2 2 2 2 2 2 2 2 2 2 2 2 2 2 2 2 2 2 2 2 2 2 2 2 2 2 2 2 2 2 2 2 2 2 2 2 2 2 2 2 2 2 2 2 2 2 2 2 2 2 2 2 2 2 2 2 2 2 2 2 2 2 2 2 2 2 2 2 2 2 2 2 2 2 2 2 2 2 2 2 2 2 2 2 2 2 2 2 2 2 2 2 2 2 2 2 2 2 2 2 2 2 2 2 2 2 2 2 2 2 2 2 2 2 2 2 2 2 2 2 2 2 2 2 2 2 2 2 2 2 2 2 2 2 2 2 2 2 2 2 2 2 2 2 2 2 2 2 2 2 2 2 2 2 2 2 2 2 2 2 2 2 2 2 2 2 2 2 2 2 2 2 2 2 2 2 2 2 2 2 2 2 2 2 2 2 2 2 2 2 2 2 2 2 2 2 2 2 2 2 2 2 2 2 2 2 2 2 2 2 2 2 2 2 2 2 2 2 2 2 2 2 2 2 2 2 2 2 2 2 2 2 2 2 2 2 2 2 2 2 2 2 2 2 2 2 2 2 2 2 2 2 2 2 2 2 2 2 2 2 2 2 2 2 2 2 2 2 2 2 2 2 2 2 2 2 2 2 2 2 2 2 2 2 2 2 2 2 2 2 2 2 2 2 2 2 2 2 2 2 2 2 2 2 2 2 2 2 2 2 2 2 2 2 2 2 2 2 2 2 2 2 2 2 2 2 2 2 2 2 2 2 2 2 2 2 2 2 2 2 2 2 2 2 2 2 2 2 2 2 2 2 2 2 2 2 2 2 2 2 2 2 2 2 2 2 2 2 2 2 2 2 2 2 2 2 2 2 2 2 2 2 2 2 2 2 2 2 2 2 2 2 2 2 2 2 2 2 2 2 2 2 2 2 2 2 2 2 2 2 2 2 2 2 2 3 3 3 3 3 3 3 3 3 3 3 3 3 3 3 3 3 3 3 3 3 3 3 3 3 3 3 3 3 3 3 3 3 3 3 3 3 3 3 3 3 3 3 3 3 3 3 3 3 3 3 3 3 3 3 3 3 3 3 3 3 3 3 3 3 3 3 3 3 3 3 3 3 3 3 3 3 3 3 3 3 3 3 3 3 3 3 3 3 3 3 3 3 3 3 3 3 3 3 3 3 3 3 3 3 3 3 3 3 3 3 3 3 3 3 3 3 3 3 3 3 3 3 3 3 3 3 3 3 3 3 3 3 3 3 3 3 3 3 3 3 3 3 3 3 3 3 3 3 3 3 3 3 3 3 3 3 3 3 3 3 3 3 3 3 3 3 3 3 3 3 3 3 3 3 3 3 3 3 3 3 3 3 3 3 3 3 3 
10 10 10 10 10 10 10 10 10 11 10 10 11 10 10 10 10 10 10 10 10 10 10 10 10 10 10 10 10 10 11 11 10 10 10 10 10 10 10 10 10 10 10 10 11 10 10 10 10 10 10 10 10 10 10 10 10 10 10 11 10 10 11 10 10 11 10 11 10 10 11 10 11 10 10 10 10 10 10 10 10 10 10 10 10 11 10 10 10 10 10 10 10 11 10 11 10 10 10 10 10 10 10 10 10 11 10 10 10 10 10 10 10 10 10 11 10 11 10 10 10 11 10 10 10 10 10 11 10 10 10 10 10 10 10 10 10 10 10 10 10 10 10 10 10 10 10 10 10 10 10 10 10 10 10 10 10 11 10 10 10 11 10 10 10 10 10 10 10 10 10 10 10 10 11 10 10 10 11 10 10 11 10 10 11 10 10 10 10 10 10 10 10 11 10 10 11 10 10 10 10 10 11 10 
90 164 192 180 
2 129 125 252 
48 185 164 8 
155 71 190 13 
115 45 168 149 
66 123 160 16 
44 3 63 66 
119 62 170 28 
58 191 82 188 
124 178 177 34 
39 225 203 178 
136 38 167 86 
49 141 96 170 
80 118 121 212 
20 73 161 74 
166 53 173 13 
70 193 86 191 
113 163 141 85 
148 44 151 25 
75 198 84 141 
111 191 196 148 
51 125 175 190 
114 219 123 105 
15 241 198 203 
98 98 101 90 
16 79 185 67 
83 48 181 144 
27 118 154 76 
46 127 122 232 
87 117 172 89 
34 69 56 33 
62 50 94 50 
158 177 202 217 
26 123 41 236 
71 87 139 164 
197 19 199 79 
128 133 174 56 
74 152 126 128 
106 249 201 102 
140 162 187 110 
91 106 120 48 
31 41 179 5 
68 16 204 72 
69 182 130 36 
180 109 200 216 
14 106 118 105 
6 177 110 63 
103 52 189 32 
127 170 143 134 
38 14 92 248 
95 199 191 91 
5 207 134 106 
9 13 88 83 
53 141 171 244 
18 213 35 221 
36 211 52 51 
11 11 129 169 
45 67 50 96 
78 31 169 224 
109 242 147 169 
19 142 150 16 
159 177 194 208 
8 200 79 167 
57 204 116 6 
33 47 105 66 
107 37 108 222 
4 68 76 217 
67 120 93 69 
21 183 81 181 
77 114 104 209 
144 162 157 196 
10 149 178 140 
32 91 85 54 
153 222 188 93 
54 91 72 115 
12 251 146 22 
29 234 99 155 
25 67 65 247 
60 34 152 47 
1 130 186 84 
132 157 163 140 
102 233 135 125 
17 221 145 165 
3 179 182 91 
30 183 43 186 
22 50 184 158 
117 86 133 20 
137 35 176 201 
13 179 162 8 
89 55 138 110 
40 23 97 230 
142 87 195 234 
23 204 59 87 
24 140 112 56 
131 191 156 236 
47 182 193 45 
64 83 183 33 
7 49 37 223 
149 167 165 126 
42 101 73 235 
28 241 100 156 
55 239 61 213 
47 82 66 52 
168 9 170 252 
116 27 117 8 
58 17 144 251 
89 171 163 101 
91 31 95 234 
55 233 139 244 
186 232 187 91 
50 230 152 16 
26 173 140 211 
23 105 37 144 
29 4 121 21 
14 227 171 19 
148 235 191 90 
100 140 132 247 
108 239 182 201 
57 243 200 212 
7 149 68 160 
74 163 199 32 
22 172 63 183 
27 54 188 131 
70 235 181 30 
102 100 125 99 
119 41 142 103 
5 86 106 237 
6 127 167 52 
71 63 174 93 
48 210 118 54 
10 214 193 92 
3 101 12 47 
124 96 138 238 
28 199 160 131 
17 114 127 176 
18 77 34 5 
25 158 161 122 
53 158 56 36 
30 218 177 140 
145 60 151 64 
104 75 133 3 
75 237 136 74 
32 59 39 194 
4 60 198 187 
35 44 201 29 
97 240 135 1 
67 118 157 234 
88 173 112 49 
61 252 156 145 
150 197 184 238 
84 209 194 137 
59 28 107 252 
60 140 196 13 
52 237 189 222 
15 224 72 218 
44 4 120 42 
130 175 165 134 
101 247 131 38 
49 24 164 74 
21 95 122 178 
103 103 175 102 
94 39 190 17 
64 24 129 87 
98 166 185 91 
41 247 202 180 
20 194 73 98 
83 136 87 134 
76 237 146 212 
16 74 85 29 
65 203 77 93 
24 19 128 199 
36 198 62 134 
1 242 78 205 
123 214 179 163 
9 252 180 94 
38 196 172 44 
162 140 192 89 
40 11 111 107 
43 1 93 206 
126 168 137 105 
51 159 110 64 
109 126 204 2 
90 129 153 93 
8 75 80 66 
82 136 169 168 
19 50 114 225 
92 111 159 180 
115 53 166 154 
42 52 176 173 
31 195 173 246 
2 115 143 180 
113 133 195 250 
134 228 147 250 
155 244 183 232 
13 29 79 131 
69 18 154 191 
81 181 178 221 
45 116 158 52 
33 37 197 195 
11 156 141 103 
86 245 105 198 
96 121 203 37 
54 172 99 244 
46 104 149 75 
43 104 65 160 
23 86 51 54 
86 166 95 35 
30 119 201 87 
17 196 153 167 
6 109 156 169 
144 18 170 104 
139 179 152 141 
122 118 175 182 
179 12 185 152 
72 55 73 91 
2 71 53 136 
80 109 98 1 
90 223 186 248 
83 224 132 145 
33 162 174 242 
36 214 77 53 
46 232 63 195 
60 219 93 200 
3 227 14 208 
92 170 141 244 
135 49 178 214 
96 190 126 200 
34 33 123 51 
27 76 161 39 
89 44 107 90 
88 84 124 27 
154 147 159 223 
32 230 52 176 
29 199 160 67 
13 174 200 128 
109 251 151 131 
142 174 164 92 
87 175 202 57 
129 94 180 135 
78 129 110 90 
145 33 203 21 
10 253 115 184 
105 52 173 234 
155 95 193 65 
1 30 66 29 
19 146 140 217 
7 52 15 55 
31 150 69 185 
136 127 191 201 
45 254 68 167 
71 202 143 207 
47 23 106 233 
81 185 137 188 
99 72 128 169 
102 114 117 206 
20 183 120 101 
94 194 146 248 
4 16 187 65 
85 153 163 148 
100 244 149 2 
84 93 97 100 
104 189 150 141 
21 121 112 196 
141 72 189 29 
50 74 183 106 
119 69 184 124 
28 181 48 16 
76 242 199 209 
44 222 190 70 
8 147 157 62 
42 29 82 198 
162 139 181 198 
121 108 148 174 
49 205 61 117 
5 201 38 240 
134 118 197 69 
12 54 75 170 
55 87 114 76 
58 77 172 93 
108 172 188 17 
64 41 167 79 
37 139 125 110 
29 141 133 57 
25 165 131 92 
54 128 111 132 
157 163 182 105 
165 243 198 99 
18 170 176 217 
11 137 56 12 
70 99 195 108 
57 155 169 122 
168 86 204 184 
16 215 196 63 
26 121 118 234 
22 136 194 219 
15 226 113 230 
59 171 74 157 
91 178 138 84 
24 41 41 137 
9 72 147 90 
127 235 177 183 
39 102 47 24 
101 167 158 238 
35 89 162 207 
40 155 192 24 
116 146 130 86 
67 85 149 100 
166 35 171 98 
79 68 103 90 
9 19 62 215 
101 199 197 159 
21 90 70 27 
37 61 106 33 
79 57 143 181 
136 242 201 226 
55 78 89 42 
41 39 145 80 
14 188 57 166 
154 146 193 111 
60 193 137 17 
53 87 161 115 
190 29 192 187 
58 90 124 208 
128 72 159 123 
101 201 135 82 
78 219 163 60 
22 3 80 235 
63 216 96 44 
114 81 200 233 
32 232 174 15 
94 239 173 89 
116 170 203 133 
45 91 186 177 
112 170 156 86 
6 243 168 104 
127 202 179 165 
93 190 105 58 
3 156 83 169 
92 51 137 140 
12 51 152 212 
181 124 204 47 
85 11 142 94 
64 154 199 195 
48 212 178 181 
54 208 107 150 
169 190 194 170 
36 54 42 137 
50 83 175 75 
34 162 170 185 
11 56 40 108 
95 170 187 193 
91 99 117 112 
100 119 129 114 
24 154 37 254 
90 138 119 235 
4 28 172 162 
17 239 86 219 
68 221 77 192 
109 230 196 68 
1 174 151 24 
56 140 121 57 
46 30 171 137 
44 110 71 70 
99 193 146 179 
134 83 188 189 
28 63 139 54 
66 150 182 169 
19 63 67 228 
30 76 164 46 
74 172 104 123 
111 137 140 56 
13 121 158 254 
16 236 27 168 
26 236 52 133 
82 110 183 65 
25 110 75 186 
115 102 177 81 
7 219 8 110 
20 36 51 146 
49 35 103 203 
130 188 147 49 
131 154 198 251 
87 183 133 34 
102 203 189 162 
18 128 165 250 
10 97 72 194 
31 59 132 3 
150 193 166 127 
108 241 167 28 
69 209 191 6 
33 81 35 255 
118 143 138 27 
155 216 195 145 
73 140 148 185 
84 203 160 235 
62 168 98 105 
126 91 144 144 
23 64 185 180 
2 160 76 205 
43 6 180 201 
88 241 184 212 
176 206 202 113 
5 66 123 223 
61 138 153 121 
65 92 122 53 
93 63 125 102 
97 65 127 9 
59 69 151 23 
38 251 110 212 
81 238 120 176 
39 37 88 210 
113 130 138 162 
133 200 201 108 
146 239 203 129 
49 14 83 114 
38 74 171 194 
149 118 153 49 
71 19 170 116 
86 172 110 240 
117 46 168 102 
10 136 200 28 
50 12 121 123 
78 8 198 186 
48 2 109 137 
26 152 31 95 
82 65 125 199 
29 214 46 100 
3 162 73 29 
77 158 193 16 
7 92 32 187 
167 200 178 25 
16 135 172 41 
129 47 142 194 
75 157 195 55 
95 224 139 57 
126 190 136 140 
113 32 179 252 
147 169 175 251 
69 29 135 62 
122 143 202 149 
11 56 47 100 
17 127 77 40 
161 95 162 3 
1 52 27 113 
66 193 173 24 
12 12 112 208 
14 62 185 156 
35 103 89 122 
4 145 189 154 
116 94 140 38 
55 151 130 102 
53 87 194 89 
181 66 184 147 
158 101 177 28 
20 107 39 21 
45 73 118 221 
123 217 128 12 
103 41 150 130 
52 140 108 234 
94 180 188 234 
98 250 187 2 
68 209 99 76 
44 202 106 150 
72 157 144 129 
51 23 67 16 
111 208 156 136 
134 206 169 81 
15 32 152 88 
65 221 76 252 
148 108 180 70 
84 162 107 116 
25 72 100 22 
19 218 92 224 
58 72 61 111 
56 69 96 222 
34 183 104 28 
8 250 196 147 
54 195 143 148 
18 76 182 144 
9 224 97 154 
62 54 70 103 
164 255 176 7 
74 140 192 79 
199 251 204 188 
145 202 197 121 
24 126 64 165 
13 208 160 251 
80 53 81 89 
63 145 105 89 
79 195 191 41 
60 228 90 212 
124 155 154 193 
6 145 42 2 
43 110 190 111 
2 136 85 34 
5 141 28 158 
21 46 114 57 
119 123 131 36 
59 192 174 166 
41 200 120 151 
22 107 102 67 
157 133 163 152 
115 10 141 150 
36 13 91 249 
23 145 155 51 
100 197 159 86 
74 9 132 31 
165 7 183 160 
57 127 105 154 
32 146 166 132 
30 62 53 125 
33 21 186 182 
40 228 87 3 
117 44 153 69 
107 75 164 233 
29 252 52 16 
38 202 203 110 
121 178 156 240 
118 113 125 187 
82 27 150 225 
18 160 97 96 
134 104 143 58 
16 93 91 119 
131 170 173 32 
80 37 192 6 
114 200 145 47 
62 194 159 249 
55 64 73 213 
72 198 186 103 
46 222 59 131 
45 28 194 7 
146 49 178 179 
96 116 198 91 
99 191 161 201 
15 172 202 126 
176 124 185 14 
22 106 64 226 
130 251 141 19 
49 174 193 63 
44 114 69 129 
179 118 184 117 
34 115 94 39 
60 174 123 115 
6 15 154 123 
70 68 106 94 
26 61 180 149 
170 223 175 105 
43 226 78 146 
85 127 147 125 
37 53 200 42 
36 112 119 108 
113 154 197 65 
8 106 30 45 
140 243 155 20 
19 47 135 66 
84 43 120 9 
66 156 102 22 
103 156 138 150 
3 207 177 123 
56 48 67 90 
1 96 112 66 
57 198 136 88 
54 98 165 130 
71 200 83 96 
88 124 149 168 
25 111 82 17 
188 186 202 55 
148 216 172 234 
28 239 155 3 
9 65 126 114 
92 245 162 230 
5 12 157 39 
101 74 128 132 
31 209 61 119 
116 91 199 137 
17 205 23 61 
24 179 171 88 
68 62 137 105 
2 77 110 36 
48 153 104 181 
127 187 183 53 
142 3 204 182 
109 210 201 175 
58 131 122 146 
169 220 196 113 
39 90 60 81 
87 198 93 159 
89 228 98 125 
40 63 144 20 
79 232 112 37 
98 74 168 87 
65 80 182 216 
85 2 158 104 
189 100 190 115 
160 185 199 23 
111 59 166 217 
133 216 195 181 
76 81 151 169 
20 210 104 129 
11 166 12 224 
42 70 63 115 
163 33 178 130 
86 32 144 34 
13 59 187 161 
47 234 139 118 
18 161 95 50 
4 16 21 111 
167 49 174 160 
35 104 129 216 
10 173 181 160 
41 247 157 108 
90 149 124 221 
7 50 61 129 
81 96 134 201 
14 221 58 128 
50 209 132 211 
33 61 152 213 
27 177 126 113 
51 210 115 220 
45 68 191 140 
75 214 118 200 
108 41 132 60 
125 92 193 13 
55 131 137 116 
27 194 37 165 
149 201 204 39 
16 227 150 95 
3 253 80 80 
105 20 138 133 
107 243 173 174 
65 96 168 70 
92 85 163 15 
106 170 140 34 
93 77 159 94 
42 229 143 107 
154 26 166 197 
146 159 179 149 
20 60 197 150 
103 146 194 59 
21 248 54 224 
38 12 119 112 
110 120 114 92 
113 227 182 82 
74 44 177 141 
59 165 161 237 
170 11 196 70 
124 210 198 33 
11 112 175 54 
13 96 165 253 
51 196 57 42 
70 161 96 7 
33 215 164 132 
12 96 69 73 
25 137 41 191 
49 212 135 219 
43 139 203 52 
4 159 136 145 
131 58 133 192 
73 88 174 103 
68 186 180 221 
71 98 195 192 
91 25 183 118 
34 119 151 220 
102 233 123 156 
31 153 46 150 
176 3 181 105 
81 82 158 9 
44 37 99 39 
100 148 147 146 
108 201 186 50 
87 74 169 44 
62 190 167 167 
36 30 78 91 
7 90 48 124 
64 149 86 128 
84 201 130 150 
1 86 14 146 
56 180 187 246 
95 53 115 129 
19 244 120 154 
6 229 160 40 
139 76 172 208 
53 211 66 97 
50 84 116 14 
52 74 97 195 
171 59 192 86 
184 191 188 202 
141 233 148 102 
47 103 127 121 
76 5 200 248 
72 139 88 185 
39 201 121 50 
29 232 89 73 
8 78 128 167 
23 57 30 146 
94 15 129 181 
109 63 189 94 
9 2 162 143 
15 163 17 103 
24 54 153 201 
26 232 101 65 
77 144 111 120 
35 171 156 17 
63 108 142 76 
83 67 145 149 
79 80 90 59 
40 108 185 234 
22 19 201 6 
32 16 117 22 
5 108 122 234 
2 140 28 29 
10 57 75 45 
67 161 191 80 
152 230 190 232 
153 162 194 21 
100 172 176 63 
66 30 191 222 
109 100 120 222 
19 162 170 147 
165 81 197 168 
39 44 107 190 
106 166 138 219 
158 177 203 233 
69 62 82 47 
56 225 117 50 
14 26 133 101 
112 45 115 184 
94 103 125 87 
41 243 154 201 
21 176 74 116 
73 50 204 41 
47 222 150 149 
89 245 102 24 
42 220 116 213 
63 120 177 21 
27 176 127 143 
46 251 193 205 
76 236 88 175 
70 160 163 33 
29 145 43 176 
147 96 173 164 
71 144 121 113 
119 60 160 135 
60 208 167 33 
95 131 132 96 
40 147 48 230 
37 102 168 188 
28 221 198 131 
33 239 65 234 
72 225 171 168 
91 189 162 10 
179 249 186 211 
10 202 34 138 126 209 
23 103 129 30 135 19 
64 176 92 53 118 85 
53 57 137 120 195 194 
11 241 124 84 174 98 
83 212 166 75 180 177 
52 155 114 101 142 195 
73 171 97 95 122 176 
5 255 75 5 98 148 
7 59 25 31 110 82 
35 50 81 53 103 137 
113 210 156 194 200 40 
13 125 22 63 77 248 
96 182 128 254 149 172 
78 141 80 180 202 89 
45 6 131 167 143 169 
54 34 152 16 201 37 
98 164 151 187 183 64 
6 140 123 125 190 76 
12 81 85 100 140 226 
9 161 146 72 164 249 
36 229 59 138 181 50 
58 4 108 148 162 143 
15 186 30 197 134 121 
4 188 68 179 188 195 
104 159 130 235 157 63 
2 69 31 251 136 34 
50 225 67 41 184 55 
26 83 51 13 192 123 
105 207 148 138 178 133 
44 156 79 175 185 156 
24 188 139 94 161 55 
99 206 141 246 169 74 
3 32 86 122 189 167 
96 179 111 216 172 172 
1 63 144 84 155 102 
18 228 93 153 171 66 
17 238 32 43 136 44 
16 58 62 233 199 52 
8 12 20 44 94 222 
83 26 84 23 175 79 
33 171 38 183 196 35 
90 122 135 212 145 110 
55 11 166 171 182 153 
49 165 57 178 187 86 
61 138 62 152 87 39 
15 104 55 1 159 243 
72 120 92 251 101 149 
88 199 108 55 190 2 
25 239 60 23 116 153 
39 177 53 97 69 181 
65 83 103 245 126 176 
24 22 82 76 175 27 
40 135 138 142 188 94 
4 134 143 118 182 209 
41 88 76 102 133 173 
61 159 106 250 145 159 
47 216 167 6 202 242 
91 230 176 44 189 123 
131 2 149 11 178 31 
21 184 29 214 144 150 
129 97 143 148 196 69 
125 2 165 227 177 57 
16 51 46 180 124 141 
79 246 82 170 201 115 
13 130 118 49 174 95 
8 45 45 92 114 116 
30 184 105 122 112 175 
27 138 35 70 101 74 
19 204 99 133 132 123 
59 194 113 121 158 168 
74 60 93 6 170 103 
135 47 139 191 184 33 
117 72 155 65 161 252 
3 128 28 39 44 133 
34 15 85 110 180 118 
31 57 168 222 172 109 
10 89 11 229 44 255 
31 158 81 181 102 52 
71 16 130 233 186 19 
22 148 58 244 70 46 
42 80 48 234 51 8 
56 63 110 53 197 65 
134 9 151 89 193 53 
14 198 20 190 119 243 
43 125 104 79 187 192 
9 157 110 191 157 20 
23 183 121 134 154 195 
5 176 17 255 200 179 
38 246 63 70 76 200 
123 60 141 236 183 253 
47 141 89 166 204 160 
49 37 54 165 192 91 
19 14 198 116 199 153 
7 146 150 9 163 5 
7 137 18 62 90 2 
115 36 122 230 137 197 
12 22 37 132 159 77 
52 86 152 196 185 215 
77 42 84 140 100 83 
140 114 160 18 169 123 
50 182 78 93 97 183 
57 214 66 179 111 51 
2 57 120 55 181 222 
1 42 128 206 164 145 
32 147 64 44 179 29 
67 117 75 60 109 141 
95 21 142 67 156 159 
80 199 107 140 195 174 
6 93 146 207 191 240 
26 209 127 242 194 212 
43 88 147 131 153 62 
68 212 86 27 203 235 
36 96 102 122 148 231 
87 1 173 252 183 54 
38 105 81 223 182 237 
120 164 159 120 187 153 
121 76 145 199 167 170 
105 185 108 22 198 147 
29 230 60 248 61 4 
28 79 49 176 197 100 
30 212 84 249 85 174 
3 73 188 183 199 64 
58 94 173 216 200 99 
93 188 174 171 189 15 
95 24 133 135 134 245 
21 82 147 16 161 232 
10 46 23 57 119 251 
50 251 96 255 171 231 
56 62 77 111 112 20 
70 163 158 39 170 218 
22 176 99 69 176 117 
8 203 116 176 166 67 
39 195 98 123 180 139 
57 25 109 181 122 9 
64 9 89 186 90 216 
17 96 35 99 116 207 
94 146 115 186 163 92 
24 29 54 250 138 170 
71 14 88 100 169 101 
124 112 136 117 139 248 
68 193 125 242 192 220 
25 197 52 1 87 212 
11 17 74 209 172 35 
63 192 113 73 140 218 
1 182 5 9 204 10 
73 40 106 142 107 119 
34 255 149 179 155 251 
16 114 67 50 83 72 
4 94 6 11 195 63 
27 247 175 153 190 221 
36 41 165 104 203 250 
9 75 150 25 151 159 
13 101 123 175 144 109 
40 234 191 208 193 232 
12 171 132 29 148 169 
14 216 15 31 126 137 
53 28 146 122 202 54 
142 48 153 161 201 40 
2 121 141 100 154 54 
46 104 156 239 184 62 
111 66 127 125 157 243 
79 169 130 207 181 241 
59 191 137 216 160 207 
33 123 41 95 42 104 
86 39 128 254 185 197 
65 138 69 151 72 35 
75 33 114 175 162 228 
97 54 103 249 196 252 
32 241 45 63 164 2 
18 9 131 168 179 212 
177 249 178 86 186 44 
104 242 129 201 168 53 
48 245 152 70 194 129 
26 58 37 85 91 242 
80 1 117 66 118 83 
51 214 55 221 203 187 
66 18 100 203 101 150 
13 118 20 204 78 34 
45 164 62 10 63 168 
31 33 92 82 175 54 
96 55 118 212 122 134 
60 205 71 69 86 174 
73 31 158 56 185 156 
66 169 68 77 179 35 
94 13 106 178 194 141 
32 250 162 195 197 238 
10 203 128 83 182 124 
80 130 173 242 245 30 360 174 444 52 561 96 677 86 788 63 857 42 898 182 
2 129 191 115 216 71 399 160 495 136 579 77 711 140 779 69 856 57 912 121 
84 179 132 101 224 227 338 156 428 162 559 207 628 253 786 32 827 128 875 73 
67 68 144 60 258 16 356 28 449 145 607 16 657 159 777 188 807 134 902 94 
52 207 127 86 275 201 403 66 496 141 572 12 710 108 761 255 841 176 898 9 
47 177 128 127 210 109 335 243 493 145 544 15 681 229 771 140 862 93 902 11 
98 49 120 149 247 52 378 219 430 92 613 50 674 90 762 59 847 146 848 137 
63 200 184 75 270 147 378 110 477 250 553 106 694 78 792 12 819 45 885 203 
53 13 175 252 300 72 310 19 480 224 570 65 698 2 773 161 839 157 905 75 
72 149 131 214 242 253 386 97 421 136 610 173 712 57 753 202 830 89 880 46 940 203 
57 11 200 156 289 137 350 56 441 56 600 166 648 112 757 241 830 229 896 17 
76 251 132 47 277 54 340 51 446 12 600 224 653 96 772 81 850 22 908 171 
89 179 195 29 235 174 372 121 487 208 604 59 649 96 765 125 818 130 906 101 931 118 
46 106 115 227 224 208 318 188 447 62 615 221 677 146 726 26 837 198 909 216 
24 241 155 224 247 55 296 226 468 32 535 172 699 163 776 186 799 104 909 31 
26 79 169 74 293 215 373 236 432 135 523 93 627 227 791 58 816 51 901 114 
83 221 135 114 209 196 357 239 442 127 576 205 699 103 790 238 841 255 889 96 
55 213 136 77 288 170 385 128 479 76 521 160 606 161 789 228 848 62 923 9 
61 142 186 50 246 146 368 63 473 218 555 47 680 244 719 162 822 204 846 14 
15 73 166 194 256 183 379 36 455 107 599 210 638 60 792 44 837 190 931 204 
69 183 160 95 263 121 312 90 497 46 607 111 640 248 730 176 813 184 879 82 
86 50 122 172 295 136 327 3 501 107 537 106 708 19 765 63 833 148 884 176 
93 204 113 105 206 86 398 64 505 145 576 61 695 57 754 103 840 183 880 57 
94 140 171 19 299 41 354 154 486 126 577 179 700 54 784 188 805 22 891 29 
78 67 137 158 284 165 376 110 472 72 566 111 654 137 762 31 802 239 895 197 
34 123 112 173 294 121 374 236 425 152 546 61 701 232 781 83 863 209 927 58 
28 118 123 54 229 76 373 168 444 113 618 177 625 194 736 176 821 138 903 247 
101 241 134 199 267 181 366 63 496 158 569 239 711 29 748 221 827 39 873 79 
77 234 114 4 234 199 283 141 427 214 516 252 693 232 740 145 813 214 872 230 
85 183 139 218 208 119 369 76 511 62 553 45 695 146 776 197 820 184 874 212 
42 41 190 195 248 150 387 59 425 95 574 209 665 153 779 251 829 57 831 158 933 33 
73 91 143 59 233 230 330 232 430 187 510 146 709 16 790 43 858 147 922 241 939 250 
65 47 199 37 220 162 391 81 512 21 617 61 652 215 749 239 794 171 917 123 
31 69 136 5 228 33 349 162 476 183 542 115 663 119 753 138 828 15 900 255 
55 221 145 44 304 89 391 255 448 103 609 104 703 171 763 50 821 70 889 99 
56 211 172 198 221 214 347 54 504 13 551 112 673 30 774 229 866 96 904 41 
98 223 113 144 282 139 313 61 354 254 550 53 625 165 747 102 850 132 927 85 
50 14 176 196 275 240 409 251 416 74 517 202 641 12 794 183 842 246 868 105 
11 225 143 194 302 102 411 37 455 21 586 90 692 201 721 44 803 177 886 195 
91 23 178 11 305 155 350 108 513 228 589 63 707 108 746 147 806 135 907 234 
34 236 165 247 299 137 317 39 500 200 611 247 654 191 729 243 808 88 917 95 
100 101 189 52 271 29 347 137 493 2 601 70 635 229 734 220 834 80 917 104 
85 186 179 1 205 104 400 6 494 110 548 226 656 139 740 176 838 125 864 88 
7 3 156 4 269 222 363 110 463 202 540 114 668 37 783 156 827 133 830 255 
58 67 198 116 250 254 333 91 456 73 531 28 620 68 768 6 819 92 922 63 932 164 
29 127 204 104 222 232 362 30 427 100 530 222 665 150 737 251 816 180 913 104 
96 182 103 82 252 23 302 24 441 100 605 234 689 103 732 222 810 216 844 141 
3 185 130 210 267 16 344 212 424 2 580 153 674 124 746 230 834 234 926 245 
13 141 159 24 274 205 380 35 415 14 539 174 655 212 797 165 845 37 873 176 
58 96 111 230 265 74 348 83 422 12 616 209 684 84 780 225 854 182 881 251 
22 125 181 159 206 54 379 146 465 23 619 210 650 196 781 13 834 8 929 214 
56 51 154 237 233 176 374 133 459 140 516 16 685 74 759 155 851 86 895 1 
54 141 138 158 216 136 321 87 452 87 511 125 683 211 756 57 803 97 910 28 
75 91 203 172 285 128 345 208 478 195 563 98 640 224 769 34 845 165 891 250 
102 239 109 233 278 87 316 78 451 151 528 64 624 131 796 11 799 1 929 221 
31 33 138 36 289 12 361 140 475 69 560 48 678 180 725 225 835 63 882 62 
64 204 119 243 291 155 318 166 509 127 562 198 650 42 797 178 855 214 887 25 
9 191 106 17 279 77 323 90 474 72 584 131 615 128 775 4 833 244 876 94 
93 87 152 28 297 171 408 69 499 192 530 131 645 165 774 138 823 194 916 191 
79 34 153 140 223 219 320 193 491 228 543 174 586 81 744 208 802 23 872 248 935 205 
102 213 149 252 274 117 404 138 474 111 574 119 613 129 798 138 809 159 872 4 
32 50 172 134 310 215 396 168 481 54 527 194 672 190 791 233 798 152 932 10 
7 66 122 183 222 195 328 216 489 145 601 115 704 108 735 120 842 70 897 192 932 168 
97 83 163 24 281 41 343 154 486 165 537 226 675 149 755 176 858 44 888 9 
78 247 170 203 205 160 405 92 469 221 592 80 631 96 749 234 804 83 919 138 
6 123 103 52 245 29 367 150 445 193 557 156 683 97 717 30 855 179 930 18 937 169 
68 120 147 118 307 85 368 228 465 16 560 90 713 161 780 41 859 117 901 50 
43 16 120 160 250 167 358 221 462 209 578 62 660 186 777 179 865 212 894 193 937 77 
44 182 196 18 248 185 390 209 439 29 540 129 653 73 724 62 803 181 919 151 
17 193 124 235 290 99 312 27 481 103 545 68 651 161 739 160 833 46 883 163 
35 87 129 63 251 202 363 70 418 19 564 200 661 98 742 144 832 16 892 14 935 69 
75 115 155 218 215 55 386 194 464 157 529 198 691 139 750 225 800 120 919 35 
100 235 166 98 215 91 394 140 428 29 528 213 659 88 731 50 760 171 899 40 936 31 
38 152 121 163 297 157 370 172 483 140 507 9 644 44 730 116 824 60 896 209 
20 198 142 237 277 170 376 186 434 157 621 214 712 45 761 5 859 60 920 33 
67 217 168 237 268 242 399 205 469 252 598 81 690 5 738 236 808 102 842 200 
70 114 170 93 221 53 358 192 429 158 442 40 702 144 765 248 852 42 882 111 
59 31 173 205 240 129 326 219 423 8 548 146 673 91 767 141 854 93 931 34 
63 167 195 131 309 68 314 57 490 195 590 232 706 80 783 175 817 246 915 169 
14 118 184 66 217 109 327 235 488 53 525 37 628 80 767 180 861 199 928 1 
69 181 197 181 253 185 410 238 488 89 614 96 667 82 763 53 831 181 868 223 
9 188 185 136 271 198 375 110 426 65 520 27 566 17 724 47 805 76 817 170 
27 48 167 136 219 224 338 169 415 114 564 96 705 67 758 212 793 26 901 72 
20 141 151 209 261 93 395 203 471 162 556 43 676 201 793 23 852 140 874 249 
73 54 169 29 259 153 342 11 495 34 549 127 593 2 772 100 828 110 874 174 
17 191 201 245 207 166 357 219 419 172 603 32 675 128 786 122 865 27 918 39 935 174 
30 117 167 134 238 175 383 183 513 3 587 198 671 74 798 39 867 1 895 212 
53 83 148 173 231 84 401 241 411 210 565 124 691 185 738 175 801 199 892 100 
90 55 107 171 230 44 316 42 448 122 588 228 693 73 733 245 844 166 888 186 
1 164 183 129 218 223 355 138 491 212 612 149 706 59 795 122 848 2 888 216 
41 106 108 31 298 178 352 99 504 249 523 119 662 25 751 189 811 230 927 242 
50 248 187 111 225 170 339 51 473 224 571 245 632 85 755 53 800 251 933 82 
68 69 179 206 223 200 337 190 406 63 587 159 634 77 789 153 824 6 877 188 
32 50 162 39 257 194 331 239 460 180 542 39 696 15 728 103 792 222 890 146 938 13 
51 199 108 234 207 35 351 170 435 224 606 50 679 53 745 131 860 21 878 24 
13 170 202 121 227 190 328 44 475 222 533 116 651 7 766 182 787 179 881 255 934 55 
91 230 146 240 261 100 407 65 480 154 521 96 685 195 760 95 854 183 921 54 
25 98 164 166 217 1 396 105 461 250 588 125 591 74 761 148 770 164 886 123 
77 155 203 244 254 72 364 193 462 76 534 191 668 39 785 206 822 133 884 69 
101 156 117 140 260 244 353 119 472 22 506 197 669 148 716 172 852 83 930 203 
25 90 158 247 303 167 311 199 325 201 573 74 701 65 800 149 821 74 930 150 
82 233 125 100 255 114 384 203 501 67 557 22 664 233 733 24 831 52 866 122 
48 52 161 103 309 90 380 203 458 41 558 156 639 146 763 137 804 245 921 249 
70 209 141 75 262 189 370 123 476 28 580 181 599 129 778 159 838 79 925 242 
65 66 201 198 243 52 337 58 489 89 509 154 629 20 782 207 820 122 871 185 
39 249 127 237 252 233 313 33 463 150 545 94 633 170 722 166 809 250 899 142 938 178 
66 37 152 252 230 90 345 150 471 116 515 75 630 243 721 190 861 140 899 119 
66 222 118 239 280 172 389 241 459 234 622 41 670 201 775 148 801 55 871 22 
60 242 182 126 236 251 359 230 424 137 583 210 697 63 718 100 859 141 887 181 
47 63 181 64 240 90 409 212 419 240 579 36 642 120 762 82 835 53 839 191 
21 191 178 107 285 132 371 137 466 208 596 59 702 120 787 216 855 51 914 66 
94 56 148 49 263 196 334 170 446 208 561 66 590 37 727 45 820 175 882 20 
18 163 192 133 296 230 412 130 437 32 552 154 643 227 764 210 823 121 897 73 
23 219 186 225 278 76 329 81 497 57 526 200 642 92 759 101 819 116 920 175 
5 45 188 53 242 184 377 102 503 10 619 220 679 129 727 184 849 36 890 186 
64 6 105 27 306 146 332 170 450 94 575 91 684 14 734 213 802 153 885 176 889 207 
87 86 105 8 255 206 352 112 420 46 514 44 709 22 725 50 826 72 928 66 
46 105 130 54 294 234 392 143 456 221 519 113 621 200 755 85 818 49 928 83 934 212 
8 62 126 41 266 69 355 235 498 123 551 108 641 112 743 60 837 243 880 251 
41 48 156 42 256 101 410 176 500 151 556 9 680 154 718 222 856 55 869 164 
14 212 114 21 273 108 361 57 422 123 518 178 692 50 742 113 840 134 870 76 
29 232 160 178 213 118 405 53 440 143 584 146 710 234 760 176 849 230 887 9 934 134 
23 105 174 214 228 51 403 223 457 217 543 115 664 156 771 125 843 60 906 175 
10 178 133 96 231 27 323 208 492 155 612 221 647 210 757 84 816 141 893 112 
2 252 125 99 282 110 406 102 426 199 519 187 623 92 728 87 815 2 894 242 
38 128 180 168 227 200 397 91 436 190 570 114 618 113 753 209 804 176 909 137 
49 170 135 176 301 235 336 202 407 9 581 187 689 121 736 143 863 242 914 125 
37 133 171 199 254 169 324 72 457 12 573 132 694 167 766 254 857 206 918 254 940 83 
57 169 163 87 239 94 353 114 433 47 609 216 696 181 754 30 814 97 925 201 
44 36 157 175 306 86 381 188 451 102 538 251 676 150 778 235 832 233 915 207 
95 191 158 38 284 92 382 154 498 36 524 170 658 58 768 167 812 2 923 168 
81 157 117 247 219 145 387 3 507 31 616 211 622 60 745 96 822 123 908 29 
87 20 141 3 283 57 383 34 413 200 597 216 658 192 726 101 808 173 878 135 
52 106 193 228 276 118 365 83 467 206 522 104 614 201 776 121 836 9 878 245 
82 125 146 1 226 49 325 82 439 62 555 66 655 219 754 19 795 212 825 47 
12 38 142 74 249 127 315 242 436 140 562 88 657 145 779 34 790 44 893 117 
88 35 180 105 253 188 320 17 339 140 578 105 624 116 756 120 849 197 916 216 
90 110 133 238 298 84 392 27 412 162 558 150 629 133 722 219 806 142 891 170 
35 164 109 244 212 179 366 54 435 57 605 118 682 76 784 94 825 191 893 248 
40 162 112 211 246 217 371 56 450 38 554 243 633 34 772 226 853 114 897 218 
18 85 200 103 225 244 264 72 503 150 538 19 688 233 785 246 843 236 912 100 
92 87 126 103 237 174 342 94 433 194 582 3 704 76 759 195 860 67 911 48 
49 134 191 180 251 207 314 181 478 148 522 58 635 107 768 169 807 118 814 148 
71 162 106 251 211 18 397 144 464 129 589 20 603 34 788 84 813 150 906 109 
83 165 140 60 241 33 317 80 485 202 526 47 705 149 795 110 809 159 870 199 
76 22 168 212 257 248 364 179 414 239 532 49 637 159 773 72 862 207 910 122 
60 169 193 250 300 90 381 49 438 169 549 125 669 146 741 96 864 131 879 16 
19 44 116 235 273 174 394 185 470 108 568 216 688 102 782 138 866 231 908 169 
99 167 204 75 260 2 307 100 417 118 565 168 626 201 766 172 812 11 900 179 
61 16 150 197 262 141 388 193 458 130 520 225 627 95 732 149 847 9 905 25 
19 25 140 64 236 131 360 24 408 23 598 169 663 220 770 187 836 89 905 159 
79 47 111 16 212 141 340 212 468 88 617 213 714 230 769 16 851 196 926 70 
74 222 183 93 209 167 404 121 417 49 514 69 700 201 715 162 864 62 911 161 
28 76 196 191 232 147 319 146 492 193 544 123 636 26 729 201 840 195 912 54 
4 71 194 244 244 95 393 216 505 51 554 20 569 3 788 102 826 65 900 251 
95 236 149 145 210 169 334 86 466 136 518 240 703 17 764 194 860 159 913 239 
71 196 147 234 270 62 286 163 502 133 572 39 611 108 778 63 839 20 914 243 
33 177 198 52 303 238 372 254 454 101 593 104 667 9 723 177 823 168 883 39 936 56 
62 177 187 180 232 223 324 123 506 86 527 249 634 94 799 243 850 77 869 120 
6 16 134 131 234 67 395 235 487 251 595 185 681 40 743 135 853 18 916 207 
15 74 137 122 229 39 321 115 443 95 534 201 645 237 784 55 826 252 879 232 
89 8 177 140 272 139 304 207 443 3 571 230 698 143 751 10 775 143 920 228 939 195 
81 140 107 101 259 148 326 60 502 152 602 33 632 15 739 33 847 5 890 92 
3 8 159 74 237 92 369 46 482 255 515 233 652 132 773 249 857 145 922 2 
99 126 157 134 287 243 385 250 508 7 563 130 649 253 720 81 815 227 904 104 
16 53 188 154 308 35 388 127 510 132 596 217 636 197 758 75 796 171 885 67 
12 86 128 52 281 79 389 28 431 200 608 49 672 167 744 33 810 6 870 170 
5 149 104 9 292 86 335 104 420 102 591 87 631 70 747 188 829 222 925 53 
59 224 185 168 291 122 346 190 467 81 585 220 671 44 785 74 853 123 892 101 
8 28 104 252 211 104 349 185 418 116 547 223 646 11 719 147 824 103 883 218 
54 244 115 19 308 98 362 137 416 194 577 88 686 59 750 168 789 66 881 231 
30 89 176 44 279 93 356 162 432 41 568 234 682 208 787 172 829 109 896 35 
16 13 190 246 243 234 331 89 445 24 524 32 630 174 741 164 867 252 876 216 
37 56 129 93 220 242 330 15 499 166 608 160 659 103 757 98 818 95 877 171 
22 190 161 102 213 182 348 75 438 251 547 105 648 54 793 79 805 27 903 153 933 54 
88 201 189 173 288 217 402 206 482 7 536 124 666 3 716 63 811 44 884 117 
10 34 139 140 301 183 377 81 454 28 559 123 644 141 735 21 815 57 924 249 
72 140 197 221 226 214 344 181 431 25 532 179 602 130 782 133 812 31 924 86 
42 5 174 163 214 12 336 165 437 252 541 118 637 149 752 249 858 29 923 212 937 35 
45 109 175 94 239 135 400 201 470 70 546 149 660 221 758 177 828 118 886 139 
27 144 124 30 272 198 341 124 453 66 610 160 666 105 774 50 856 222 915 241 
84 91 118 201 286 105 367 169 479 144 592 216 643 82 796 153 807 209 868 237 940 124 
97 33 194 232 265 106 375 65 508 160 581 53 662 118 770 64 843 253 867 54 
86 158 150 238 266 124 401 212 453 147 541 117 687 191 780 55 825 33 913 62 
26 67 164 91 214 152 398 180 447 156 536 14 707 234 783 156 851 215 918 197 936 156 
80 84 110 232 218 248 333 177 512 182 529 103 670 50 752 211 832 19 924 44 
40 110 110 91 258 65 351 193 461 2 604 161 678 246 797 86 838 192 869 153 
74 93 123 131 280 17 365 189 460 234 567 186 687 202 777 195 806 94 875 183 
48 32 154 222 264 29 384 162 449 154 594 100 697 94 786 167 811 123 877 15 
4 13 162 17 269 70 322 29 494 111 594 115 714 232 771 76 801 2 903 221 
51 91 116 90 249 201 390 6 490 41 620 140 713 80 717 222 862 240 907 208 
1 180 177 89 305 24 322 187 483 79 525 6 686 86 781 123 845 91 894 220 
96 45 131 92 244 65 319 111 429 16 539 63 623 13 737 205 836 53 907 232 
62 208 151 137 295 219 346 170 452 89 531 7 639 59 715 21 863 212 926 129 938 141 
92 234 192 250 290 108 393 145 434 55 597 181 661 192 756 194 861 174 902 63 
21 148 153 13 293 63 359 68 477 147 585 113 646 70 794 35 814 69 921 252 
36 19 199 195 276 69 311 159 485 121 552 65 638 150 720 168 835 65 873 100 939 238 
24 203 144 187 287 99 382 251 423 186 533 91 647 33 748 131 846 116 871 147 
36 79 121 32 268 209 343 195 484 251 575 137 595 23 791 52 846 153 875 64 
45 216 119 212 235 128 329 233 421 28 550 42 690 248 764 40 841 179 876 99 
39 102 145 29 208 87 315 226 413 108 583 175 708 6 769 37 817 115 911 40 
33 217 165 180 238 57 402 113 440 149 535 126 567 55 767 89 810 242 910 54 
11 178 202 37 241 21 332 133 414 129 517 110 656 52 723 233 865 235 904 250 929 187 
43 72 182 2 292 184 341 47 484 188 582 182 626 39 731 41 844 160 898 10 
