836 100 256
3 19
2 2 2 2 2 2 2 2 2 2 2 2 2 2 2 2 2 2 2 2 2 2 2 2 2 2 2 2 2 2 2 2 2 2 2 2 2 2 2 2 2 2 2 2 2 2 2 2 2 2 2 2 2 2 2 2 2 2 2 2 2 2 2 2 2 2 2 2 2 2 2 2 2 2 2 2 2 2 2 2 2 2 2 2 2 2 2 2 2 2 2 2 2 2 2 2 2 2 2 2 2 2 2 2 2 2 2 2 2 2 2 2 2 2 2 2 2 2 2 2 2 2 2 2 2 2 2 2 2 2 2 2 2 2 2 2 2 2 2 2 2 2 2 2 2 2 2 2 2 2 2 2 2 2 2 2 2 2 2 2 2 2 2 2 2 2 2 2 2 2 2 2 2 2 2 2 2 2 2 2 2 2 2 2 2 2 2 2 2 2 2 2 2 2 2 2 2 2 2 2 2 2 2 2 2 2 2 2 2 2 2 2 2 2 2 2 2 2 2 2 2 2 2 2 2 2 2 2 2 2 2 2 2 2 2 2 2 2 2 2 2 2 2 2 2 2 2 2 2 2 2 2 2 2 2 2 2 2 2 2 2 2 2 2 2 2 2 2 2 2 2 2 2 2 2 2 2 2 2 2 2 2 2 2 2 2 2 2 2 2 2 2 2 2 2 2 2 2 2 2 2 2 2 2 2 2 2 2 2 2 2 2 2 2 2 2 2 2 2 2 2 2 2 2 2 2 2 2 2 2 2 2 2 2 2 2 2 2 2 2 2 2 2 2 2 2 2 2 2 2 2 2 2 2 2 2 2 2 2 2 2 2 2 2 2 2 2 2 2 2 2 2 2 2 2 2 2 2 2 2 2 2 2 2 2 2 2 2 2 2 2 2 2 2 2 2 2 2 2 2 2 2 2 2 2 2 2 2 2 2 2 2 2 2 2 2 2 2 2 2 2 2 2 2 2 2 2 2 2 2 2 2 2 2 2 2 2 2 2 2 2 2 2 2 2 2 2 2 2 2 2 2 2 2 2 2 2 2 2 2 2 2 2 2 2 2 2 2 2 2 2 2 2 2 2 2 2 2 2 2 2 2 2 2 2 2 2 2 2 2 2 2 2 2 2 2 2 2 2 2 2 2 2 2 2 2 2 2 2 2 2 2 2 2 2 2 2 2 2 2 2 2 2 2 2 2 2 2 2 2 2 2 2 2 2 2 2 2 2 2 2 2 2 2 2 2 2 2 2 2 2 2 2 2 2 2 2 2 2 2 2 2 2 2 2 2 2 2 2 2 2 2 2 2 2 2 2 2 2 2 2 2 2 2 2 2 2 2 2 2 2 2 2 2 2 2 2 2 2 2 2 2 2 2 2 2 2 2 2 2 2 2 2 2 2 2 2 2 2 2 2 2 2 2 2 2 2 2 2 2 2 2 2 2 2 2 2 2 2 2 2 2 2 2 2 2 2 2 2 2 2 2 2 2 2 2 2 2 2 2 2 2 2 2 2 2 2 2 2 3 3 3 3 3 3 3 3 3 3 3 3 3 3 3 3 3 3 3 3 3 3 3 3 3 3 3 3 3 3 3 3 3 3 3 3 3 3 3 3 3 3 3 3 3 3 3 3 3 3 3 3 3 3 3 3 3 3 3 3 3 3 3 3 3 3 3 3 3 3 3 3 3 3 3 3 3 3 3 3 3 3 3 3 3 3 3 3 3 3 3 3 3 3 3 3 3 3 3 3 3 3 3 3 3 3 3 3 3 3 3 3 3 3 3 3 3 3 3 3 3 3 3 3 3 3 3 3 3 3 3 3 3 3 3 3 3 3 3 3 3 3 3 3 3 3 3 3 3 3 3 3 3 3 3 3 3 3 3 3 3 3 3 3 3 3 3 
19 18 19 19 18 18 18 18 19 19 19 18 18 19 18 18 19 18 18 18 18 19 18 18 18 19 18 18 18 19 18 18 19 19 18 19 18 18 19 19 18 18 18 19 19 18 18 18 19 18 18 19 18 18 18 18 18 18 18 18 19 18 18 18 19 19 18 18 18 18 18 18 18 18 18 19 19 19 19 18 18 18 19 19 18 19 18 19 19 19 19 19 19 19 18 19 19 18 18 18 
82 163 91 225 
13 228 92 180 
10 128 62 13 
29 134 54 129 
96 201 97 88 
17 119 98 235 
47 220 94 139 
15 236 76 158 
41 39 88 155 
74 193 93 205 
3 88 61 91 
80 53 87 177 
63 153 69 117 
35 166 67 1 
18 149 58 160 
4 146 65 184 
6 81 26 195 
11 185 78 120 
31 61 64 219 
5 28 90 61 
37 129 42 230 
72 51 75 210 
21 51 45 24 
43 33 57 88 
66 107 71 43 
25 94 59 76 
16 77 55 71 
12 219 46 243 
32 178 99 144 
23 71 51 118 
24 190 77 180 
48 121 68 68 
86 97 95 155 
9 33 44 58 
14 183 27 182 
28 88 83 255 
22 132 79 46 
34 69 89 126 
19 105 30 98 
40 151 53 81 
38 121 81 6 
50 133 52 85 
20 53 85 42 
60 76 70 10 
33 2 49 247 
1 164 2 127 
56 222 84 121 
7 48 100 145 
36 221 39 168 
8 185 73 81 
17 52 79 216 
32 132 53 54 
16 64 62 140 
27 13 68 206 
71 251 77 174 
8 23 45 222 
24 224 93 222 
15 241 85 180 
55 42 100 6 
7 128 46 214 
11 63 97 69 
1 228 78 169 
83 237 88 236 
10 233 41 187 
29 53 81 101 
44 165 91 202 
21 213 30 168 
14 170 18 48 
58 154 87 102 
19 18 57 239 
63 10 86 70 
38 212 51 126 
6 194 42 69 
20 209 28 247 
25 202 33 106 
4 226 49 59 
94 135 96 238 
54 47 56 39 
39 16 90 84 
12 132 43 139 
47 217 76 76 
34 115 50 57 
9 180 22 182 
95 95 98 163 
3 18 66 120 
36 184 52 227 
2 231 80 32 
13 250 35 129 
72 218 74 59 
64 165 70 185 
40 16 65 187 
31 77 82 87 
26 239 73 80 
60 101 75 72 
23 169 89 226 
84 247 99 65 
59 10 61 44 
48 90 67 176 
69 157 92 175 
5 2 37 79 
65 30 94 55 
17 211 81 244 
12 14 35 110 
70 59 88 24 
26 164 61 50 
21 129 91 65 
13 4 47 98 
74 252 84 226 
23 230 80 12 
24 69 27 35 
33 81 34 54 
45 204 78 188 
5 117 92 178 
46 62 51 71 
28 238 58 207 
39 223 60 169 
3 140 62 127 
20 30 22 68 
32 164 55 190 
31 235 48 86 
8 119 56 175 
59 224 85 185 
41 6 97 59 
53 125 95 179 
18 138 19 1 
87 234 99 132 
52 20 57 125 
50 195 86 143 
69 150 71 110 
9 104 37 166 
2 23 90 49 
15 152 93 189 
7 74 44 220 
38 15 66 194 
11 175 98 213 
10 130 43 53 
63 36 83 168 
4 8 75 43 
64 84 89 51 
36 67 73 119 
1 170 68 213 
54 227 67 87 
6 159 96 188 
46 86 72 90 
49 62 79 171 
25 20 100 169 
40 221 77 98 
30 201 76 178 
3 147 82 85 
29 124 42 185 
6 192 14 186 
5 177 16 23 
55 18 70 241 
8 224 83 29 
74 154 97 90 
52 228 66 209 
39 35 98 169 
80 133 94 46 
34 206 42 71 
11 104 58 250 
19 200 25 217 
57 6 84 165 
9 232 53 203 
45 169 51 222 
22 190 68 24 
30 165 60 85 
2 19 61 206 
20 175 89 64 
37 18 93 59 
49 197 99 170 
67 113 95 42 
10 213 27 18 
29 54 75 26 
56 175 90 222 
40 236 73 178 
31 13 96 57 
62 18 65 119 
72 139 86 123 
16 92 18 231 
54 223 100 210 
4 158 78 22 
12 209 85 175 
21 104 87 250 
41 213 44 113 
17 36 43 169 
64 73 77 13 
23 188 63 5 
32 27 38 114 
59 127 81 28 
13 146 33 88 
26 4 76 173 
7 113 69 132 
15 106 88 214 
79 56 82 203 
36 47 48 162 
27 186 92 75 
11 241 71 204 
35 221 91 80 
24 157 50 130 
1 213 86 138 
28 152 47 166 
14 170 51 117 
35 148 70 94 
7 153 65 163 
8 211 17 207 
1 52 55 23 
37 75 43 53 
28 204 75 1 
57 208 64 255 
13 200 74 147 
72 97 82 111 
12 151 96 62 
19 253 22 52 
38 36 47 86 
41 117 49 39 
50 36 58 221 
30 204 69 159 
25 22 83 67 
32 222 92 181 
59 246 77 192 
26 193 44 192 
72 106 73 228 
36 192 85 129 
54 212 76 62 
63 207 91 53 
14 192 95 166 
46 58 90 251 
45 96 93 96 
29 158 80 45 
48 188 99 115 
15 120 31 189 
4 114 52 11 
33 254 39 253 
16 232 85 227 
10 214 21 45 
24 120 56 92 
18 150 88 44 
5 213 89 229 
20 197 78 75 
60 213 61 56 
71 113 79 75 
68 134 81 66 
2 239 9 101 
34 87 94 47 
62 199 67 107 
23 157 53 154 
3 81 97 10 
6 59 87 7 
98 43 100 12 
42 59 71 180 
18 165 66 236 
40 124 84 150 
32 15 97 231 
68 25 94 44 
24 160 47 152 
52 129 54 36 
53 19 88 21 
14 251 49 166 
21 254 40 134 
9 218 31 75 
1 3 41 28 
37 78 63 100 
65 107 93 155 
64 240 95 223 
6 89 17 248 
38 37 73 93 
28 112 55 255 
76 36 86 14 
39 217 87 192 
5 87 75 160 
33 68 45 252 
59 99 92 85 
4 237 12 213 
25 196 80 108 
20 75 69 196 
46 111 77 117 
2 77 67 89 
44 11 89 244 
30 12 34 238 
11 230 26 53 
27 207 83 232 
91 99 98 49 
78 181 84 10 
50 190 79 73 
7 126 36 163 
74 160 81 32 
3 94 29 231 
23 95 48 164 
42 224 70 100 
66 49 90 82 
22 54 56 91 
43 37 58 107 
15 204 87 19 
55 93 82 69 
96 181 100 244 
51 145 57 43 
10 114 90 113 
61 162 99 115 
13 157 18 196 
8 55 60 21 
62 110 63 171 
35 113 50 220 
19 115 32 64 
16 217 26 249 
1 201 13 129 
49 78 64 64 
54 25 89 225 
16 166 80 48 
48 104 75 181 
59 199 86 211 
30 125 74 28 
23 198 24 118 
8 165 31 76 
58 79 68 65 
66 93 93 18 
78 247 92 143 
5 221 96 220 
3 65 33 170 
42 79 85 201 
12 124 83 3 
52 59 53 94 
4 231 27 147 
38 76 67 221 
34 99 46 76 
14 217 36 238 
2 203 17 205 
9 253 47 214 
35 208 72 129 
43 224 76 11 
51 75 61 100 
10 191 15 246 
91 186 94 230 
29 150 40 172 
31 151 69 74 
16 168 45 53 
37 15 99 78 
19 140 65 85 
21 180 97 51 
22 201 70 169 
93 68 98 34 
5 251 79 77 
44 99 84 66 
10 38 100 24 
77 215 88 202 
3 33 20 205 
11 163 23 202 
28 211 95 40 
39 233 71 126 
7 199 57 75 
6 99 56 67 
62 25 81 34 
41 169 60 229 
25 38 82 189 
37 31 73 36 
69 245 90 10 
7 196 99 134 
72 64 87 119 
32 236 42 112 
2 43 50 179 
45 13 82 38 
21 22 25 215 
9 228 58 169 
39 33 68 170 
26 31 28 41 
27 172 71 105 
70 81 92 169 
19 131 77 66 
60 150 100 202 
30 98 62 194 
11 52 15 59 
13 26 89 80 
29 237 35 163 
33 204 52 172 
22 98 91 251 
12 212 56 199 
54 32 74 206 
1 93 98 31 
36 209 43 11 
17 247 46 231 
38 110 63 125 
75 152 97 187 
14 217 34 77 
88 159 94 40 
18 121 84 246 
49 239 76 71 
44 18 79 154 
6 36 53 14 
66 108 96 219 
78 207 81 110 
41 27 80 64 
59 179 65 212 
20 2 51 237 
74 24 83 107 
64 163 73 79 
8 223 86 190 
48 75 57 236 
4 17 95 175 
67 210 85 84 
24 49 61 38 
40 243 55 175 
4 137 47 154 
49 32 72 107 
13 180 82 135 
33 157 96 163 
75 138 98 185 
54 5 71 243 
65 173 70 79 
51 97 87 228 
9 63 34 142 
66 59 91 237 
12 40 79 202 
21 178 86 97 
76 128 77 95 
19 149 36 228 
23 26 39 241 
45 140 94 204 
43 244 78 25 
27 191 46 52 
50 252 85 224 
37 91 81 207 
3 97 8 111 
26 89 93 132 
30 211 99 80 
62 70 73 127 
17 60 40 135 
10 184 47 244 
16 131 97 119 
18 175 69 28 
55 106 67 181 
24 81 25 153 
6 69 60 209 
38 86 44 38 
5 35 52 97 
42 86 83 227 
14 126 22 21 
1 227 7 95 
20 152 53 211 
31 193 80 92 
15 91 92 161 
28 132 56 126 
2 72 11 74 
35 123 41 57 
59 223 90 232 
57 170 63 27 
29 136 95 183 
32 38 68 109 
58 44 89 87 
64 97 100 27 
46 21 84 241 
48 237 88 106 
61 137 63 22 
26 185 39 234 
8 209 10 190 
1 181 42 166 
25 137 44 204 
17 171 24 92 
19 130 28 201 
60 90 89 7 
73 54 98 205 
57 55 97 234 
64 104 85 35 
33 186 77 242 
29 198 47 214 
59 26 75 206 
45 110 100 11 
12 151 69 68 
31 85 84 86 
3 177 68 76 
58 64 93 14 
22 209 61 67 
62 35 79 16 
78 73 87 228 
51 107 70 62 
18 198 72 82 
9 6 83 41 
15 158 81 195 
2 107 91 66 
43 44 67 28 
90 89 95 130 
32 64 56 85 
4 254 80 39 
11 186 13 195 
30 252 35 98 
40 53 41 107 
20 110 96 207 
5 23 88 219 
65 100 82 72 
21 176 48 2 
23 246 76 204 
49 209 92 40 
16 41 71 101 
7 113 50 215 
55 26 74 150 
27 203 53 48 
37 240 94 187 
36 27 86 164 
66 96 99 163 
34 193 38 86 
14 73 54 153 
6 150 82 192 
17 91 52 199 
38 93 100 187 
56 225 65 250 
39 31 40 154 
3 167 7 171 
20 105 74 174 
13 138 37 155 
76 28 90 93 
19 28 98 82 
28 86 99 19 
24 86 95 32 
9 85 59 205 
4 122 21 52 
68 69 72 138 
66 140 83 143 
61 49 71 49 
15 155 89 75 
10 211 75 230 
42 95 62 44 
31 105 54 10 
30 110 58 87 
47 96 70 32 
36 20 84 30 
2 96 93 167 
11 230 25 219 
34 116 97 249 
67 200 92 63 
32 185 64 235 
1 139 51 65 
12 254 87 197 
18 35 79 245 
23 18 81 144 
14 51 80 181 
46 3 91 110 
45 56 50 213 
57 192 94 122 
27 67 96 236 
6 91 35 58 
26 136 29 152 
63 84 85 90 
16 109 48 30 
22 104 73 182 
43 209 53 155 
52 107 55 162 
77 1 78 87 
41 96 69 103 
33 8 86 16 
8 25 44 121 
1 187 5 114 
49 82 55 114 
29 105 88 22 
11 134 60 87 
22 217 93 146 
6 42 77 98 
28 183 71 172 
25 241 68 97 
69 251 73 227 
24 114 62 234 
18 250 61 200 
79 207 80 121 
12 138 38 46 
10 125 74 64 
21 143 42 193 
13 107 90 21 
57 77 60 195 
23 147 35 58 
40 23 58 66 
26 217 52 193 
46 70 67 111 
44 224 70 206 
30 171 53 83 
37 77 100 169 
51 36 56 47 
14 119 15 81 
36 139 96 64 
82 10 99 236 
39 146 47 69 
5 170 8 236 
76 84 91 75 
45 183 95 148 
34 71 87 165 
17 160 63 24 
64 118 66 224 
50 49 75 149 
27 47 85 191 
20 228 49 198 
3 31 98 66 
2 129 88 50 
54 219 94 63 
33 37 48 14 
19 202 31 174 
65 36 83 104 
9 85 78 88 
4 164 32 192 
72 85 89 150 
16 91 86 240 
43 111 59 43 
7 112 81 89 
41 180 59 65 
17 237 92 237 
39 185 97 98 
84 50 95 188 
11 203 46 105 
4 187 89 51 
18 197 21 100 
53 56 61 23 
27 241 37 29 
41 164 82 123 
9 106 55 4 
24 162 69 210 
43 145 44 112 
29 95 92 246 
35 52 57 83 
2 27 36 143 
42 25 90 68 
81 203 96 37 
6 54 86 59 
14 94 75 140 
60 234 91 24 
62 24 88 89 
31 142 51 116 
20 236 48 233 
74 179 79 51 
64 122 87 185 
85 150 94 79 
12 149 26 159 
23 184 100 145 
66 92 78 25 
16 197 47 38 
28 82 80 176 
15 2 52 235 
32 213 33 201 
1 140 54 117 
7 217 76 41 
70 3 97 162 
3 174 84 102 
34 161 98 197 
77 2 99 197 
65 67 71 19 
56 117 63 115 
50 226 83 231 
25 66 67 24 
5 236 38 188 
8 235 58 142 
5 197 30 21 
23 208 73 238 
10 231 22 146 
53 98 72 162 
19 70 49 6 
68 242 95 186 
13 240 40 238 
60 74 93 103 
45 127 59 147 
42 31 72 254 
86 141 99 155 
37 90 39 191 
1 25 24 254 
56 18 88 175 
12 188 55 222 
16 115 46 116 
6 108 47 158 
58 225 91 189 
45 106 89 161 
69 161 75 79 
13 168 87 165 
28 162 35 137 
19 133 29 172 
82 24 85 38 
31 110 50 46 
27 129 64 156 81 131 
33 184 58 217 70 35 
74 33 92 39 100 2 
41 61 66 224 73 207 
9 94 62 147 93 33 
20 167 44 75 65 78 
51 199 83 31 94 111 
10 75 26 86 32 73 
76 103 79 176 97 82 
63 77 68 10 77 34 
3 171 4 224 36 171 
22 124 52 34 98 226 
8 28 11 59 14 18 
38 134 40 175 80 121 
67 227 90 130 96 157 
21 240 54 216 84 183 
7 84 25 56 88 97 
34 17 48 96 61 116 
2 7 43 114 49 180 
15 56 30 70 78 167 
9 8 57 192 71 54 
17 169 18 188 100 218 
21 139 28 75 81 69 
25 6 61 184 96 225 
13 185 20 120 71 255 
31 201 55 71 63 249 
46 118 70 10 99 28 
4 216 11 69 74 164 
40 56 75 43 85 213 
34 19 43 235 82 170 
8 85 78 25 79 22 
38 62 49 94 91 238 
5 86 65 99 87 37 
1 247 17 72 64 87 
33 143 66 41 75 233 
50 188 54 190 59 64 
18 110 30 132 56 67 
2 225 15 43 73 221 
12 164 41 164 86 102 
44 241 90 15 94 48 
14 166 53 233 62 12 
23 58 42 218 52 6 
19 101 83 92 89 205 
32 165 48 242 93 76 
47 83 69 55 84 127 
7 59 16 113 22 185 
24 15 26 205 67 246 
6 157 36 108 45 232 
57 190 92 250 95 104 
27 164 60 182 72 191 
35 219 77 250 93 127 
39 21 50 168 76 16 
10 78 29 95 51 208 
12 174 68 135 98 39 
3 200 37 165 80 79 
24 59 46 165 97 146 
31 116 33 121 42 88 
2 68 47 60 72 115 
8 34 26 213 85 85 
22 103 67 123 87 240 
3 178 15 131 39 119 
16 66 83 230 99 234 
37 208 54 102 95 159 
41 32 84 109 90 142 
7 194 20 125 23 73 
4 70 28 215 63 111 
64 190 94 203 97 250 
25 170 45 130 69 59 
30 177 59 12 98 124 
27 8 55 153 86 155 
35 183 81 219 82 93 
40 35 61 160 74 107 
13 249 16 40 60 235 
34 138 49 64 56 209 
14 81 57 219 78 95 
36 215 38 1 70 193 
48 16 58 177 79 144 
51 50 62 165 89 222 
10 132 18 244 39 173 
1 80 43 69 96 6 
17 94 20 39 73 52 
5 190 77 198 80 72 
44 77 53 35 66 188 
9 255 21 227 88 40 
32 161 71 66 76 237 
11 18 19 132 68 219 
6 58 52 155 69 8 
29 233 65 153 99 129 
65 148 91 11 100 128 
21 232 34 172 92 168 
4 31 79 56 91 140 
60 147 67 123 83 251 
6 162 74 7 80 137 
10 68 56 185 66 35 
19 39 73 254 87 91 
12 12 14 3 45 191 
31 51 46 163 92 62 
23 167 25 255 84 149 
40 76 93 123 95 202 
15 162 27 44 75 188 
13 41 36 23 78 188 
29 185 33 87 59 97 
24 238 42 214 81 134 
54 109 57 219 58 238 
61 214 64 177 90 216 
55 2 88 152 98 59 
22 78 28 172 100 68 
9 250 48 81 96 94 
3 47 11 56 38 206 
32 35 62 229 85 5 
8 228 63 44 71 243 
37 140 44 113 77 211 
5 76 47 28 49 244 
2 37 53 79 97 112 
51 221 68 74 86 28 
18 54 70 100 76 231 
30 88 50 13 72 10 
17 5 26 21 94 92 
7 114 43 25 52 148 
41 246 55 100 89 41 
1 153 37 63 82 222 
8 227 35 23 62 61 
28 93 60 242 82 39 
19 243 90 104 92 30 
33 55 83 222 100 238 
5 24 31 59 66 204 
36 47 47 25 56 252 
41 181 48 95 50 246 
3 125 57 96 99 206 
23 138 44 63 45 219 
35 211 52 9 61 146 
13 130 51 163 88 107 
27 150 93 103 97 167 
7 237 40 195 71 32 
10 250 77 234 81 44 
61 180 72 72 78 84 
43 218 80 139 95 48 
6 245 20 151 46 176 
9 196 30 165 85 75 
17 229 38 177 69 108 
2 85 12 22 21 12 
14 115 42 194 64 231 
63 254 70 113 87 122 
4 154 54 186 96 249 
29 82 84 103 91 176 
32 207 34 148 39 38 
25 3 75 225 94 26 
11 14 59 22 79 111 
1 108 16 78 53 94 
18 34 67 170 98 106 
58 172 86 33 90 238 
15 250 22 85 26 226 
65 191 68 140 73 245 
24 171 76 120 89 116 
49 93 74 19 78 137 
33 99 88 203 92 13 
4 182 17 16 66 26 
10 87 83 169 91 77 
26 84 79 134 86 40 
22 19 77 49 84 201 
1 70 34 205 93 69 
9 131 39 34 65 157 
40 114 49 16 97 23 
30 146 36 198 89 189 
11 200 45 19 52 210 
14 111 76 78 94 246 
3 65 44 231 96 100 
46 164 62 228 141 170 200 213 206 52 261 3 305 201 377 93 436 227 454 181 529 139 549 187 633 140 657 25 703 247 749 80 790 153 818 108 830 70 
46 127 87 231 131 23 167 19 243 239 277 77 326 203 359 43 441 72 477 107 524 96 588 129 614 27 688 7 707 225 727 68 783 37 810 85 
11 88 85 18 117 140 149 147 247 81 287 94 318 65 345 33 421 97 468 177 505 167 587 31 636 174 680 171 724 200 730 178 778 47 798 125 836 65 
16 146 76 226 138 8 181 158 232 114 273 237 322 231 397 17 401 137 481 254 513 122 594 164 604 187 680 224 697 216 735 70 760 31 813 154 826 182 
20 28 100 2 113 117 152 177 238 213 270 87 317 221 341 251 433 35 486 23 549 114 578 170 643 236 645 197 702 86 751 190 782 76 795 24 
17 81 73 194 143 159 151 192 248 59 265 89 350 99 387 36 431 69 500 150 538 91 554 42 617 54 661 108 717 157 756 58 762 162 807 245 
48 48 60 128 133 74 192 113 204 153 285 126 349 199 356 196 436 95 492 113 505 171 598 112 634 217 686 84 715 59 734 194 788 114 803 237 
50 185 56 23 121 119 154 224 205 211 300 55 313 165 395 223 421 111 453 209 548 25 578 236 644 235 682 28 700 85 728 34 780 228 791 227 
34 33 83 180 130 104 163 232 243 101 260 218 327 253 362 228 409 63 475 6 512 85 593 85 609 106 674 94 690 8 753 255 777 250 808 196 831 131 
3 128 64 233 136 130 172 213 235 214 297 114 331 191 343 38 426 184 453 190 518 211 562 125 647 231 677 75 722 78 748 132 763 68 804 250 827 87 
18 185 61 63 135 175 160 104 197 241 280 230 346 163 370 52 441 74 482 186 525 230 552 134 603 203 682 59 697 69 755 18 778 56 817 14 834 200 
28 219 80 132 103 14 182 209 212 151 273 213 320 124 375 212 411 40 466 151 530 254 561 138 626 149 659 188 708 164 723 174 765 12 810 22 
2 228 88 250 107 4 190 146 210 200 299 157 305 129 371 26 403 180 482 195 507 138 564 107 651 240 665 168 694 185 742 249 770 41 801 130 
35 183 68 170 151 186 202 170 226 192 258 251 325 217 382 217 435 126 499 73 533 51 574 119 618 94 682 18 710 166 744 81 765 3 811 115 835 111 
8 236 58 241 132 152 193 106 231 120 293 204 331 246 370 59 439 91 476 158 517 155 574 81 631 2 689 56 707 43 730 131 769 162 821 250 
27 77 53 64 152 23 179 92 234 232 304 217 308 166 335 168 427 131 491 41 541 109 596 91 629 197 660 115 715 113 731 66 742 40 818 78 
6 119 51 52 102 211 185 36 205 207 265 248 326 205 379 247 425 60 456 171 501 91 582 160 600 237 691 169 703 72 750 94 787 5 809 229 826 16 
15 149 68 48 125 138 179 231 237 150 251 165 299 196 384 121 428 175 474 198 531 35 559 250 605 197 691 188 706 110 748 244 785 54 819 34 
39 105 70 18 125 1 161 200 213 253 303 115 337 140 367 131 414 149 457 130 509 28 591 202 649 70 667 133 712 101 755 132 764 39 793 243 
43 53 74 209 118 30 168 175 239 197 275 75 345 205 392 2 437 152 485 110 506 105 586 228 622 236 675 167 694 120 734 125 750 39 807 151 
23 51 67 213 106 129 183 104 235 45 259 254 338 180 361 22 412 178 488 176 513 52 563 143 605 100 685 240 692 139 753 227 759 232 810 12 
37 132 83 182 118 68 165 190 213 52 291 54 339 201 374 98 435 21 470 209 542 104 553 217 647 146 681 124 715 185 729 103 776 78 821 85 829 19 
30 71 95 169 109 230 187 188 246 157 288 95 312 198 346 202 415 26 489 246 532 18 566 147 627 184 646 208 711 58 734 73 767 167 799 138 
31 190 57 224 110 69 199 157 236 120 255 160 312 118 399 49 430 81 456 92 511 86 558 114 610 162 657 254 716 15 725 59 772 238 823 171 
26 94 75 202 146 20 161 217 218 22 274 196 353 38 361 215 430 153 455 137 525 219 556 241 642 66 686 56 693 6 737 170 767 255 816 3 
17 195 93 239 105 164 191 4 221 193 280 53 304 249 364 31 422 89 452 185 539 136 568 217 626 159 677 86 716 205 728 213 787 21 821 226 828 84 
35 182 54 13 110 35 172 18 196 186 281 207 322 147 365 172 418 191 494 203 537 67 585 47 607 241 670 129 719 164 739 8 769 44 802 150 
36 88 74 247 115 238 201 152 208 204 267 112 347 211 364 41 440 132 457 201 510 86 555 183 630 82 666 162 692 75 735 215 776 172 792 93 
4 134 65 53 150 124 173 54 229 158 287 231 333 150 372 237 445 136 463 198 539 152 551 105 612 95 667 172 722 95 757 233 771 185 814 82 
39 98 67 168 148 201 166 165 217 204 279 12 311 125 369 98 423 211 483 252 521 110 571 171 645 21 689 70 706 132 738 177 786 88 808 165 833 146 
19 61 92 77 120 235 176 13 231 189 260 75 313 76 334 151 438 193 467 85 520 105 591 174 621 142 669 110 695 201 726 116 766 51 795 59 
29 178 52 132 119 164 188 27 219 222 253 15 303 64 358 236 446 38 480 64 528 185 594 192 632 213 677 73 713 165 754 161 779 35 815 207 
45 2 75 106 111 81 190 88 233 254 271 68 318 170 373 204 404 157 462 186 547 8 590 37 632 201 671 184 704 143 726 121 771 87 794 55 825 99 
38 69 82 115 111 54 159 206 244 87 279 238 324 99 382 77 409 142 498 193 526 116 581 71 637 161 687 17 699 19 743 138 759 172 815 148 830 205 
14 166 88 129 103 110 198 221 203 148 302 113 328 208 372 163 442 123 483 98 538 58 566 58 613 52 666 137 720 219 740 183 791 23 800 211 
49 221 86 184 140 67 195 47 223 192 285 163 325 238 378 209 414 228 496 27 523 20 575 139 614 143 680 171 717 108 745 215 770 23 796 47 833 198 
21 129 100 79 130 166 169 18 207 75 262 78 336 15 354 31 420 91 495 240 507 155 572 77 607 29 656 90 724 165 732 208 781 140 790 63 
41 121 72 212 134 15 188 114 214 36 266 37 323 76 380 110 432 86 498 86 502 93 561 46 643 188 683 134 701 62 745 1 778 206 809 177 
49 168 79 16 116 223 157 35 233 253 269 217 348 233 363 33 415 241 452 234 504 31 577 146 601 185 656 191 721 21 730 119 748 173 815 38 831 34 
40 151 91 16 147 221 175 236 252 124 259 134 333 172 400 243 425 135 484 53 504 154 567 23 651 238 683 175 698 56 741 35 768 76 803 195 832 114 
9 39 64 187 123 6 184 213 215 117 261 28 352 169 390 27 442 57 484 107 546 96 599 180 608 164 673 61 708 164 733 32 789 246 797 181 
21 230 73 69 150 185 159 71 250 59 289 224 319 79 358 112 434 86 454 166 519 95 563 193 615 25 654 31 711 218 726 88 772 214 811 194 
24 33 80 139 136 53 185 169 207 53 292 37 329 224 378 11 417 244 478 44 543 209 597 111 611 145 688 114 699 235 749 69 788 25 806 218 
34 58 66 165 133 220 184 113 221 192 278 11 342 99 386 18 432 38 455 204 548 121 570 224 611 112 675 75 709 241 752 77 781 113 799 63 836 231 
23 24 56 222 112 204 164 169 228 96 271 252 335 53 360 13 416 140 465 110 535 56 580 183 653 127 663 106 717 232 737 130 765 191 799 219 834 19 
28 243 60 214 114 62 144 86 227 58 276 111 324 76 379 231 418 52 449 21 534 3 569 70 603 105 660 116 696 118 725 165 766 163 807 176 
7 220 81 217 107 98 201 166 214 86 255 152 327 214 401 154 426 244 463 214 522 96 577 69 629 38 661 158 714 83 727 60 782 28 796 25 
32 121 98 90 120 86 195 162 230 188 288 164 309 104 396 75 450 237 488 2 541 30 590 14 622 233 687 96 713 242 746 16 777 81 797 95 
45 247 76 59 145 62 170 197 215 39 258 166 306 78 385 239 402 32 490 209 550 82 586 198 649 6 688 180 701 94 743 64 782 244 824 93 832 16 
42 133 82 57 128 195 199 130 216 36 284 190 302 220 359 179 419 252 492 215 535 213 584 49 641 226 669 46 705 188 721 168 786 13 797 246 
30 118 72 126 114 71 164 222 202 117 296 145 330 75 392 237 408 97 473 107 529 65 573 36 621 116 676 199 722 208 747 50 784 221 801 163 
42 85 86 227 127 20 156 228 232 11 256 129 321 59 373 172 433 97 501 199 544 107 568 193 631 235 681 34 711 6 756 155 788 148 800 9 834 210 
40 81 52 54 124 125 163 203 246 154 257 19 321 94 387 14 437 211 494 48 543 155 571 83 606 56 648 98 710 233 752 35 783 79 818 94 
4 129 78 47 142 227 180 223 224 212 256 36 307 25 376 32 406 5 499 153 520 10 589 219 633 117 685 216 705 190 732 102 773 109 813 186 
27 71 59 42 119 190 153 18 206 23 267 255 294 93 400 175 429 106 493 26 544 162 550 114 609 4 659 222 695 71 739 153 775 2 789 100 
47 222 78 39 121 175 174 175 236 92 291 91 350 67 375 199 440 126 480 85 503 225 573 47 640 117 658 18 706 67 743 209 763 185 796 252 
24 88 70 239 127 125 162 6 209 208 296 43 349 75 396 236 444 170 460 55 536 192 565 77 613 83 690 192 718 190 744 219 773 219 798 96 
15 160 69 154 115 207 160 250 216 221 292 107 314 79 362 169 447 44 469 64 521 87 567 66 644 142 662 225 671 217 746 177 773 238 820 172 
26 76 97 10 122 224 189 127 220 246 272 99 310 199 391 179 443 223 464 26 512 205 597 43 599 65 653 147 705 64 738 12 771 97 817 22 
44 76 94 101 116 169 166 85 240 213 300 21 352 229 368 150 431 209 458 90 552 87 565 195 619 234 652 74 719 182 742 235 761 147 792 242 
11 91 97 44 105 50 167 206 240 56 298 162 330 100 399 38 451 137 470 67 516 49 559 200 606 23 687 116 693 184 741 160 774 214 800 146 805 180 
3 13 53 140 117 127 177 18 245 199 301 110 351 25 369 194 424 70 471 35 519 44 558 234 620 24 674 147 710 12 747 165 779 229 791 61 
13 153 71 10 137 36 187 5 225 207 262 100 301 171 380 125 444 27 451 22 540 84 582 24 640 115 679 77 695 249 735 111 780 44 812 254 
19 219 90 165 139 84 186 73 209 255 264 240 306 64 394 163 448 97 461 104 528 235 583 118 624 122 670 156 703 87 736 190 774 177 811 231 
16 184 91 187 101 30 177 119 204 163 263 107 337 85 391 212 407 173 487 100 503 250 592 36 639 67 675 78 702 99 757 153 758 148 822 191 831 157 
25 107 85 120 134 194 156 209 251 236 290 49 315 93 388 108 410 59 497 96 515 140 583 224 628 92 673 224 704 41 752 188 763 35 795 204 826 26 
14 1 98 176 142 87 171 113 245 107 277 89 323 221 398 210 429 181 478 28 527 200 569 111 642 24 684 227 716 246 729 123 761 123 819 170 
32 68 54 206 141 213 165 24 242 134 254 25 314 65 363 170 446 109 468 76 514 69 556 97 650 242 679 10 723 135 755 219 784 74 822 140 
13 117 99 157 129 150 192 132 217 159 275 196 334 74 355 245 428 28 466 68 546 103 557 251 610 210 664 161 714 55 737 59 756 8 809 108 
44 10 90 185 104 59 153 241 203 94 289 100 339 169 366 81 407 79 473 62 522 32 570 206 635 3 671 35 696 10 745 193 785 100 812 113 
25 43 55 251 129 110 197 204 241 113 250 180 348 126 365 105 406 243 491 101 516 49 555 172 639 19 690 54 694 255 754 66 780 243 803 32 
22 51 89 218 144 90 178 139 211 97 222 106 328 129 357 64 402 107 474 82 514 138 595 85 648 162 654 254 719 191 727 115 786 10 805 72 
50 81 93 80 140 119 175 178 222 228 266 93 354 36 394 79 424 127 459 54 542 182 557 227 646 238 673 207 707 221 750 52 764 254 822 245 
10 193 89 59 108 252 155 154 210 147 286 160 311 28 376 206 393 24 493 150 506 174 562 64 623 179 672 33 697 164 741 107 762 7 824 19 
22 210 94 72 138 43 173 26 208 1 270 160 309 181 381 152 405 138 464 206 518 230 584 149 618 140 664 79 698 43 704 233 769 188 816 225 
8 158 81 76 148 178 191 173 224 62 268 36 329 11 385 71 413 128 489 204 508 28 579 84 634 41 678 103 721 16 754 237 785 231 823 120 835 78 
31 180 55 174 147 98 186 13 220 192 276 117 344 215 367 66 413 95 462 242 545 1 554 98 638 2 679 34 720 250 751 198 781 211 804 234 829 49 
18 120 62 169 112 188 181 22 239 75 283 181 316 247 389 207 417 25 472 73 545 87 593 88 628 25 689 167 700 25 744 95 770 188 805 84 824 137 
37 46 51 216 145 171 194 56 241 75 284 73 341 77 386 154 411 202 471 16 531 245 560 207 623 51 678 176 700 22 746 144 760 56 817 111 828 134 
12 53 87 32 109 12 158 133 229 45 274 108 308 48 390 64 438 92 481 39 533 181 560 121 630 176 683 121 724 79 751 72 762 137 806 139 
41 6 65 101 102 244 189 28 242 66 286 32 351 34 389 110 420 207 476 195 532 144 598 89 616 203 670 131 692 69 740 219 772 134 804 44 
1 163 92 87 149 85 194 203 211 111 294 69 353 189 360 38 403 135 487 72 500 192 576 10 608 123 668 24 699 170 740 93 790 222 792 39 
36 255 63 237 137 168 154 29 218 67 281 232 320 3 393 107 434 227 475 41 515 143 592 104 641 231 676 31 712 92 731 230 761 251 794 222 827 169 
47 121 96 247 108 226 162 165 252 150 283 10 342 66 384 246 449 241 467 86 523 30 602 50 636 102 685 183 714 127 733 109 767 149 814 103 829 201 
43 42 58 180 122 185 182 175 223 129 234 227 319 201 398 84 419 224 461 35 540 90 585 191 625 150 668 38 698 213 728 85 779 5 808 75 
33 97 71 70 128 143 178 123 200 138 268 14 310 211 395 190 412 97 496 164 547 16 596 240 617 59 655 141 708 102 739 155 784 28 820 33 828 40 
12 177 69 102 126 234 183 250 248 7 269 192 293 19 357 119 408 228 472 228 530 197 581 165 624 185 665 165 702 37 729 240 764 91 812 122 
9 155 63 236 104 24 193 214 237 44 257 21 344 202 383 159 450 106 486 219 551 22 588 50 620 89 658 175 686 97 753 40 775 152 801 107 825 203 
38 126 95 226 139 51 168 64 238 229 278 244 307 225 371 80 447 87 458 7 517 75 595 150 604 51 663 161 712 205 747 222 789 41 823 116 833 189 
20 61 79 84 131 49 174 222 227 251 290 82 297 113 355 10 443 232 479 89 508 93 564 21 615 68 684 130 709 15 733 142 774 216 793 104 820 238 
1 225 66 202 106 65 198 80 225 53 282 99 332 186 374 251 410 237 477 66 534 110 579 75 619 24 662 189 701 238 758 11 760 140 814 176 827 77 
2 180 99 175 113 178 196 75 219 181 272 85 316 143 366 169 439 161 490 40 527 63 600 237 612 246 672 39 718 250 759 168 766 62 793 30 825 13 
10 205 57 222 132 189 169 59 228 96 263 155 315 18 340 68 422 132 469 14 524 167 553 146 652 103 674 33 713 76 720 127 768 123 802 103 830 69 
7 139 77 135 101 55 158 46 244 47 254 44 332 230 383 40 416 204 495 187 536 122 589 63 625 79 676 111 709 48 736 203 787 92 816 26 835 246 
33 155 84 95 124 179 171 42 226 166 264 223 347 40 397 175 445 183 479 130 511 32 580 148 602 188 650 186 718 104 732 159 768 202 806 48 
5 201 77 238 143 188 176 57 212 62 295 181 317 220 388 219 404 163 485 207 537 236 575 64 616 37 684 157 693 225 749 6 777 94 813 249 836 100 
5 88 61 69 123 59 155 90 247 10 253 231 338 51 381 187 427 119 460 234 526 249 601 98 635 162 678 82 725 146 736 250 783 112 802 167 832 23 
6 235 84 163 135 213 157 169 249 43 282 49 340 34 377 31 405 185 459 205 509 82 587 66 637 197 681 226 723 39 738 124 775 59 819 106 
29 144 96 65 126 132 170 170 230 115 298 115 336 78 356 134 423 80 497 163 510 19 576 236 638 197 655 155 696 28 731 234 757 129 798 206 
48 145 59 6 146 169 180 210 249 12 295 244 343 24 368 202 448 27 465 11 502 187 572 169 627 145 672 2 691 218 758 128 776 68 794 238 
