783 47 256
3 37
2 2 2 2 2 2 2 2 2 2 2 2 2 2 2 2 2 2 2 2 2 2 2 2 2 2 2 2 2 2 2 2 2 2 2 2 2 2 2 2 2 2 2 2 2 2 2 2 2 2 2 2 2 2 2 2 2 2 2 2 2 2 2 2 2 2 2 2 2 2 2 2 2 2 2 2 2 2 2 2 2 2 2 2 2 2 2 2 2 2 2 2 2 2 2 2 2 2 2 2 2 2 2 2 2 2 2 2 2 2 2 2 2 2 2 2 2 2 2 2 2 2 2 2 2 2 2 2 2 2 2 2 2 2 2 2 2 2 2 2 2 2 2 2 2 2 2 2 2 2 2 2 2 2 2 2 2 2 2 2 2 2 2 2 2 2 2 2 2 2 2 2 2 2 2 2 2 2 2 2 2 2 2 2 2 2 2 2 2 2 2 2 2 2 2 2 2 2 2 2 2 2 2 2 2 2 2 2 2 2 2 2 2 2 2 2 2 2 2 2 2 2 2 2 2 2 2 2 2 2 2 2 2 2 2 2 2 2 2 2 2 2 2 2 2 2 2 2 2 2 2 2 2 2 2 2 2 2 2 2 2 2 2 2 2 2 2 2 2 2 2 2 2 2 2 2 2 2 2 2 2 2 2 2 2 2 2 2 2 2 2 2 2 2 2 2 2 2 2 2 2 2 2 2 2 2 2 2 2 2 2 2 2 2 2 2 2 2 2 2 2 2 2 2 2 2 2 2 2 2 2 2 2 2 2 2 2 2 2 2 2 2 2 2 2 2 2 2 2 2 2 2 2 2 2 2 2 2 2 2 2 2 2 2 2 2 2 2 2 2 2 2 2 2 2 2 2 2 2 2 2 2 2 2 2 2 2 2 2 2 2 2 2 2 2 2 2 2 2 2 2 2 2 2 2 2 2 2 2 2 2 2 2 2 2 2 2 2 2 2 2 2 2 2 2 2 2 2 2 2 2 2 2 2 2 2 2 2 2 2 2 2 2 2 2 2 2 2 2 2 2 2 2 2 2 2 2 2 2 2 2 2 2 2 2 2 2 2 2 2 2 2 2 2 2 2 2 2 2 2 2 2 2 2 2 2 2 2 2 2 2 2 2 2 2 2 2 2 2 2 2 2 2 2 2 2 2 2 2 2 2 2 2 2 2 2 2 2 2 2 2 2 2 2 2 2 2 2 2 2 2 2 2 2 2 2 2 2 2 2 2 2 2 2 2 2 2 2 2 2 2 2 2 2 2 2 2 2 2 2 2 2 2 2 2 2 2 2 2 2 2 2 2 2 2 2 2 2 2 2 2 2 2 2 2 2 2 2 2 2 2 2 2 2 2 2 2 2 2 2 2 2 2 2 2 2 2 2 2 2 2 2 2 2 2 2 2 2 2 2 2 2 2 2 2 2 3 3 3 3 3 3 3 3 3 3 3 3 3 3 3 3 3 3 3 3 3 3 3 3 3 3 3 3 3 3 3 3 3 3 3 3 3 3 3 3 3 3 3 3 3 3 3 3 3 3 3 3 3 3 3 3 3 3 3 3 3 3 3 3 3 3 3 3 3 3 3 3 3 3 3 3 3 3 3 3 3 3 3 3 3 3 3 3 3 3 3 3 3 3 3 3 3 3 3 3 3 3 3 3 3 3 3 3 3 3 3 3 3 3 3 3 3 3 3 3 3 3 3 3 3 3 3 3 3 3 3 3 3 3 3 3 3 3 3 3 3 3 3 3 3 3 3 3 3 3 3 3 3 3 3 3 3 
37 37 37 37 37 37 36 37 37 37 37 36 37 37 37 36 36 37 37 37 37 37 36 36 37 37 36 37 37 36 37 37 37 36 37 36 37 36 37 36 36 36 36 37 37 37 36 
39 196 43 238 
6 158 44 81 
5 23 29 28 
14 123 25 236 
45 223 46 42 
8 78 42 239 
21 217 41 98 
7 145 34 235 
19 43 38 3 
32 6 40 223 
1 100 26 165 
35 47 37 177 
24 225 28 39 
13 171 27 7 
9 74 22 19 
2 136 30 236 
3 52 12 67 
10 23 33 125 
16 63 23 204 
4 92 47 210 
17 240 18 66 
31 84 36 118 
11 160 15 240 
20 167 31 154 
34 172 37 10 
13 212 32 247 
8 225 29 206 
5 115 22 24 
16 148 46 22 
10 91 27 30 
12 105 38 131 
24 231 35 177 
43 136 45 160 
4 114 23 106 
6 111 14 90 
11 250 41 196 
9 158 39 190 
18 187 44 148 
7 233 17 202 
21 240 28 142 
19 193 40 251 
26 137 30 24 
3 237 47 58 
33 65 36 90 
15 254 20 73 
1 109 25 191 
2 211 42 104 
12 201 44 119 
5 10 27 8 
1 33 11 210 
9 64 37 177 
18 170 36 6 
10 186 16 94 
17 76 42 13 
28 62 33 227 
23 60 30 37 
13 119 25 34 
7 159 32 94 
3 226 29 128 
4 129 35 43 
8 98 21 39 
2 200 39 112 
20 133 43 158 
14 185 45 130 
19 40 22 13 
31 28 47 64 
15 90 40 73 
14 168 24 116 
41 213 46 168 
26 230 34 21 
16 68 38 61 
6 18 40 125 
20 49 27 171 
11 102 18 123 
8 65 37 12 
17 121 22 31 
30 225 44 65 
9 124 25 70 
15 3 35 188 
21 169 32 226 
33 115 39 151 
7 195 43 201 
3 226 45 101 
42 171 46 23 
26 211 28 129 
6 115 10 155 
34 78 38 213 
1 57 47 145 
5 122 24 30 
23 248 29 49 
19 236 41 23 
2 76 31 71 
12 163 13 222 
4 115 17 104 
35 203 36 15 
8 133 44 63 
13 136 23 76 
22 145 30 249 
25 105 36 70 
2 248 40 183 
21 194 31 4 
11 200 39 201 
15 164 29 90 
19 72 43 5 
12 201 28 85 
7 31 24 24 
20 39 26 181 
27 126 42 129 
4 215 6 171 
9 63 16 158 
14 121 38 38 
5 28 32 237 
35 102 46 162 
29 26 33 198 
1 52 10 61 
41 191 47 22 
3 227 37 171 
18 252 45 29 
5 47 34 255 
20 38 24 198 
4 195 39 226 
27 115 40 123 
22 96 45 109 
21 251 30 16 
11 116 28 232 
26 182 46 245 
19 251 36 151 
3 199 17 10 
14 55 33 65 
13 195 18 106 
1 43 8 8 
43 200 44 216 
6 78 37 173 
15 250 42 97 
7 19 10 54 
9 25 47 227 
2 161 25 48 
34 67 41 130 
32 219 38 213 
23 212 31 68 
12 131 36 99 
15 6 16 28 
1 237 43 159 
18 89 29 224 
38 3 39 8 
9 138 32 153 
23 233 42 129 
11 77 22 123 
33 199 47 136 
14 80 21 60 
3 249 20 174 
4 137 12 210 
27 196 44 236 
2 59 37 81 
34 245 40 3 
17 230 28 253 
13 107 46 140 
10 96 35 32 
8 36 19 42 
5 242 16 243 
7 88 25 76 
6 61 41 86 
24 59 30 227 
31 104 45 178 
6 113 26 251 
15 69 45 172 
1 172 32 174 
10 162 31 133 
13 87 19 42 
25 190 41 148 
40 124 46 231 
3 81 21 111 
14 122 23 145 
9 68 28 136 
20 77 22 123 
16 28 18 124 
35 63 44 246 
36 117 42 174 
7 203 8 12 
30 41 47 93 
2 14 12 220 
24 69 39 255 
11 152 27 73 
29 81 43 8 
4 238 5 52 
33 185 34 112 
17 69 38 43 
26 240 36 29 
11 7 37 97 
4 71 19 34 
13 34 24 98 
17 16 31 196 
23 35 41 190 
37 47 43 106 
28 120 45 9 
42 195 47 104 
22 210 35 164 
26 209 39 91 
15 33 25 82 
6 13 29 70 
14 86 27 164 
18 235 21 113 
33 120 46 99 
8 187 20 104 
2 135 16 113 
7 75 12 240 
10 55 30 8 
29 9 38 5 
32 218 44 224 
1 94 12 188 
31 222 34 19 
3 202 40 140 
5 1 25 123 
9 133 27 7 
4 244 21 20 
24 219 40 216 
22 163 33 123 
3 221 10 183 
14 194 39 129 
32 76 36 247 
7 17 11 145 
35 193 38 192 
16 53 43 154 
18 226 34 121 
23 3 28 191 
7 29 46 146 
17 24 41 166 
15 254 30 239 
8 91 45 141 
19 199 28 206 
5 97 37 36 
6 66 13 80 
9 41 29 55 
2 47 29 85 
20 241 38 166 
26 181 42 168 
1 114 23 11 
33 60 44 24 
18 131 47 195 
20 193 41 28 
11 150 31 204 
30 247 38 76 
9 78 15 58 
10 67 19 20 
32 133 45 160 
12 165 22 21 
3 105 39 206 
13 89 35 23 
21 162 43 109 
8 70 16 166 
34 3 36 52 
25 20 44 33 
6 59 22 63 
7 31 47 40 
24 148 42 91 
1 178 17 115 
14 93 26 219 
2 124 27 62 
5 153 40 229 
4 251 45 219 
23 241 37 147 
36 136 46 30 
30 54 32 184 
31 164 44 228 
8 145 39 168 
5 42 28 251 
4 103 20 79 
12 128 41 240 
9 75 17 60 
35 36 47 52 
12 127 15 90 
3 170 25 182 
1 99 24 219 
2 139 13 84 
34 45 46 238 
18 60 37 119 
27 69 43 216 
16 230 42 175 
6 96 11 210 
14 229 40 175 
26 127 33 23 
19 203 21 203 
10 50 20 10 
34 211 39 255 
18 236 20 7 
11 15 38 170 
3 230 16 48 
7 229 23 140 
37 202 46 140 
6 210 42 110 
26 83 35 198 
28 97 40 238 
4 208 9 39 
8 189 33 202 
36 192 44 225 
17 58 24 39 
5 4 43 70 
13 97 30 215 
14 149 29 42 
10 151 47 29 
22 198 41 18 
25 2 45 55 
21 246 27 66 
31 209 32 79 
1 252 19 61 
2 228 15 121 
21 130 26 140 
16 100 39 186 
24 192 41 204 
28 230 38 116 
35 173 42 38 
9 97 46 112 
3 18 23 121 
31 219 37 57 
30 38 43 160 
17 253 33 21 
27 76 45 222 
1 105 6 182 
22 107 36 5 
8 202 34 158 
5 57 15 254 
2 22 14 210 
10 221 13 83 
19 226 32 114 
7 137 18 208 
11 239 29 110 
4 62 40 1 
12 32 25 94 
44 182 47 74 
22 35 26 71 
6 60 38 195 
10 44 41 238 
5 244 14 51 
29 165 45 94 
17 251 20 180 
3 96 46 86 
7 210 33 27 
11 225 23 69 
30 88 42 37 
15 74 44 154 
9 239 35 101 
18 91 39 196 
28 55 47 143 
1 71 34 4 
12 218 19 131 
2 69 8 55 
31 171 43 97 
21 15 40 253 
25 119 37 75 
4 34 32 116 
16 175 24 128 
27 180 36 68 
11 180 13 204 
28 15 32 137 
4 236 43 147 
46 215 47 31 
33 134 37 134 
7 166 13 223 
16 146 21 92 
38 133 41 1 
6 70 8 239 
2 90 9 224 
17 219 19 63 
14 58 30 134 
20 49 34 75 
10 90 44 213 
12 199 35 63 
18 141 27 130 
25 19 29 118 
1 226 3 68 
42 140 45 46 
22 55 39 240 
24 42 26 62 
36 38 40 125 
5 67 23 235 
15 39 31 219 
20 222 47 168 
13 121 14 214 
1 115 15 35 
18 215 26 175 
27 150 32 237 
4 148 22 129 
25 174 43 251 
6 17 16 78 
11 159 19 92 
38 144 40 117 
3 220 30 43 
2 50 34 106 
28 237 37 11 
7 18 41 209 
29 152 36 111 
21 160 46 188 
31 28 39 252 
10 91 24 9 
8 206 17 240 
9 31 33 252 
23 192 45 155 
42 95 44 216 
5 99 35 129 
9 160 12 57 
1 202 33 135 
3 206 35 160 
7 210 44 230 
18 123 25 40 
20 32 37 217 
10 212 36 147 
34 133 45 238 
8 216 41 247 
17 118 27 162 
4 197 31 103 
39 172 47 135 
12 147 21 252 
2 221 32 200 
19 150 46 190 
14 61 42 125 
15 12 23 160 
30 104 40 104 
13 185 43 70 
11 117 24 190 
16 71 22 196 
5 168 26 159 
6 156 28 130 
2 168 38 26 
29 96 41 231 
5 84 21 133 
6 117 7 168 
12 7 40 88 
25 74 38 144 
15 148 36 7 
4 59 16 100 
20 41 33 96 
26 233 44 7 
3 36 31 232 
29 138 37 121 
10 180 14 41 
9 177 19 171 
24 209 34 204 
28 43 39 48 
8 162 43 231 
11 97 42 112 
13 251 45 90 
17 25 32 121 
22 55 27 2 
18 140 30 154 
23 190 47 182 
1 151 35 67 
18 115 46 29 
44 224 46 175 
23 81 26 51 
7 141 9 228 
19 236 47 142 
12 173 30 170 
3 245 6 80 
21 170 35 150 
16 32 20 253 
5 70 8 166 
11 148 32 234 
27 6 41 225 
36 247 37 71 
2 179 28 105 
22 217 31 12 
15 252 43 92 
24 26 38 140 
17 18 29 122 
25 23 42 93 
1 249 4 17 
14 207 34 27 
10 170 39 128 
40 173 45 74 
13 75 33 7 
16 24 36 154 
6 88 35 240 
10 72 32 225 
11 153 45 141 
1 135 40 196 
9 15 34 7 
22 93 43 173 
19 90 31 11 
38 249 46 240 
14 80 28 87 
37 248 41 184 
5 100 12 143 
17 61 25 110 
20 24 39 42 
7 47 42 141 
2 116 4 179 
8 3 27 175 
15 230 21 205 
24 131 33 114 
18 88 23 79 
29 175 44 37 
3 186 26 166 
13 240 47 123 
28 40 30 233 
10 224 18 160 
15 97 34 92 
36 153 39 251 
24 35 44 20 
27 214 46 56 
3 84 14 185 
4 48 30 238 
21 180 47 130 
31 220 38 200 
16 89 41 20 
1 49 13 114 
8 98 40 203 
7 203 19 148 
11 253 33 51 
9 91 42 228 
5 147 17 207 
20 196 32 168 
6 160 45 184 
12 29 29 166 
35 185 43 18 
25 109 26 45 
2 146 23 174 
22 59 37 28 
24 43 36 229 
5 114 18 27 
8 125 28 232 
14 5 44 16 
15 222 22 16 
6 221 39 188 
2 109 45 119 
4 164 38 234 
17 254 47 210 
9 87 43 53 
26 216 32 156 
27 60 34 188 
1 226 41 178 
10 7 37 133 
12 80 20 63 
7 148 21 19 
29 32 46 215 
23 207 25 187 
13 194 42 186 
16 238 40 162 
3 248 19 118 
30 193 33 61 
31 229 35 24 
11 164 34 238 
14 92 36 47 
2 6 26 113 
12 103 24 143 
27 55 35 97 
17 222 40 104 
16 243 44 114 
21 137 38 161 
8 160 23 141 
3 11 13 9 
15 231 39 14 
1 12 37 42 
5 64 46 131 
4 2 18 46 
33 94 42 11 
11 83 25 112 
30 40 31 124 
29 49 32 102 
9 203 10 45 
41 75 43 123 
6 188 47 116 
7 120 45 153 
19 65 20 246 
22 133 28 139 
27 248 29 163 
15 91 37 67 
14 243 16 94 
24 190 25 128 
32 223 34 254 
18 240 42 8 
22 126 23 189 
36 98 47 156 
20 253 28 142 
4 206 10 253 
12 43 45 34 
30 69 35 40 
9 120 40 74 
3 227 8 254 
2 47 33 108 
17 73 46 11 
26 74 41 47 
13 100 21 24 
7 174 31 142 
1 148 38 114 
11 145 43 173 
5 136 19 23 
39 27 44 57 
5 247 6 52 
16 248 45 214 
18 102 40 211 
13 198 17 1 
34 132 35 134 
4 123 28 106 
2 213 10 49 
24 77 47 232 
23 92 33 36 
14 180 46 117 
3 108 7 114 
9 134 31 158 
21 214 42 171 
1 83 27 24 
15 246 41 39 
26 230 29 14 
6 159 20 242 
11 157 12 37 
32 250 37 28 
19 49 25 2 
38 236 43 94 
8 34 22 106 
30 251 39 58 
21 29 36 90 
22 159 44 208 
7 111 15 12 
11 185 17 242 
33 16 43 177 
45 166 47 191 
2 152 35 36 
29 14 34 233 
8 152 25 157 
28 21 41 74 
5 254 13 214 
10 89 38 63 
6 234 36 26 
12 41 27 119 
19 36 44 227 
16 78 37 78 
20 108 30 23 46 198 
23 118 24 109 32 63 
4 89 11 50 14 208 
31 205 40 91 42 133 
3 160 9 95 18 64 
1 190 39 20 45 205 
4 145 13 204 26 109 
2 207 3 130 44 198 
15 238 26 251 38 112 
5 164 9 100 41 54 
34 64 42 205 43 234 
14 175 18 47 22 226 
21 112 37 249 39 39 
17 233 30 135 36 92 
33 57 35 74 40 181 
8 68 12 254 46 166 
20 228 25 194 40 77 
6 25 24 208 31 185 
19 88 23 124 27 17 
16 15 32 243 47 29 
7 111 28 38 29 215 
10 243 23 191 43 125 
1 152 18 172 31 183 
9 110 21 126 24 80 
5 251 20 60 42 99 
6 26 12 190 32 143 
8 5 14 60 15 95 
17 154 44 159 45 79 
7 32 27 69 39 252 
1 223 16 14 30 15 
19 66 26 105 37 72 
11 121 16 2 35 206 
13 36 28 71 36 191 
3 43 4 75 41 143 
22 93 25 53 34 191 
3 231 33 97 38 248 
10 3 29 32 42 245 
2 195 11 58 47 179 
28 243 43 103 46 80 
8 77 18 238 35 136 
1 151 5 238 36 1 
10 184 21 158 25 203 
22 156 29 33 47 207 
9 63 30 215 45 93 
20 35 23 141 44 110 
13 185 40 234 41 132 
12 50 17 89 37 160 
4 201 34 23 44 251 
7 223 22 68 38 28 
26 41 27 65 31 144 
32 58 39 86 46 26 
15 105 19 146 33 159 
7 98 14 10 20 106 
2 81 6 159 19 84 
15 44 24 38 46 159 
12 86 23 172 34 252 
10 14 17 74 26 88 
5 243 38 212 45 116 
25 134 32 143 33 29 
25 103 28 235 35 33 
1 226 21 41 29 218 
8 68 9 8 13 175 
4 119 37 128 42 145 
6 16 27 220 30 241 
3 23 11 170 36 85 
2 142 24 120 43 30 
14 180 43 34 47 42 
23 54 39 175 40 54 
16 123 29 138 31 62 
18 253 33 56 41 149 
1 253 2 148 7 90 
9 47 38 20 44 218 
14 31 35 198 41 169 
24 42 27 27 37 239 
8 78 11 90 30 237 
4 119 25 176 46 17 
19 130 35 18 45 149 
12 153 39 86 42 4 
16 152 28 151 34 174 
2 210 21 234 22 232 
5 33 10 11 11 145 
15 206 18 228 32 223 
6 55 17 118 21 15 
20 167 36 86 45 84 
3 175 13 202 31 98 
26 246 40 212 47 175 
12 110 16 130 33 3 
19 227 30 247 34 255 
1 31 9 161 20 128 
14 32 27 115 37 224 
28 241 31 124 41 162 
4 168 8 136 24 77 
3 152 29 33 40 174 
22 219 32 117 42 107 
27 166 38 110 47 71 
5 61 7 160 39 121 
15 127 36 173 43 108 
10 104 22 126 46 230 
17 237 23 173 35 90 
6 56 18 48 43 221 
13 1 37 143 44 42 
7 58 16 45 26 70 
11 123 40 229 44 241 
3 98 32 9 43 168 
9 227 23 236 36 227 
6 240 19 237 25 136 
10 131 13 118 34 121 
8 33 36 169 38 251 
2 91 36 9 41 74 
17 185 18 157 28 145 
13 106 20 24 29 134 
5 79 15 250 30 209 
12 239 14 216 31 112 
39 147 41 246 45 181 
4 239 27 106 33 187 
1 252 26 96 46 167 
3 6 28 204 42 99 
11 255 20 169 21 195 
18 174 19 153 24 242 
12 65 29 66 47 75 
15 54 22 249 40 63 
10 95 21 11 23 172 
4 51 37 232 45 223 
17 113 38 216 39 27 
2 41 5 99 14 219 
32 202 35 75 44 177 
8 10 26 80 47 131 
3 135 22 122 24 61 
16 65 25 52 27 209 
7 179 30 24 37 97 
1 79 9 238 42 123 
5 111 31 23 33 24 
6 64 23 195 46 229 
17 61 21 185 34 50 
30 59 41 31 42 12 
7 45 20 237 35 159 
19 5 29 238 39 26 
4 196 15 230 25 89 
1 15 24 181 45 178 
9 17 11 241 26 191 
2 61 13 179 18 110 
16 4 19 140 46 117 
31 4 37 81 38 139 
12 223 26 201 43 74 
14 35 32 182 44 35 
6 250 10 236 33 163 
28 208 34 25 47 96 
8 11 31 227 40 192 
5 210 25 238 44 129 
4 99 28 34 29 163 
11 69 20 217 46 142 
6 202 13 133 15 230 
1 225 22 158 32 162 
3 148 35 186 39 131 
9 42 14 68 18 101 
2 113 8 196 10 62 
21 215 33 136 45 149 
11 100 46 109 50 33 88 57 115 52 131 43 143 237 167 172 210 94 237 114 256 178 273 99 305 252 318 105 344 71 370 226 379 115 401 202 446 151 466 249 475 135 505 49 530 226 552 12 584 148 601 83 632 190 649 152 656 223 667 151 687 226 697 253 715 31 742 252 757 79 765 15 779 225 
16 136 47 211 62 200 92 76 100 248 137 161 154 59 181 14 205 135 234 47 258 124 274 139 306 228 322 22 346 69 362 90 388 50 413 221 423 168 460 179 486 116 516 146 524 109 543 6 579 47 594 213 617 152 634 207 664 195 680 81 692 142 697 148 706 210 735 91 751 41 767 61 782 113 
17 52 43 237 59 226 83 226 117 227 128 199 151 249 172 81 212 202 218 221 247 105 272 170 287 230 313 18 336 96 370 68 387 220 402 206 433 36 453 245 492 186 500 84 538 248 550 11 578 227 598 108 631 160 634 130 660 43 662 231 691 23 711 175 719 152 730 98 743 6 754 135 780 148 
20 92 34 114 60 129 94 115 109 215 121 195 152 137 185 238 190 71 215 244 260 251 267 103 293 208 327 62 350 34 355 236 382 148 410 197 430 59 466 17 486 179 501 48 525 164 554 2 574 206 593 123 629 89 633 145 660 75 674 201 689 119 702 119 718 168 741 239 749 51 764 196 776 99 
3 23 28 115 49 10 89 122 112 28 119 47 160 242 185 52 213 1 231 97 259 153 266 42 297 4 321 57 333 244 375 67 399 99 421 168 425 84 456 70 482 100 510 147 519 114 553 64 586 136 588 247 621 254 636 164 651 251 667 238 684 243 707 33 722 61 738 79 751 99 758 111 775 210 
2 158 35 111 72 18 86 115 109 171 133 78 162 61 165 113 200 13 232 66 253 59 279 96 290 210 318 182 331 60 361 70 384 17 422 156 426 117 453 80 472 88 512 160 523 221 561 188 588 52 604 159 623 234 644 25 652 26 680 159 690 16 709 55 726 56 732 240 759 64 772 250 778 202 
8 145 39 233 58 159 82 195 106 31 135 19 161 88 179 203 206 75 221 17 226 29 254 31 288 229 325 137 337 210 358 166 390 18 403 210 426 168 450 141 485 47 507 203 533 148 562 120 583 174 598 114 613 111 647 111 655 32 675 223 679 98 697 90 722 160 728 58 756 179 762 45 
6 78 27 225 61 98 75 65 96 133 131 8 159 36 179 12 204 187 229 91 250 70 265 145 294 189 320 202 346 55 361 239 395 206 408 216 439 162 456 166 487 3 506 98 520 125 549 160 578 254 609 34 619 152 642 68 653 5 666 77 688 68 701 78 718 136 734 33 753 10 774 11 782 196 
15 74 37 158 51 64 78 124 110 63 136 25 146 138 174 68 214 133 233 41 243 78 269 75 293 39 312 97 341 239 362 224 396 31 400 160 436 177 450 228 476 15 509 91 527 87 559 203 577 120 599 134 631 95 636 100 650 110 670 63 688 8 698 47 715 161 731 227 757 238 766 17 781 42 
18 23 30 91 53 186 86 155 115 61 135 54 158 96 168 162 207 55 218 183 244 67 283 50 300 151 323 221 332 44 366 90 394 91 406 212 435 180 468 170 473 72 495 224 531 7 559 45 574 253 594 49 622 89 648 243 663 3 668 184 683 14 707 11 724 104 733 131 748 95 772 236 782 62 
23 160 36 250 50 210 74 102 102 200 125 116 148 77 183 152 189 7 221 145 241 150 279 210 286 15 326 239 338 225 353 180 385 159 419 117 440 97 457 148 474 153 508 253 541 164 556 83 585 145 605 157 614 185 629 50 658 121 664 58 691 170 701 90 707 145 729 123 744 255 766 241 777 69 
17 67 31 105 48 201 93 163 105 201 141 131 152 210 181 220 206 240 210 188 246 165 268 128 271 127 328 32 345 218 367 199 400 57 412 147 427 7 452 173 482 143 513 29 532 80 544 103 575 43 605 37 624 41 642 254 652 190 673 50 682 86 704 153 713 110 739 239 746 65 770 223 
14 171 26 212 57 119 93 222 97 136 130 195 157 107 169 87 191 34 232 80 248 89 274 84 298 97 323 83 353 204 358 223 378 121 418 185 441 251 470 75 493 240 505 114 536 194 550 9 582 100 591 198 621 214 633 204 659 36 672 185 688 175 711 202 727 1 733 118 737 106 767 179 778 133 
4 123 35 90 64 185 68 168 111 121 129 55 150 80 173 122 201 86 219 194 257 93 280 229 299 149 322 210 333 51 364 58 378 214 415 61 435 41 467 207 480 80 500 185 521 5 542 92 567 243 597 180 629 208 638 175 653 60 679 10 693 180 699 31 716 32 739 216 751 219 771 35 781 68 
23 240 45 254 67 90 79 3 103 164 134 250 142 6 166 69 199 33 228 254 243 58 271 90 306 121 321 254 340 74 376 39 379 35 416 12 429 148 462 252 488 230 496 97 522 222 551 231 566 91 602 246 613 12 635 238 653 95 678 105 681 44 708 206 723 127 738 250 747 54 764 230 778 230 
19 63 29 148 53 94 71 68 110 158 142 28 160 243 176 28 205 113 223 53 250 166 278 230 287 48 308 100 351 175 359 146 384 78 420 71 430 100 455 32 471 24 504 89 537 238 547 243 567 94 589 248 626 78 646 15 656 14 658 2 695 123 705 152 713 130 728 45 755 65 768 4 
21 240 39 202 54 76 76 121 94 104 128 10 156 230 187 69 192 16 227 24 256 115 269 60 296 58 316 253 335 251 363 219 395 240 409 118 442 25 464 18 483 61 510 207 526 254 546 222 580 73 591 1 614 242 640 233 654 154 673 89 683 74 709 118 725 237 736 185 750 113 760 61 
21 66 38 187 52 170 74 123 118 252 130 106 144 89 176 124 202 235 224 226 239 131 276 60 285 236 325 208 342 91 368 141 380 215 404 123 444 140 447 115 490 88 495 160 519 27 554 46 570 240 590 102 631 64 638 47 649 172 666 238 696 253 708 228 726 48 736 157 745 174 767 110 781 101 
9 43 41 193 65 40 91 236 104 72 127 251 159 42 169 42 190 34 230 199 244 20 282 203 305 61 324 226 345 131 363 63 385 92 414 150 436 171 451 236 478 90 507 148 538 118 563 65 586 23 607 49 625 36 645 88 657 66 678 146 680 84 703 130 714 227 732 237 745 153 763 5 768 140 
24 167 45 73 63 133 73 49 107 39 120 38 151 174 175 77 204 104 235 241 240 193 267 79 283 10 285 7 335 180 365 49 377 222 405 32 431 41 455 253 484 24 511 196 532 63 563 246 573 253 604 242 627 108 643 228 651 60 671 35 679 106 710 167 715 128 737 24 744 169 762 237 777 217 
7 217 40 240 61 39 80 169 101 194 124 251 150 60 172 111 202 113 215 20 249 162 282 203 303 246 307 130 348 15 359 92 392 160 412 252 425 133 454 170 488 205 502 180 533 19 548 137 582 24 600 214 611 29 639 112 650 126 668 158 687 41 706 234 709 15 744 195 748 11 760 185 783 215 
15 19 28 24 65 13 76 31 98 145 123 96 148 123 175 123 197 210 217 163 246 21 253 63 301 198 319 107 330 35 372 55 382 129 420 196 443 55 461 217 477 93 517 59 522 16 564 133 571 126 609 106 612 159 638 226 661 93 669 156 675 68 706 232 720 219 724 126 747 249 754 122 779 158 
19 204 34 106 56 60 90 248 97 76 140 212 147 233 173 145 193 35 225 3 237 11 261 241 288 140 313 121 338 69 375 235 397 192 416 160 445 190 449 81 490 79 516 174 535 207 549 141 571 189 596 92 628 118 645 124 648 191 671 141 682 172 694 54 725 173 731 236 748 172 759 195 
13 225 32 231 68 116 89 30 106 24 120 198 163 59 182 69 191 98 216 219 255 148 273 219 296 39 309 192 351 128 373 42 394 9 419 190 437 209 463 26 489 131 498 35 518 43 544 143 568 190 595 77 628 109 644 208 650 80 681 38 692 120 700 42 718 77 745 242 754 61 765 181 
4 236 46 191 57 34 78 70 99 105 137 48 161 76 170 190 199 82 213 123 252 20 272 182 302 2 328 94 349 119 369 19 383 174 404 40 428 74 465 23 483 110 515 109 535 187 556 112 568 128 607 2 619 157 643 194 661 53 668 203 685 134 686 103 702 176 732 136 755 52 764 89 775 238 
11 165 42 137 70 230 85 211 107 181 126 182 165 251 188 240 198 209 236 181 257 219 281 127 291 83 307 140 330 71 373 62 380 175 421 159 432 233 449 51 492 166 515 45 528 216 543 113 581 74 603 230 633 109 635 251 657 105 676 41 683 88 712 246 728 70 742 96 753 80 766 191 770 201 
14 7 30 30 49 8 73 171 108 126 122 115 153 196 183 73 201 164 214 7 258 62 277 69 303 66 317 76 352 180 368 130 381 150 409 162 443 2 458 6 487 175 499 214 529 60 545 55 565 248 601 24 624 119 645 17 655 69 676 65 690 220 700 27 716 115 721 166 741 106 755 209 
13 39 40 142 55 62 85 129 105 85 125 232 156 253 174 136 195 120 225 191 230 206 266 251 292 97 310 230 343 55 354 15 389 237 422 130 438 43 460 105 480 87 494 40 520 232 564 139 573 142 593 106 620 21 647 38 659 71 665 243 686 235 705 151 717 241 736 145 743 204 773 208 776 34 
3 28 27 206 59 128 90 49 103 90 114 26 144 224 184 81 200 70 208 9 233 55 234 85 299 42 326 110 334 165 369 118 391 152 424 96 434 138 464 122 491 175 513 166 534 32 558 49 565 163 603 14 618 14 647 215 663 32 669 33 687 218 695 138 719 33 737 134 746 66 763 238 776 163 
16 236 42 24 56 37 77 225 98 249 124 16 163 227 180 41 207 8 228 239 242 247 263 54 298 215 315 38 339 88 364 134 387 43 417 104 444 154 452 170 494 233 501 238 539 193 557 40 576 69 610 251 627 23 640 135 656 15 670 215 690 241 701 237 714 247 738 209 756 24 761 59 
22 84 24 154 66 28 92 71 101 4 140 68 164 104 168 133 192 196 211 222 241 204 264 164 304 209 314 219 347 171 376 219 393 28 410 103 433 232 461 12 478 11 503 220 540 229 557 124 583 142 599 158 630 205 644 185 649 183 676 144 695 62 711 98 717 124 739 112 758 23 769 4 774 227 
10 6 26 247 58 94 80 226 112 237 139 219 146 153 167 174 209 218 220 76 245 133 263 184 304 79 324 114 350 116 354 137 381 237 413 200 442 121 457 234 473 225 511 168 528 156 558 102 569 223 606 250 628 63 646 243 652 143 677 58 685 143 708 223 720 117 730 9 752 202 771 182 779 162 
18 125 44 65 55 227 81 115 114 198 129 65 149 199 186 185 203 120 217 123 238 60 281 23 294 202 316 21 337 27 357 134 396 252 401 135 431 96 470 7 489 114 508 51 539 61 555 94 579 108 596 36 615 16 641 57 662 97 678 159 685 29 696 56 713 3 741 187 758 24 772 163 783 136 
8 235 25 172 70 21 87 78 119 255 138 67 155 245 186 112 211 19 224 121 251 3 275 45 284 211 320 158 344 4 365 75 388 106 407 133 437 204 467 27 476 7 496 92 529 188 541 238 569 254 592 132 618 233 637 64 661 191 674 23 682 252 705 174 714 255 733 121 760 50 773 25 
12 47 32 177 60 43 79 188 95 203 113 102 158 32 177 63 197 164 222 193 248 23 270 36 291 198 311 173 341 101 367 63 399 129 402 160 446 67 454 150 472 240 514 185 540 24 545 97 576 40 592 134 617 36 641 74 658 206 666 136 686 33 699 198 703 18 725 90 752 75 762 159 780 186 
22 118 44 90 52 6 95 15 99 70 127 151 141 99 178 117 188 29 220 247 251 52 262 136 295 192 319 5 352 68 374 38 391 111 406 147 429 7 459 247 471 154 497 153 518 229 542 47 572 98 611 90 623 26 640 92 659 191 667 1 691 85 710 86 723 173 731 227 734 169 735 9 
12 177 25 10 51 177 75 12 117 171 133 173 154 81 189 97 194 47 231 36 261 147 276 119 289 202 314 57 349 75 357 134 389 11 405 217 434 121 459 71 481 248 517 28 531 133 552 42 566 67 606 28 626 78 639 249 657 72 673 160 689 128 700 239 716 224 727 143 749 232 756 97 769 81 
9 3 31 131 71 61 87 213 111 38 139 213 145 3 187 43 208 5 222 192 235 166 242 76 286 170 310 116 331 195 360 133 386 144 423 26 428 144 463 140 479 249 503 200 525 234 548 161 584 114 608 236 622 63 635 112 662 248 675 28 684 212 698 20 721 110 734 251 750 216 769 139 
1 196 37 190 62 112 81 151 102 201 121 226 145 8 182 255 198 91 219 129 247 206 265 168 284 255 308 186 342 196 372 240 393 252 411 172 438 48 468 128 484 42 497 251 523 188 551 14 587 27 610 58 632 20 639 39 655 252 677 86 694 175 704 86 722 121 740 147 750 27 763 26 780 131 
10 223 41 251 67 73 72 125 100 183 122 123 155 3 171 124 212 140 216 216 259 229 280 175 292 238 327 1 348 253 374 125 386 117 417 104 427 88 469 173 475 196 506 203 537 162 546 104 577 74 590 211 630 91 641 181 643 77 672 234 694 54 712 212 719 174 729 229 747 63 774 192 
7 98 36 196 69 213 91 23 116 191 138 130 162 86 170 148 193 190 227 166 240 28 268 240 301 18 309 204 332 238 360 1 390 209 408 247 424 231 458 225 481 184 504 20 530 178 560 75 581 47 602 39 620 74 636 54 660 143 672 132 696 149 699 169 717 162 735 74 740 246 761 31 
6 239 47 104 54 13 84 171 108 129 134 97 147 129 178 174 196 195 236 168 255 91 278 175 290 110 311 38 339 37 371 140 398 95 415 125 440 112 465 93 485 141 509 228 536 186 555 11 570 8 600 171 630 133 637 205 651 99 663 245 689 145 704 4 720 107 743 99 757 123 761 12 
1 238 33 136 63 158 82 201 104 5 132 200 143 159 184 8 194 106 223 154 249 109 277 216 297 70 315 160 347 97 355 147 383 251 418 70 439 231 462 92 477 173 514 18 527 53 560 123 585 173 608 94 615 177 637 234 648 125 665 103 692 30 693 34 723 108 726 221 730 168 770 74 
2 81 38 148 48 119 77 65 96 63 132 216 153 236 177 246 209 224 238 24 252 33 264 228 295 225 329 182 340 154 366 213 398 216 403 230 432 7 448 224 491 37 498 20 521 16 547 114 587 57 612 208 625 227 634 198 654 159 671 110 674 251 698 218 727 42 729 241 752 177 771 35 775 129 
5 223 33 160 64 130 83 101 118 29 123 109 164 178 166 172 195 9 229 141 245 160 260 219 302 55 317 222 334 94 371 46 397 155 407 238 441 90 469 74 474 141 512 184 524 119 562 153 575 34 589 214 616 166 632 205 654 79 670 93 684 116 703 149 710 84 740 181 749 223 765 178 783 149 
5 42 29 22 69 168 84 23 113 162 126 245 157 140 171 231 203 99 226 146 262 30 275 238 289 140 312 112 336 86 356 215 392 188 414 190 447 29 448 175 479 240 499 56 534 215 553 131 580 11 597 117 627 198 642 166 665 80 677 26 681 159 702 17 724 230 742 167 759 229 768 117 777 142 
20 210 43 58 66 64 88 145 116 22 136 227 149 136 180 93 196 104 239 195 254 40 270 52 300 29 329 74 343 143 356 31 377 168 411 135 445 182 451 142 493 123 502 130 526 210 561 116 572 156 595 232 616 191 646 29 664 179 669 207 693 42 712 175 721 71 746 75 753 131 773 96 
