759 23 256
3 73
2 2 2 2 2 2 2 2 2 2 2 2 2 2 2 2 2 2 2 2 2 2 2 2 2 2 2 2 2 2 2 2 2 2 2 2 2 2 2 2 2 2 2 2 2 2 2 2 2 2 2 2 2 2 2 2 2 2 2 2 2 2 2 2 2 2 2 2 2 2 2 2 2 2 2 2 2 2 2 2 2 2 2 2 2 2 2 2 2 2 2 2 2 2 2 2 2 2 2 2 2 2 2 2 2 2 2 2 2 2 2 2 2 2 2 2 2 2 2 2 2 2 2 2 2 2 2 2 2 2 2 2 2 2 2 2 2 2 2 2 2 2 2 2 2 2 2 2 2 2 2 2 2 2 2 2 2 2 2 2 2 2 2 2 2 2 2 2 2 2 2 2 2 2 2 2 2 2 2 2 2 2 2 2 2 2 2 2 2 2 2 2 2 2 2 2 2 2 2 2 2 2 2 2 2 2 2 2 2 2 2 2 2 2 2 2 2 2 2 2 2 2 2 2 2 2 2 2 2 2 2 2 2 2 2 2 2 2 2 2 2 2 2 2 2 2 2 2 2 2 2 2 2 2 2 2 2 2 2 2 2 2 2 2 2 2 2 2 2 2 2 2 2 2 2 2 2 2 2 2 2 2 2 2 2 2 2 2 2 2 2 2 2 2 2 2 2 2 2 2 2 2 2 2 2 2 2 2 2 2 2 2 2 2 2 2 2 2 2 2 2 2 2 2 2 2 2 2 2 2 2 2 2 2 2 2 2 2 2 2 2 2 2 2 2 2 2 2 2 2 2 2 2 2 2 2 2 2 2 2 2 2 2 2 2 2 2 2 2 2 2 2 2 2 2 2 2 2 2 2 2 2 2 2 2 2 2 2 2 2 2 2 2 2 2 2 2 2 2 2 2 2 2 2 2 2 2 2 2 2 2 2 2 2 2 2 2 2 2 2 2 2 2 2 2 2 2 2 2 2 2 2 2 2 2 2 2 2 2 2 2 2 2 2 2 2 2 2 2 2 2 2 2 2 2 2 2 2 2 2 2 2 2 2 2 2 2 2 2 2 2 2 2 2 2 2 2 2 2 2 2 2 2 2 2 2 2 2 2 2 2 2 2 2 2 2 2 2 2 2 2 2 2 2 2 2 2 2 2 2 2 2 2 2 2 2 2 2 2 2 2 2 2 2 2 2 2 2 2 2 2 2 2 2 2 2 2 2 2 2 2 2 2 2 2 2 2 2 2 2 2 2 2 2 2 2 2 2 2 2 2 2 2 2 2 2 2 2 2 2 2 2 2 2 2 2 2 2 2 2 2 2 2 2 2 2 2 2 2 2 2 2 2 2 2 2 2 2 2 2 2 2 2 2 2 2 2 3 3 3 3 3 3 3 3 3 3 3 3 3 3 3 3 3 3 3 3 3 3 3 3 3 3 3 3 3 3 3 3 3 3 3 3 3 3 3 3 3 3 3 3 3 3 3 3 3 3 3 3 3 3 3 3 3 3 3 3 3 3 3 3 3 3 3 3 3 3 3 3 3 3 3 3 3 3 3 3 3 3 3 3 3 3 3 3 3 3 3 3 3 3 3 3 3 3 3 3 3 3 3 3 3 3 3 3 3 3 3 3 3 3 3 3 3 3 3 3 3 3 3 3 3 3 3 3 3 3 3 3 3 3 3 3 3 3 3 3 3 3 3 3 3 3 3 3 3 3 3 3 
73 73 73 73 73 73 72 72 73 72 73 73 73 72 72 72 73 73 73 72 73 72 72 
18 251 19 130 
22 109 23 70 
3 211 11 218 
13 253 16 36 
20 231 21 56 
1 17 17 6 
6 148 7 115 
4 193 5 151 
10 160 14 242 
12 239 15 223 
2 220 8 35 
9 182 11 104 
6 80 13 98 
5 146 10 92 
3 131 14 32 
9 230 16 115 
12 39 19 225 
15 163 21 9 
18 76 22 182 
7 52 20 31 
8 238 17 6 
1 9 4 41 
2 63 23 249 
11 28 18 98 
1 219 20 215 
2 25 13 77 
5 146 16 175 
7 168 14 219 
4 44 22 192 
10 218 12 18 
17 255 19 94 
3 16 8 166 
6 129 19 216 
9 86 21 252 
15 106 23 85 
14 97 23 41 
4 107 6 63 
16 192 17 38 
7 49 12 45 
1 177 11 187 
2 68 20 185 
18 224 21 67 
5 156 8 83 
3 189 22 164 
9 53 10 177 
13 253 15 120 
2 194 4 210 
14 223 19 142 
7 133 9 167 
15 192 17 224 
10 214 20 159 
11 198 13 31 
16 127 22 245 
1 40 23 110 
5 236 21 195 
8 103 12 62 
3 210 6 91 
7 227 18 231 
8 121 9 121 
13 125 14 181 
19 157 20 191 
2 22 18 10 
3 78 15 214 
12 148 22 216 
4 148 9 135 
6 150 23 234 
10 133 17 57 
14 203 21 169 
5 29 11 171 
1 83 12 113 
16 17 20 172 
6 16 10 18 
7 58 17 14 
4 17 15 48 
10 107 18 104 
6 41 21 170 
5 85 19 116 
11 205 16 22 
1 120 8 192 
13 74 22 226 
3 235 20 88 
9 235 23 34 
2 47 7 113 
4 114 14 147 
21 25 23 191 
11 216 12 155 
1 228 22 205 
16 227 18 125 
3 195 13 173 
2 165 19 114 
5 108 17 88 
8 127 15 57 
4 99 19 59 
10 229 13 172 
14 214 17 220 
3 154 18 180 
5 126 20 171 
8 68 11 187 
2 170 16 18 
9 53 22 83 
12 209 21 43 
1 244 15 145 
7 189 23 41 
6 191 14 110 
2 197 15 93 
8 249 10 206 
7 81 16 104 
5 185 6 135 
21 204 22 189 
3 219 12 12 
17 32 18 58 
1 195 19 76 
11 129 23 109 
9 154 20 96 
4 64 13 134 
5 72 9 144 
6 33 12 219 
1 126 13 84 
11 24 20 76 
19 180 22 32 
4 146 17 22 
3 47 10 152 
8 26 16 159 
18 197 23 222 
14 67 15 233 
7 210 21 62 
2 8 14 156 
1 164 5 181 
3 237 16 153 
7 87 15 202 
2 150 11 103 
19 173 21 11 
8 39 20 249 
6 131 18 194 
10 45 22 199 
13 144 17 94 
9 203 12 86 
4 208 23 164 
4 86 18 87 
5 191 22 202 
1 151 3 128 
7 217 8 202 
11 154 17 4 
12 3 16 94 
13 70 20 102 
2 77 6 181 
10 207 19 248 
9 55 14 160 
20 230 23 161 
9 34 15 73 
2 241 21 179 
8 3 13 99 
1 32 14 244 
5 72 18 243 
3 182 7 9 
11 145 19 164 
12 212 17 7 
6 20 16 70 
10 156 15 5 
4 21 21 137 
16 25 23 244 
20 28 22 199 
3 65 9 199 
4 239 10 233 
11 216 21 210 
15 50 19 122 
1 92 18 149 
7 181 13 203 
2 188 5 128 
17 141 22 43 
6 191 8 175 
12 211 14 65 
19 95 23 70 
1 122 16 85 
13 168 18 43 
2 143 22 230 
6 123 9 45 
4 119 7 88 
5 3 15 84 
17 208 20 105 
10 69 23 67 
12 57 23 83 
8 54 14 102 
3 231 21 165 
7 57 11 179 
8 72 18 255 
9 135 17 47 
12 112 20 134 
13 91 21 194 
3 100 4 82 
11 240 22 141 
15 52 16 210 
2 209 10 158 
5 183 14 27 
1 206 6 124 
13 70 19 24 
15 102 20 95 
7 12 10 178 
6 106 22 88 
2 104 9 212 
4 92 12 156 
16 188 21 63 
3 14 19 200 
8 130 23 191 
5 127 13 47 
14 221 18 10 
6 178 17 21 
1 184 10 43 
11 197 15 145 
9 166 19 71 
1 47 2 212 
14 133 16 237 
17 149 21 101 
5 68 23 123 
2 41 3 186 
4 95 8 238 
7 84 22 250 
10 236 11 1 
12 185 18 7 
4 213 20 249 
1 140 9 35 
15 8 18 28 
12 187 13 26 
7 136 19 59 
14 190 20 177 
8 150 22 65 
16 38 19 142 
3 133 17 74 
5 42 7 98 
13 45 23 136 
6 30 11 29 
1 252 21 94 
3 153 5 14 
4 225 11 184 
17 216 23 124 
18 65 20 159 
14 21 22 189 
2 46 12 252 
6 152 15 43 
9 115 13 31 
10 232 16 45 
8 64 21 50 
10 165 21 168 
2 30 17 159 
8 95 19 125 
6 148 20 190 
3 80 23 72 
9 237 18 226 
11 32 14 224 
4 206 16 254 
15 121 22 247 
5 45 12 33 
1 33 7 27 
3 11 5 176 
1 142 12 59 
2 87 19 13 
18 240 20 12 
13 92 21 68 
14 234 16 211 
4 166 17 19 
8 229 11 159 
15 43 23 251 
9 2 10 212 
7 171 22 234 
6 201 20 166 
3 101 22 120 
14 25 23 240 
2 52 5 221 
1 125 7 177 
10 69 13 171 
17 250 21 54 
6 105 9 2 
11 202 15 214 
8 112 16 11 
18 136 19 94 
4 232 12 36 
4 220 7 142 
2 143 16 189 
9 194 13 161 
12 233 23 208 
10 108 14 137 
11 242 17 52 
6 235 15 82 
19 56 22 169 
5 189 8 149 
3 67 20 8 
1 254 18 104 
18 92 21 191 
12 197 16 47 
4 37 21 144 
17 131 20 12 
6 135 23 116 
3 159 13 59 
7 63 15 6 
10 229 22 104 
8 114 11 36 
1 211 5 67 
2 42 14 184 
9 220 19 201 
10 236 22 23 
13 208 15 152 
2 145 14 228 
1 25 8 64 
12 184 16 220 
3 95 19 181 
5 174 6 54 
18 17 20 176 
4 111 11 21 
7 197 9 172 
17 227 23 60 
12 158 21 14 
6 157 8 231 
2 145 17 214 
13 50 22 76 
5 95 7 131 
4 216 10 156 
15 80 23 224 
9 150 20 206 
16 215 19 31 
3 145 21 187 
11 131 14 204 
1 97 18 207 
10 157 23 159 
17 56 21 234 
3 125 8 214 
12 25 20 49 
1 190 14 233 
4 207 19 218 
7 164 18 171 
5 245 9 120 
2 60 15 167 
6 32 16 50 
11 177 22 75 
1 255 13 88 
4 82 22 142 
14 170 19 134 
2 121 6 35 
8 141 20 124 
7 75 18 84 
15 2 21 74 
9 169 11 244 
10 252 16 239 
3 244 17 128 
5 245 13 244 
12 224 23 253 
6 223 23 183 
13 161 14 117 
9 157 10 149 
4 173 8 132 
15 201 20 142 
1 50 16 200 
18 2 19 169 
3 116 22 157 
5 151 11 239 
7 150 17 191 
12 17 21 198 
2 161 16 177 
7 174 11 12 
8 243 9 231 
17 223 18 64 
6 16 19 22 
1 176 22 89 
2 164 3 51 
10 176 15 56 
5 142 20 248 
12 152 23 142 
4 72 14 149 
13 116 21 34 
4 2 12 241 
6 209 18 209 
1 113 16 168 
11 149 21 21 
9 67 19 103 
2 217 10 144 
15 26 23 248 
7 42 14 132 
13 57 20 78 
3 34 5 79 
8 102 17 115 
22 54 23 202 
12 226 22 24 
9 233 18 87 
1 196 20 204 
13 133 14 135 
3 61 16 35 
5 155 6 105 
15 202 19 64 
4 112 17 244 
8 169 21 210 
7 91 10 120 
2 93 11 207 
21 87 22 164 
11 35 23 97 
10 171 20 173 
4 179 8 190 
1 29 18 24 
7 118 15 15 
5 21 14 198 
2 30 9 250 
12 209 16 34 
6 8 13 123 
3 219 19 102 
5 237 17 18 
4 183 19 174 
15 231 22 210 
9 14 14 190 
1 2 6 10 
8 60 21 242 
3 142 16 135 
18 73 23 3 
2 146 10 73 
11 221 17 158 
7 38 13 190 
12 5 20 37 
8 218 14 30 
1 90 4 23 
18 250 22 208 
9 114 12 34 
5 60 6 184 
3 79 20 90 
15 45 23 1 
2 192 11 158 
17 63 19 114 
7 218 21 248 
10 16 13 156 
13 169 16 188 
17 252 22 202 
1 225 4 140 
8 237 10 60 
6 23 15 164 
9 97 16 142 
21 193 23 199 
2 123 20 203 
7 58 19 170 
11 80 12 50 
5 252 14 139 
3 132 18 144 
8 32 10 192 
15 184 21 39 
2 129 7 167 
13 123 17 14 
3 137 5 35 
20 25 23 184 
9 30 22 175 
1 230 6 132 
4 254 14 23 
18 245 19 38 
12 70 16 99 
11 134 19 215 
11 126 17 44 
1 71 22 109 
6 112 14 21 
7 239 16 101 
8 251 13 60 
2 3 9 117 
10 238 18 102 
12 57 15 49 
4 6 5 201 
3 190 23 155 
20 234 21 81 
10 140 12 189 
13 239 20 29 
2 249 17 19 
3 193 16 175 
5 6 21 44 
4 33 19 36 
14 115 23 45 
6 3 22 253 
9 180 18 237 
8 234 11 171 
1 151 15 96 
7 86 16 154 
9 14 12 113 
21 85 22 70 
2 55 13 163 
7 26 14 229 
5 34 19 145 
6 20 23 168 
11 114 15 103 
3 228 17 234 
1 131 18 179 
8 197 20 183 
4 164 10 229 
16 224 20 126 
7 172 22 180 
3 27 11 144 
6 248 18 163 
8 65 9 71 
2 136 10 202 
1 102 5 157 
21 48 23 172 
13 46 15 47 
17 125 19 63 
12 116 14 243 
4 126 5 39 
20 207 23 192 
17 25 18 18 
1 56 21 187 
3 39 9 98 
6 203 22 106 
16 76 19 33 
13 152 14 131 
7 46 11 18 
8 93 10 56 
12 50 15 171 
2 177 4 140 
13 248 20 162 
10 249 16 139 
14 62 22 79 
2 172 12 110 
3 40 18 199 
1 40 19 70 
15 194 17 251 
6 91 7 129 
4 252 8 59 
11 182 21 156 
5 136 9 37 
14 201 23 128 
2 250 10 16 
20 84 21 156 
4 156 13 71 
18 154 23 119 
16 111 17 92 
11 129 12 76 
1 66 6 89 
3 200 22 66 
5 31 8 141 
7 81 15 9 
9 91 19 248 
1 174 10 13 
19 77 21 254 
11 149 17 140 
13 249 15 5 
9 68 16 175 
2 73 18 199 
4 135 12 205 
20 125 22 115 
8 79 14 63 
3 93 7 144 
5 240 23 107 
6 176 18 160 
10 60 17 65 
8 73 20 116 
13 171 22 204 
16 248 21 156 
9 216 11 16 
1 192 5 191 
4 29 15 115 
2 238 12 49 
7 29 23 177 
6 175 14 129 
3 192 19 138 
1 90 16 57 
9 215 12 248 
4 223 7 93 
2 166 20 167 
5 49 8 165 
6 218 18 233 
22 39 23 248 
3 25 10 39 
14 180 21 63 
11 67 15 101 
13 12 17 101 
12 8 19 247 
1 179 7 122 
21 17 22 205 
10 182 15 106 
8 66 19 18 
3 132 5 176 
4 113 14 48 
2 6 9 61 
17 133 20 19 
18 30 23 119 
6 1 13 74 
11 48 16 117 
16 112 23 238 
5 242 8 45 
7 204 10 89 
11 214 15 200 
2 224 6 138 
18 196 21 128 
13 213 22 49 
3 219 14 245 
1 24 12 69 
17 22 20 179 
9 53 19 79 
4 18 12 44 
11 229 22 252 
6 40 8 197 
17 135 21 160 
16 107 18 104 
2 103 10 97 
9 182 13 201 
3 75 23 135 
5 247 19 200 
14 151 15 194 
1 94 20 255 
4 81 7 2 
7 129 14 192 
5 192 8 145 
1 220 23 126 
6 7 21 17 
4 82 16 222 
3 65 13 58 
10 75 17 210 
2 101 12 142 
15 78 18 219 
9 4 19 58 20 114 
7 253 11 63 22 177 
8 119 9 151 23 198 
4 33 6 225 13 30 
3 249 11 248 16 83 
1 85 5 197 15 232 
14 187 19 11 22 195 
10 208 17 190 21 254 
2 211 12 160 20 55 
4 27 12 173 18 91 
7 185 8 126 13 254 
5 196 14 171 17 59 
3 48 20 143 22 123 
10 87 21 222 23 171 
1 153 6 223 9 251 
16 220 18 14 19 144 
2 141 11 127 15 35 
1 169 9 121 15 85 
2 246 19 113 23 177 
4 109 5 159 13 45 
10 31 11 160 20 168 
17 75 21 103 22 8 
6 205 12 126 14 168 
7 139 16 255 18 41 
3 87 8 227 11 76 
9 147 16 27 22 220 
1 58 4 107 17 241 
2 135 7 181 14 109 
3 205 13 178 18 153 
8 20 21 213 23 190 
12 84 15 103 19 43 
5 254 6 191 20 199 
4 185 6 90 10 250 
9 118 21 221 23 129 
1 133 10 162 11 152 
8 51 12 42 20 251 
16 190 17 56 22 68 
2 142 15 1 18 143 
3 87 13 182 14 175 
5 206 7 163 19 127 
7 146 8 88 19 247 
1 90 3 167 22 221 
11 143 14 109 15 187 
5 159 12 103 13 28 
6 12 9 214 10 211 
2 253 18 85 21 204 
4 97 20 206 23 59 
2 69 16 64 17 59 
9 8 14 137 23 179 
4 77 17 238 20 214 
1 99 5 219 16 156 
13 237 19 117 21 230 
8 31 10 63 22 139 
3 106 6 222 18 44 
7 159 11 15 15 189 
6 209 8 37 12 241 
13 226 15 98 17 196 
4 25 18 184 21 164 
7 94 10 144 23 75 
3 254 5 239 16 218 
11 186 14 225 19 11 
1 55 2 29 12 243 
9 240 20 136 22 13 
9 71 14 188 19 22 
13 10 18 6 20 50 
2 90 8 84 21 143 
3 135 6 117 12 134 
1 105 10 226 11 148 
4 97 17 87 22 13 
5 43 16 78 23 219 
7 18 15 66 17 12 
1 28 6 82 10 243 
13 247 15 164 21 118 
7 53 9 218 19 192 
16 115 22 227 23 139 
2 27 11 36 18 127 
4 139 8 129 14 6 
5 92 12 202 20 128 
3 128 13 146 18 193 
3 98 6 152 14 20 
5 115 15 211 22 42 
9 4 17 119 23 231 
1 248 11 70 16 104 
2 121 10 66 21 118 
4 79 19 225 20 173 
7 40 8 211 12 216 
17 153 21 2 23 44 
4 207 7 162 11 159 
13 97 18 106 22 43 
2 50 10 97 14 29 
8 120 15 188 19 62 
6 41 12 58 20 172 
1 69 9 134 16 124 
3 14 5 16 14 151 
8 132 20 122 21 240 
3 197 6 113 11 32 
7 31 9 91 18 216 
4 29 16 198 17 119 
10 140 19 115 22 110 
1 135 5 79 13 66 
2 88 12 176 15 230 
5 83 20 70 23 83 
6 217 16 198 23 34 
12 246 19 205 22 130 
9 130 17 183 18 202 
2 159 3 213 7 56 
1 205 4 18 13 103 
10 57 11 69 21 203 
8 136 14 196 15 10 
4 220 11 208 16 43 
1 95 12 64 17 88 
8 200 10 209 19 219 
5 13 20 54 22 3 
3 165 9 224 18 66 
2 218 14 32 23 228 
13 34 15 189 21 150 
2 2 6 126 7 83 
4 160 8 76 18 248 
9 227 15 203 16 113 
14 26 17 248 20 53 
6 237 12 219 23 76 
3 27 7 3 19 244 
10 139 11 167 21 151 
1 142 13 165 22 172 
5 122 6 222 23 247 
13 240 21 188 22 103 
3 155 12 3 19 78 
11 220 17 208 18 64 
2 11 4 33 15 244 
5 160 8 173 20 134 
1 54 7 46 9 148 
10 93 14 20 16 236 
4 244 17 174 22 19 
1 204 3 255 9 62 
2 34 12 57 21 149 
13 155 14 128 16 188 
7 198 8 242 11 116 
5 218 10 89 19 207 
15 225 18 199 23 114 
6 207 8 128 20 201 
7 202 10 105 17 49 
11 122 16 250 19 48 
4 80 15 179 21 129 
3 236 9 90 13 93 
14 206 18 104 22 122 
1 99 2 211 6 249 
12 67 20 208 23 187 
1 164 5 188 13 219 
9 46 12 204 17 228 
6 240 19 81 21 67 
2 61 5 2 11 42 
3 17 4 232 18 208 
6 17 22 9 25 219 40 177 54 40 70 83 79 120 87 228 102 244 112 195 118 126 128 164 141 151 153 32 167 92 174 122 195 206 208 184 211 47 221 140 232 252 253 33 255 142 269 125 287 254 297 211 303 25 322 97 327 190 334 255 351 50 362 176 371 113 383 196 396 29 407 2 416 90 428 225 445 230 451 71 471 151 481 131 490 102 498 56 512 40 525 66 530 174 547 192 553 90 565 179 584 24 597 94 601 220 613 85 622 153 625 169 634 58 642 133 649 90 658 99 669 55 675 105 679 28 690 248 700 69 707 135 714 205 718 95 731 142 738 54 741 204 753 99 755 164 
11 220 23 63 26 25 41 68 47 194 62 22 83 47 90 165 99 170 105 197 127 8 131 150 146 77 151 241 169 188 176 143 193 209 200 104 211 212 215 41 238 46 244 30 256 87 268 52 278 143 298 42 302 145 313 145 331 60 337 121 357 161 363 164 374 217 391 93 399 30 411 146 422 192 433 123 440 129 455 3 463 249 475 55 489 136 506 177 510 172 519 250 535 73 549 238 556 166 571 6 580 224 592 103 606 101 616 211 624 141 626 246 635 135 645 142 653 253 655 69 669 29 673 90 683 27 691 121 697 50 708 88 713 159 722 218 724 2 736 11 742 34 753 211 758 61 
3 211 15 131 32 16 44 189 57 210 63 78 81 235 89 195 96 154 110 219 122 47 129 237 141 128 155 182 163 65 184 231 190 100 203 14 215 186 228 133 233 153 247 80 254 11 266 101 286 67 293 159 305 95 320 145 325 125 343 244 353 116 363 51 378 34 385 61 402 219 409 142 420 79 437 132 442 137 459 190 464 193 480 228 486 27 499 39 511 40 526 200 539 93 552 192 560 25 569 132 583 219 594 75 604 65 612 249 620 48 632 87 636 205 646 87 649 167 661 106 667 254 674 135 686 128 687 98 701 14 703 197 713 213 721 165 729 27 734 155 741 255 751 236 759 17 
8 193 22 41 29 44 37 107 47 210 65 148 74 17 84 114 93 99 115 64 121 146 138 208 139 86 160 21 164 239 178 119 190 82 201 92 216 95 220 213 234 225 250 206 260 166 276 232 277 220 290 37 308 111 316 216 328 207 335 82 349 173 367 72 369 2 388 112 395 179 404 183 416 23 428 140 446 254 458 6 466 33 483 164 495 126 506 140 515 252 521 156 536 135 548 29 555 223 570 113 587 18 598 81 603 82 611 33 617 27 627 109 634 107 640 185 654 97 657 77 665 25 676 97 684 139 692 79 695 207 705 29 714 18 717 220 725 160 736 33 740 244 750 80 759 232 
8 151 14 146 27 146 43 156 55 236 69 29 77 85 91 108 97 126 108 185 116 72 128 181 140 191 154 72 169 128 179 3 194 183 205 127 214 68 229 42 233 14 252 45 254 176 268 221 285 189 297 67 306 174 315 95 330 245 344 245 354 151 365 142 378 79 386 155 398 21 403 237 419 60 436 252 442 35 458 201 465 6 477 34 490 157 495 39 517 136 527 31 540 240 547 191 557 49 569 176 577 242 595 247 600 192 613 197 619 196 627 159 639 254 647 206 651 159 658 219 667 239 677 43 685 92 688 115 701 16 707 79 709 83 720 13 732 122 737 160 745 218 755 188 758 2 
7 148 13 80 33 129 37 63 57 91 66 150 72 16 76 41 104 191 108 135 117 33 134 131 146 181 158 20 171 191 177 123 195 124 199 106 207 178 231 30 239 152 246 148 265 201 272 105 283 235 292 135 306 54 312 157 332 32 337 35 346 223 361 16 370 209 386 105 401 8 407 10 419 184 430 23 445 132 452 112 468 3 478 20 487 248 500 203 514 91 525 89 541 176 551 175 558 218 574 1 580 138 589 40 602 7 611 225 622 223 630 205 639 191 640 90 652 12 661 222 663 209 674 117 679 82 687 152 699 41 703 113 710 217 724 126 728 237 732 222 747 207 753 249 757 240 
7 115 20 52 28 168 39 49 49 133 58 227 73 58 83 113 103 189 107 81 126 210 130 87 142 217 155 9 168 181 178 88 185 57 198 12 217 84 224 136 229 98 253 27 264 171 269 177 277 142 294 63 309 197 315 131 329 164 339 75 355 150 358 174 376 42 390 91 397 118 413 38 424 218 434 58 440 167 453 239 472 86 476 26 485 172 503 46 514 129 528 81 539 144 550 29 555 93 565 122 578 204 598 2 599 129 609 253 618 185 631 139 635 181 647 163 648 146 662 159 666 94 678 18 681 53 693 40 695 162 704 31 713 56 724 83 729 3 738 46 744 198 748 202 
11 35 21 238 32 166 43 83 56 103 59 121 79 192 92 127 98 68 106 249 123 26 133 39 142 202 152 3 171 175 183 54 186 72 204 130 216 238 226 150 242 64 245 95 261 229 274 112 285 149 296 114 303 64 312 231 325 214 338 141 349 132 359 243 379 102 389 169 395 190 408 60 415 218 429 237 438 32 454 251 470 234 482 197 488 65 504 93 515 59 527 141 538 79 543 73 557 165 568 66 577 45 589 197 600 145 610 119 618 126 632 227 637 20 643 51 648 88 660 31 663 37 673 84 684 129 693 211 698 120 702 132 716 136 719 200 725 76 737 173 744 242 747 128 
12 182 16 230 34 86 45 53 49 167 59 121 65 135 82 235 100 53 114 154 116 144 137 203 148 55 150 34 163 199 177 45 187 135 200 212 210 166 221 35 240 115 248 237 263 2 272 2 279 194 299 220 309 172 318 150 330 120 341 169 348 157 359 231 373 67 382 233 399 250 406 14 418 114 431 97 444 30 455 117 469 180 473 14 488 71 499 98 517 37 529 91 534 68 546 216 554 215 571 61 586 53 593 182 608 4 610 151 622 251 625 121 633 147 641 118 652 214 656 8 670 240 671 71 681 218 689 4 700 134 704 91 712 130 721 224 726 227 738 148 741 62 751 90 756 46 
9 160 14 92 30 218 45 177 51 214 67 133 72 18 75 107 94 229 106 206 122 152 135 45 147 207 159 156 164 233 181 69 193 158 198 178 208 43 218 236 241 232 243 165 263 212 270 69 281 108 295 229 300 236 316 156 323 157 342 252 348 149 364 176 374 144 390 120 394 171 411 73 425 16 429 60 438 192 456 238 461 140 483 229 489 202 504 56 508 249 519 16 530 13 542 60 560 39 567 182 578 89 592 97 605 75 615 208 621 87 628 31 640 250 642 162 652 211 660 63 666 144 675 226 679 243 691 66 697 97 706 140 715 57 719 209 730 139 739 93 745 89 748 105 
3 218 12 104 24 28 40 187 52 198 69 171 78 205 86 216 98 187 113 129 119 24 131 103 143 154 156 145 165 216 185 179 191 240 209 197 218 1 231 29 234 184 249 32 261 159 273 202 282 242 296 36 308 21 321 131 333 177 341 244 354 239 358 12 372 149 391 207 393 35 412 221 422 158 435 80 449 134 450 126 470 171 479 114 486 144 503 18 516 182 524 129 532 149 546 16 562 67 575 48 579 214 588 229 609 63 612 248 624 127 628 160 632 76 642 152 650 143 662 15 668 186 675 148 683 36 690 70 695 159 703 32 715 69 717 208 730 167 735 220 744 116 749 122 758 42 
10 239 17 39 30 18 39 45 56 62 64 148 70 113 86 155 101 209 110 12 117 219 137 86 144 3 157 212 172 211 182 57 188 112 201 156 219 185 223 187 238 252 252 33 255 59 276 36 280 233 289 197 304 184 311 158 326 25 345 224 356 17 366 152 369 241 381 226 400 209 414 5 418 34 435 50 448 70 457 57 461 189 473 113 494 116 505 50 510 110 524 76 536 205 549 49 554 248 564 8 584 69 587 44 606 142 616 160 617 173 630 126 638 84 643 42 651 103 663 241 669 243 674 134 685 202 693 216 699 58 708 176 711 246 718 64 728 219 734 3 742 57 754 67 756 204 
4 253 13 98 26 77 46 253 52 31 60 125 80 74 89 173 94 172 115 134 118 84 136 144 145 70 152 99 168 203 175 168 189 91 196 70 205 47 223 26 230 45 240 31 258 92 270 171 279 161 293 59 301 208 314 50 334 88 344 244 347 161 368 116 377 57 384 133 401 123 413 190 425 156 426 169 441 123 454 60 462 239 475 163 492 46 502 152 507 248 521 71 533 249 544 171 563 12 574 74 582 213 593 201 604 58 611 30 618 254 627 45 636 178 646 182 651 28 659 237 664 226 672 10 680 247 686 146 696 97 707 66 714 103 723 34 731 165 733 240 743 155 751 93 755 219 
9 242 15 32 28 219 36 97 48 223 60 181 68 203 84 147 95 214 104 110 125 67 127 156 148 160 153 244 172 65 183 102 194 27 206 221 212 133 225 190 237 21 249 224 259 234 267 25 281 137 298 184 302 228 321 204 327 233 336 170 347 117 367 149 376 132 384 135 398 198 406 190 415 30 436 139 446 23 452 21 467 115 476 229 494 243 502 131 509 62 518 201 538 63 551 129 561 180 570 48 583 245 596 151 599 192 614 187 619 171 630 168 635 109 646 175 650 109 656 137 668 225 671 188 684 6 687 20 697 29 701 151 716 196 722 32 727 26 739 20 743 128 752 206 
10 223 18 163 35 106 46 120 50 192 63 214 74 48 92 57 102 145 105 93 125 233 130 202 150 73 159 5 166 50 179 84 192 52 197 102 209 145 222 8 239 43 251 121 262 43 273 214 283 82 294 6 301 152 317 80 331 167 340 2 350 201 364 56 375 26 387 202 397 15 405 231 421 45 430 164 439 184 457 49 471 96 479 103 492 47 505 171 513 194 528 9 533 5 548 115 562 101 567 106 579 200 596 194 607 78 613 232 624 35 625 85 638 103 645 1 650 187 662 189 664 98 678 66 680 164 688 211 698 188 708 230 716 10 723 189 726 203 736 244 746 225 750 179 
4 36 16 115 27 175 38 192 53 127 71 17 78 22 88 227 99 18 107 104 123 159 129 153 144 94 158 70 161 25 174 85 192 210 202 188 212 237 227 38 241 45 250 254 259 211 274 11 278 189 289 47 304 220 319 215 332 50 342 239 351 200 357 177 371 168 385 35 400 34 409 135 426 188 431 142 448 99 453 101 464 175 472 154 484 224 501 76 508 139 523 111 534 175 545 248 553 57 575 117 576 112 591 107 603 222 612 83 623 220 631 255 633 27 644 190 655 64 658 156 667 218 677 78 682 115 690 104 700 124 705 198 710 198 717 43 726 113 739 236 743 188 749 250 
6 6 21 6 31 255 38 38 50 224 67 57 73 14 91 88 95 220 111 32 121 22 136 94 143 4 157 7 170 141 180 208 187 47 207 21 213 149 228 74 235 216 244 159 260 19 271 250 282 52 291 131 310 227 313 214 324 56 343 128 355 191 360 223 379 115 388 244 403 18 412 158 423 63 427 252 441 14 450 44 463 19 480 234 493 125 497 25 513 251 523 92 532 140 542 65 563 101 572 133 585 22 590 135 605 210 615 190 619 59 629 75 634 241 644 56 655 59 657 238 664 196 676 87 678 12 689 119 694 153 705 119 712 183 718 88 727 248 735 208 740 174 748 49 756 228 
1 251 19 76 24 98 42 224 58 231 62 10 75 104 88 125 96 180 111 58 124 197 134 194 139 87 154 243 167 149 175 43 186 255 206 10 219 7 222 28 236 65 248 226 257 240 275 136 287 104 288 92 307 17 322 207 329 171 339 84 352 2 360 64 370 209 382 87 396 24 410 73 417 250 437 144 447 245 456 102 469 237 481 179 487 163 497 18 511 199 522 154 535 199 541 160 558 233 573 30 581 196 591 104 607 219 617 91 623 14 631 41 636 153 645 143 653 85 661 44 665 184 672 6 683 127 686 193 696 106 704 216 712 202 721 66 725 248 735 64 746 199 752 104 759 208 
1 130 17 225 31 94 33 216 48 142 61 157 77 116 90 114 93 59 112 76 120 180 132 173 147 248 156 164 166 122 173 95 196 24 203 200 210 71 224 59 227 142 245 125 256 13 275 94 284 56 299 201 305 181 319 31 328 218 336 134 352 169 361 22 373 103 387 64 402 102 404 174 423 114 434 170 447 38 449 215 466 36 477 145 493 63 501 33 512 70 529 248 531 77 552 138 564 247 568 18 586 79 595 200 608 58 614 11 623 144 626 113 638 43 647 127 648 247 659 117 668 11 671 22 681 192 692 225 698 62 706 115 711 205 719 219 729 244 734 78 745 207 749 48 757 81 
5 231 20 31 25 215 41 185 51 159 61 191 71 172 81 88 97 171 114 96 119 76 133 249 145 102 149 230 162 28 180 105 188 134 197 95 220 249 225 177 236 159 246 190 257 12 265 166 286 8 291 12 307 176 318 206 326 49 338 124 350 142 365 248 377 78 383 204 394 173 414 37 420 90 433 203 443 25 460 234 462 29 482 183 484 126 496 207 507 162 520 84 537 125 543 116 556 167 572 19 585 179 597 255 608 114 616 55 620 143 628 168 639 199 643 251 654 206 657 214 670 136 672 50 685 128 692 173 699 172 702 122 709 70 720 54 727 53 737 134 747 201 754 208 
5 56 18 9 34 252 42 67 55 195 68 169 76 170 85 25 101 43 109 204 126 62 132 11 151 179 160 137 165 210 184 165 189 194 202 63 213 101 232 94 242 50 243 168 258 68 271 54 288 191 290 144 311 14 320 187 324 234 340 74 356 198 368 34 372 21 389 210 392 87 408 242 424 248 432 193 439 39 460 81 465 44 474 85 491 48 498 187 516 156 520 156 531 254 545 156 561 63 566 17 581 128 590 160 602 17 615 254 621 222 629 103 637 213 641 221 653 204 659 230 665 164 673 143 680 118 691 118 694 2 702 240 715 203 723 150 730 151 733 188 742 149 750 129 757 67 
2 109 19 182 29 192 44 164 53 245 64 216 80 226 87 205 100 83 109 189 120 32 135 199 140 202 162 199 170 43 176 230 191 141 199 88 217 250 226 65 237 189 251 247 264 234 266 120 284 169 295 104 300 23 314 76 333 75 335 142 353 157 362 89 380 54 381 24 392 164 405 210 417 208 427 202 444 175 451 109 468 253 474 70 485 180 500 106 509 79 526 66 537 115 544 204 559 39 566 205 582 49 588 252 609 177 614 195 620 123 629 8 633 220 644 68 649 221 660 139 670 13 676 13 682 227 688 42 696 43 706 110 711 130 720 3 731 172 733 103 740 19 752 122 
2 70 23 249 35 85 36 41 54 110 66 234 82 34 85 191 103 41 113 109 124 222 138 164 149 161 161 244 173 70 181 67 182 83 204 191 214 123 230 136 235 124 247 72 262 251 267 240 280 208 292 116 310 60 317 224 323 159 345 253 346 183 366 142 375 248 380 202 393 97 410 3 421 1 432 199 443 184 459 155 467 45 478 168 491 172 496 192 518 128 522 119 540 107 550 177 559 248 573 119 576 238 594 135 601 126 610 198 621 171 626 177 637 190 641 129 654 59 656 179 666 75 677 219 682 139 689 231 694 44 709 83 710 34 722 228 728 76 732 247 746 114 754 187 
