1080 344 256
3 7
2 2 2 2 2 2 2 2 2 2 2 2 2 2 2 2 2 2 2 2 2 2 2 2 2 2 2 2 2 2 2 2 2 2 2 2 2 2 2 2 2 2 2 2 2 2 2 2 2 2 2 2 2 2 2 2 2 2 2 2 2 2 2 2 2 2 2 2 2 2 2 2 2 2 2 2 2 2 2 2 2 2 2 2 2 2 2 2 2 2 2 2 2 2 2 2 2 2 2 2 2 2 2 2 2 2 2 2 2 2 2 2 2 2 2 2 2 2 2 2 2 2 2 2 2 2 2 2 2 2 2 2 2 2 2 2 2 2 2 2 2 2 2 2 2 2 2 2 2 2 2 2 2 2 2 2 2 2 2 2 2 2 2 2 2 2 2 2 2 2 2 2 2 2 2 2 2 2 2 2 2 2 2 2 2 2 2 2 2 2 2 2 2 2 2 2 2 2 2 2 2 2 2 2 2 2 2 2 2 2 2 2 2 2 2 2 2 2 2 2 2 2 2 2 2 2 2 2 2 2 2 2 2 2 2 2 2 2 2 2 2 2 2 2 2 2 2 2 2 2 2 2 2 2 2 2 2 2 2 2 2 2 2 2 2 2 2 2 2 2 2 2 2 2 2 2 2 2 2 2 2 2 2 2 2 2 2 2 2 2 2 2 2 2 2 2 2 2 2 2 2 2 2 2 2 2 2 2 2 2 2 2 2 2 2 2 2 2 2 2 2 2 2 2 2 2 2 2 2 2 2 2 2 2 2 2 2 2 2 2 2 2 2 2 2 2 2 2 2 2 2 2 2 2 2 2 2 2 2 2 2 2 2 2 2 2 2 2 2 2 2 2 2 2 2 2 2 2 2 2 2 2 2 2 2 2 2 2 2 2 2 2 2 2 2 2 2 2 2 2 2 2 2 2 2 2 2 2 2 2 2 2 2 2 2 2 2 2 2 2 2 2 2 2 2 2 2 2 2 2 2 2 2 2 2 2 2 2 2 2 2 2 2 2 2 2 2 2 2 2 2 2 2 2 2 2 2 2 2 2 2 2 2 2 2 2 2 2 2 2 2 2 2 2 2 2 2 2 2 2 2 2 2 2 2 2 2 2 2 2 2 2 2 2 2 2 2 2 2 2 2 2 2 2 2 2 2 2 2 2 2 2 2 2 2 2 2 2 2 2 2 2 2 2 2 2 2 2 2 2 2 2 2 2 2 2 2 2 2 2 2 2 2 2 2 2 2 2 2 2 2 2 2 2 2 2 2 2 2 2 2 2 2 2 2 2 2 2 2 2 2 2 2 2 2 2 2 2 2 2 2 2 2 2 2 2 2 2 2 2 2 2 2 2 2 2 2 2 2 2 2 2 2 2 2 2 2 2 2 2 2 2 2 2 2 2 2 2 2 2 2 2 2 2 2 2 2 2 2 2 2 2 2 2 2 2 2 2 2 2 2 2 2 2 2 2 2 2 2 2 2 2 2 2 2 2 2 2 2 2 2 2 2 2 2 2 2 2 2 2 2 2 2 2 2 2 2 2 2 2 2 2 2 2 2 2 2 2 2 2 2 2 2 2 2 2 2 2 2 2 2 2 2 2 2 2 2 2 2 2 2 2 2 2 2 2 2 2 2 2 2 2 2 2 2 2 2 2 2 2 2 2 2 2 2 2 2 2 2 2 2 2 2 2 2 2 2 2 2 2 2 2 2 2 2 2 2 2 2 2 2 2 2 2 2 2 2 2 2 2 2 2 2 2 2 2 2 2 2 2 2 2 2 2 2 2 2 2 2 2 2 2 2 2 2 2 2 2 2 2 2 2 2 2 2 2 2 2 2 2 2 2 2 2 2 2 2 2 2 2 2 2 2 2 2 2 2 2 2 2 2 2 2 2 2 2 2 2 2 2 2 2 2 2 2 2 2 2 2 2 2 2 2 2 2 2 2 2 2 2 2 2 2 2 3 3 3 3 3 3 3 3 3 3 3 3 3 3 3 3 3 3 3 3 3 3 3 3 3 3 3 3 3 3 3 3 3 3 3 3 3 3 3 3 3 3 3 3 3 3 3 3 3 3 3 3 3 3 3 3 3 3 3 3 3 3 3 3 3 3 3 3 3 3 3 3 3 3 3 3 3 3 3 3 3 3 3 3 3 3 3 3 3 3 3 3 3 3 3 3 3 3 3 3 3 3 3 3 3 3 3 3 3 3 3 3 3 3 3 3 3 3 3 3 3 3 3 3 3 3 3 3 3 3 3 3 3 3 3 3 3 3 3 3 3 3 3 3 3 3 3 3 3 3 3 3 3 3 3 3 3 3 3 3 3 3 3 3 3 3 3 3 3 3 3 3 3 3 3 3 3 3 3 3 3 3 3 3 3 3 3 3 3 3 3 3 3 3 3 3 3 3 3 3 3 3 3 3 3 3 3 3 3 3 3 3 3 3 3 3 
7 7 7 6 7 7 7 7 7 7 7 7 7 7 7 7 7 7 6 7 7 7 7 7 7 7 7 6 7 6 7 7 7 6 7 7 7 7 7 7 7 7 7 7 6 7 7 7 7 7 7 7 7 7 7 7 7 7 7 7 7 7 7 7 7 7 7 7 7 7 7 6 7 7 7 7 7 7 7 7 7 7 7 7 6 7 7 7 7 7 7 7 7 7 7 7 7 7 7 7 7 7 7 7 6 7 7 6 7 7 7 7 7 7 7 7 7 7 6 7 7 7 7 7 7 7 7 7 7 6 7 7 7 7 7 7 7 7 7 7 7 6 7 7 7 7 7 7 6 7 7 7 7 7 7 7 6 7 7 7 7 7 7 7 7 7 7 7 6 7 7 7 7 7 6 7 7 7 7 7 7 7 7 7 7 7 7 7 7 7 7 7 7 7 7 7 7 7 7 6 7 7 7 7 7 7 7 6 7 7 7 7 7 7 7 7 7 7 7 7 7 6 6 7 7 7 7 7 7 7 7 7 7 7 7 7 6 7 7 7 7 7 7 7 7 7 7 7 7 7 6 7 6 7 7 7 7 7 7 7 7 7 7 7 7 7 7 7 7 7 7 7 7 7 6 7 7 6 7 7 7 7 7 7 7 7 7 7 7 7 6 7 7 7 7 7 6 7 7 7 7 7 7 7 7 7 7 7 7 7 7 7 7 7 7 7 7 7 7 7 7 7 7 6 7 7 7 7 6 7 7 7 7 7 7 7 7 7 6 7 7 7 7 6 
79 111 179 101 
6 204 89 96 
309 237 337 230 
289 105 330 52 
32 19 132 151 
234 143 251 111 
50 104 150 156 
107 217 233 222 
174 17 254 12 
24 187 222 147 
63 242 343 8 
159 2 193 15 
225 171 280 4 
102 68 267 17 
61 169 291 122 
207 127 223 104 
162 175 209 90 
128 73 299 235 
155 118 163 198 
101 140 190 129 
47 205 198 198 
68 219 249 74 
94 155 242 147 
64 157 143 136 
44 127 71 120 
114 203 283 200 
21 109 167 73 
27 24 111 161 
110 177 120 29 
146 144 230 226 
292 207 305 171 
117 157 192 102 
84 230 188 95 
129 207 297 213 
23 74 302 213 
5 183 326 25 
28 111 263 53 
73 177 131 84 
290 22 300 85 
122 240 268 233 
112 108 334 90 
75 12 197 85 
108 252 205 210 
22 162 245 245 
33 29 62 194 
53 139 66 130 
60 126 96 194 
11 9 25 164 
8 18 218 123 
99 176 172 133 
65 142 284 145 
7 194 185 249 
262 144 320 85 
137 135 273 107 
134 150 333 104 
257 24 307 73 
153 6 183 96 
41 178 124 215 
171 163 275 109 
51 129 177 88 
160 118 317 68 
166 222 232 197 
40 147 127 62 
2 14 105 209 
58 195 310 30 
26 12 259 9 
55 109 327 21 
121 206 308 193 
173 170 252 48 
157 48 199 127 
184 108 329 207 
256 152 285 151 
56 137 276 198 
4 67 250 15 
123 115 180 121 
244 84 265 247 
156 253 287 134 
282 173 286 136 
57 38 181 152 
210 182 319 255 
98 16 126 37 
116 47 248 221 
92 72 239 163 
31 83 306 81 
20 55 338 141 
217 254 269 200 
49 3 109 131 
1 237 202 134 
158 225 322 45 
130 26 187 98 
35 115 266 213 
52 78 141 63 
93 215 142 9 
9 55 104 122 
86 106 175 14 
48 84 145 172 
170 207 203 250 
125 62 211 145 
54 82 80 125 
133 78 214 15 
238 25 288 211 
243 112 295 43 
97 159 200 56 
182 38 212 111 
45 134 136 84 
85 165 313 208 
72 208 204 194 
148 210 304 247 
247 41 258 215 
10 23 113 161 
119 92 274 107 
81 207 336 235 
12 20 296 120 
76 60 90 34 
178 83 224 21 
226 24 340 247 
189 133 231 113 
228 225 229 52 
144 229 260 128 
103 154 147 26 
195 17 278 244 
151 191 227 39 
67 143 194 115 
38 222 176 62 
169 112 191 236 
15 91 30 153 
115 148 344 108 
240 228 293 119 
88 43 215 205 
13 137 312 104 
82 58 255 170 
43 82 241 2 
135 84 294 91 
78 77 272 69 
118 138 208 141 
164 163 314 28 
219 254 331 41 
37 110 325 185 
87 225 335 205 
18 219 216 247 
3 119 42 67 
246 170 318 213 
270 173 311 184 
46 20 261 175 
168 7 328 14 
264 173 321 74 
83 50 235 218 
271 24 279 75 
139 242 281 75 
17 180 237 110 
140 28 315 245 
74 163 341 224 
95 95 324 194 
236 84 277 192 
34 170 196 247 
16 132 316 133 
29 252 186 209 
77 76 303 102 
36 7 298 162 
138 45 323 131 
221 32 253 217 
59 213 206 118 
201 70 342 79 
100 248 213 2 
19 97 39 163 
149 9 154 188 
106 217 339 196 
91 155 220 102 
69 190 301 33 
70 69 332 102 
14 166 161 234 
152 82 165 205 
165 99 173 210 
98 73 209 181 
180 245 187 146 
163 6 203 90 
133 52 318 246 
99 194 235 153 
6 231 332 100 
75 81 286 253 
103 214 269 65 
298 56 320 82 
149 13 258 234 
186 145 302 93 
204 131 337 55 
200 28 304 24 
170 54 271 147 
185 161 220 208 
108 174 109 84 
48 66 249 147 
122 55 208 54 
3 226 46 216 
247 112 333 170 
250 76 314 17 
164 252 218 4 
134 97 158 51 
87 176 303 19 
148 118 311 168 
137 201 184 108 
19 249 272 195 
153 89 265 219 
230 33 240 217 
146 250 266 32 
69 35 324 50 
212 87 251 192 
198 231 287 65 
123 38 210 130 
7 55 229 156 
18 172 253 21 
74 204 246 48 
1 127 138 73 
67 48 121 176 
248 1 264 249 
14 84 76 157 
174 94 329 173 
51 67 114 203 
88 225 194 153 
37 217 219 170 
12 164 157 91 
50 246 321 150 
130 121 132 44 
49 153 301 83 
31 136 305 17 
106 137 237 113 
57 88 112 141 
110 255 118 79 
56 147 317 156 
63 242 335 123 
155 116 256 159 
28 142 71 154 
105 5 196 231 
202 245 331 136 
38 53 90 83 
45 217 254 30 
267 205 292 191 
54 113 145 15 
68 216 280 125 
94 16 226 178 
100 90 236 63 
80 54 326 107 
41 124 241 99 
152 233 222 102 
26 215 176 75 
83 10 128 128 
205 223 344 129 
13 201 89 63 
65 213 102 71 
223 211 257 114 
24 20 183 88 
52 52 242 127 
117 98 294 160 
270 249 328 62 
10 248 263 246 
119 40 283 159 
58 125 217 2 
43 68 289 234 
61 139 62 180 
47 13 154 156 
172 95 308 17 
27 230 195 43 
159 15 245 86 
126 161 340 127 
34 193 93 14 
291 195 343 11 
268 161 274 111 
306 241 338 209 
215 70 312 117 
199 24 279 207 
44 22 295 190 
111 106 168 93 
91 150 136 120 
101 150 307 152 
64 30 284 38 
96 160 290 72 
9 126 135 84 
140 206 293 203 
84 140 319 213 
116 2 192 134 
166 146 252 41 
20 181 227 101 
238 1 313 82 
53 152 150 41 
2 50 143 124 
188 236 191 161 
21 166 131 78 
177 13 299 250 
259 181 260 31 
77 6 288 221 
113 94 336 119 
30 112 36 178 
35 182 316 211 
234 198 243 25 
33 135 341 120 
73 42 82 1 
104 17 169 2 
197 126 233 62 
25 12 232 223 
115 53 323 55 
201 216 309 112 
167 219 278 98 
40 84 276 79 
206 158 273 209 
4 22 239 28 
66 210 139 64 
151 46 310 13 
190 176 325 120 
228 115 300 224 
60 86 120 13 
175 218 322 182 
70 201 339 78 
81 234 141 193 
178 89 225 213 
124 42 125 9 
59 212 281 89 
16 60 127 247 
23 106 315 185 
11 140 79 36 
129 239 285 130 
72 103 171 8 
97 167 297 45 
5 69 42 45 
55 69 255 84 
107 190 182 223 
262 145 282 35 
147 207 342 200 
181 48 221 24 
156 163 327 209 
15 144 160 143 
39 84 144 9 
17 131 275 219 
22 122 277 183 
32 162 86 92 
179 52 211 179 
29 217 244 211 
85 95 224 94 
214 228 231 184 
162 84 296 35 
8 6 261 110 
92 154 330 28 
193 136 334 183 
95 192 213 106 
78 19 207 152 
142 16 161 28 
189 73 216 20 
170 9 207 103 
228 87 318 169 
64 109 218 87 
15 2 122 184 
289 114 319 46 
182 19 306 208 
97 56 281 168 
115 16 339 158 
90 47 140 98 
158 24 231 198 
13 150 225 141 
81 90 193 150 
173 223 242 246 
27 81 282 166 
33 91 260 12 
145 165 273 243 
79 39 208 180 
198 103 332 96 
236 12 248 207 
65 88 219 132 
177 144 284 132 
222 85 224 32 
35 42 49 9 
103 196 126 208 
124 124 203 215 
40 182 329 15 
204 166 297 113 
169 225 288 224 
44 176 171 194 
128 43 221 166 
87 23 197 149 
142 29 148 100 
136 20 338 59 
69 172 157 62 
19 203 88 213 
70 4 110 57 
76 49 123 202 
29 218 325 163 
21 246 141 143 
75 117 247 120 
2 60 162 199 
10 52 240 153 
32 66 252 21 
127 87 172 48 
31 193 321 215 
146 81 333 180 
264 197 312 8 
168 125 272 27 
143 129 291 113 
116 54 342 148 
82 30 102 170 
58 209 268 179 
41 73 57 248 
210 29 220 187 
95 111 232 235 
3 229 67 169 
38 120 160 9 
47 108 92 203 
94 71 308 88 
72 205 153 33 
109 4 188 109 
121 197 290 185 
150 254 216 93 
9 68 131 202 
266 94 280 75 
105 198 237 148 
176 208 253 165 
48 223 283 223 
119 155 328 12 
255 90 256 145 
302 103 326 149 
34 71 245 97 
246 18 294 163 
68 27 155 121 
4 226 71 78 
101 169 192 238 
130 19 202 227 
299 59 313 117 
18 174 323 168 
45 57 265 124 
14 200 279 26 
134 63 269 153 
144 253 243 234 
53 214 167 129 
50 173 250 225 
163 50 298 116 
77 213 271 185 
52 182 149 163 
83 238 309 194 
80 236 335 57 
111 90 185 149 
209 228 212 180 
259 134 327 128 
28 194 300 129 
43 172 61 173 
106 47 257 16 
86 115 295 96 
137 27 213 64 
5 216 344 120 
211 216 251 88 
132 95 320 64 
275 244 317 233 
59 4 341 233 
151 207 334 42 
239 87 311 238 
96 63 199 217 
191 17 268 28 
147 242 180 237 
37 150 263 24 
42 125 175 129 
187 11 206 41 
16 213 223 247 
305 202 315 170 
7 250 85 118 
233 38 276 180 
156 53 254 225 
100 222 238 198 
11 97 314 154 
54 132 336 151 
267 105 330 247 
93 120 214 241 
51 21 322 90 
179 220 230 216 
174 175 214 206 
23 51 74 14 
60 69 139 228 
196 53 262 19 
36 197 117 24 
181 106 301 228 
12 140 24 90 
17 204 131 177 
135 22 261 84 
84 123 113 60 
129 41 310 230 
189 149 190 57 
22 37 118 42 
63 74 337 29 
55 34 296 103 
56 171 178 206 
62 176 277 113 
99 103 274 13 
227 173 307 149 
125 221 287 43 
108 62 304 194 
1 93 107 24 
66 177 316 252 
25 41 186 213 
244 121 340 228 
78 167 98 198 
194 158 285 40 
159 150 183 230 
195 167 205 111 
234 46 278 136 
30 152 154 54 
8 216 200 116 
73 42 235 137 
112 15 164 227 
6 206 303 110 
138 213 229 233 
136 141 249 191 
161 254 215 250 
165 255 343 136 
69 102 331 99 
89 8 226 6 
39 34 258 119 
217 76 292 25 
39 38 324 66 
201 243 287 71 
114 119 140 37 
184 26 267 62 
152 2 293 213 
26 209 270 83 
133 176 166 63 
29 223 104 193 
46 156 91 125 
175 94 241 166 
120 32 286 158 
20 151 300 111 
236 103 275 132 
102 120 286 178 
53 173 201 98 
200 14 293 214 
71 15 103 94 
67 93 79 181 
141 14 279 254 
187 193 208 57 
113 164 174 176 
15 3 338 80 
166 217 209 23 
283 33 339 188 
218 173 332 217 
244 245 320 28 
17 197 230 208 
82 99 142 33 
5 13 296 76 
89 14 341 124 
31 191 271 132 
56 15 112 142 
97 120 258 147 
291 239 333 38 
294 161 301 12 
192 193 197 25 
151 25 162 178 
181 180 340 176 
63 24 168 5 
36 97 323 211 
54 214 250 108 
48 111 211 224 
26 253 134 207 
28 109 225 45 
24 210 150 206 
84 144 243 233 
126 233 200 93 
238 246 255 225 
7 234 16 61 
78 239 273 64 
105 26 144 140 
61 206 138 177 
75 228 183 171 
77 243 133 255 
202 174 328 142 
100 204 290 132 
135 210 245 150 
213 120 216 109 
186 82 224 11 
116 186 242 28 
136 153 324 118 
223 184 327 93 
309 85 318 249 
110 245 165 152 
81 254 177 103 
128 17 306 237 
60 36 212 199 
169 15 281 161 
59 151 231 253 
40 138 297 151 
11 65 27 151 
257 88 330 240 
12 66 319 37 
130 48 334 48 
188 141 228 222 
37 51 154 180 
235 20 314 108 
145 112 176 167 
161 136 343 49 
107 127 237 75 
191 212 215 250 
18 93 129 136 
264 80 331 72 
121 229 143 248 
38 96 282 71 
157 130 217 155 
33 130 203 209 
117 61 336 45 
86 34 127 20 
221 185 278 62 
6 161 210 172 
175 81 321 225 
190 37 251 227 
92 53 204 164 
170 29 247 16 
34 129 305 21 
22 81 98 232 
23 11 44 171 
88 199 158 119 
111 57 199 222 
246 214 310 205 
64 250 163 243 
101 49 315 183 
114 73 260 97 
50 43 146 228 
179 99 292 74 
118 251 254 184 
298 115 337 82 
52 119 344 232 
9 159 252 121 
220 45 277 23 
96 247 259 189 
45 193 205 15 
72 131 232 9 
49 117 70 4 
46 252 276 91 
2 243 184 74 
14 5 325 175 
122 92 326 173 
57 137 149 18 
73 43 222 254 
13 180 83 215 
196 126 225 52 
21 37 229 106 
106 112 180 15 
68 250 173 110 
90 208 308 241 
80 219 139 81 
93 27 115 70 
120 200 322 154 
206 238 284 187 
227 237 304 214 
55 212 263 100 
4 67 233 174 
76 244 155 3 
25 186 342 31 
167 212 194 131 
87 56 241 130 
30 99 316 134 
41 35 152 239 
119 40 261 59 
58 52 299 89 
156 121 317 7 
270 139 302 168 
159 190 234 18 
85 20 198 53 
66 102 171 141 
3 55 207 6 
108 112 178 60 
91 110 142 233 
32 142 47 105 
65 69 295 240 
280 153 289 60 
132 210 240 181 
20 235 124 253 
109 78 335 104 
43 116 95 148 
288 37 307 129 
137 197 195 183 
94 149 182 82 
10 186 272 232 
160 20 303 168 
19 4 313 87 
51 108 239 80 
125 176 172 165 
104 80 184 33 
1 32 255 162 
164 254 214 104 
29 189 62 78 
74 54 249 189 
109 92 256 140 
8 92 248 200 
185 146 189 35 
99 211 265 5 
133 165 219 151 
223 167 312 17 
193 185 266 249 
43 132 274 243 
33 175 35 55 
31 3 285 74 
102 35 226 100 
148 208 201 196 
123 172 258 3 
42 230 147 146 
262 156 269 153 
153 218 206 30 
252 165 253 187 
311 28 329 244 
272 163 308 183 
164 143 167 158 
30 84 126 38 
16 155 305 86 
243 60 328 174 
38 39 151 186 
101 207 235 102 
122 48 144 238 
218 240 306 23 
191 162 286 100 
4 94 155 182 
112 42 238 137 
124 124 245 32 
90 32 330 166 
63 125 106 108 
224 66 322 226 
265 177 321 37 
105 199 189 141 
42 90 49 162 
6 1 146 142 
56 151 61 161 
135 137 333 103 
296 232 298 17 
58 96 116 16 
80 114 91 116 
3 58 196 60 
114 21 213 254 
137 2 332 21 
75 248 100 49 
237 135 336 122 
44 236 52 180 
65 42 342 142 
10 239 18 138 
157 222 171 242 
68 30 111 113 
79 102 337 22 
125 229 331 22 
178 213 279 163 
26 135 192 9 
22 196 86 20 
40 248 230 89 
93 243 275 190 
36 148 220 33 
203 240 217 158 
190 100 204 82 
71 21 211 80 
150 163 249 167 
313 137 320 80 
183 115 318 174 
283 127 285 28 
141 11 267 134 
15 128 343 144 
62 9 278 214 
153 251 270 35 
73 117 103 152 
152 15 310 166 
121 68 222 122 
72 171 88 193 
11 25 84 150 
160 40 284 156 
138 161 273 143 
130 93 344 55 
85 35 234 204 
221 47 326 220 
169 233 266 145 
96 67 154 219 
34 136 97 30 
239 101 271 155 
115 155 172 224 
251 153 303 84 
53 224 262 118 
39 157 309 241 
95 172 226 248 
55 132 274 53 
60 30 289 144 
215 250 253 153 
117 110 195 204 
325 53 334 153 
229 55 248 100 
208 55 304 81 
113 56 340 236 
74 136 120 51 
209 226 250 45 
9 244 319 48 
123 31 302 46 
24 193 106 163 
32 69 341 107 
159 4 256 186 
83 127 110 228 
210 95 227 230 
165 231 288 10 
134 150 339 3 
202 31 316 34 
166 200 205 162 
177 249 277 209 
81 87 287 208 
147 24 215 71 
69 172 307 146 
180 208 293 255 
104 14 168 225 
118 190 176 101 
87 180 131 76 
290 240 297 180 
77 71 261 43 
212 98 301 61 
1 82 140 141 
294 247 317 68 
57 246 185 2 
19 237 50 62 
233 82 244 109 
156 90 281 131 
45 36 143 30 
48 70 112 46 
25 73 323 34 
88 33 107 225 
35 152 145 201 
80 119 292 69 
162 131 229 92 
51 24 228 161 
27 221 264 58 
174 75 241 127 
70 219 263 175 
148 8 182 191 
5 209 89 218 
181 197 207 127 
21 36 324 242 
149 178 188 119 
179 17 259 51 
78 72 268 36 
173 195 269 189 
12 167 127 163 
66 142 76 184 
14 109 98 182 
240 60 338 238 
161 230 315 128 
132 95 327 59 
67 204 311 24 
40 162 282 76 
8 165 280 181 
163 59 216 199 
59 187 73 233 
67 1 219 159 
115 132 299 228 
82 141 198 132 
7 83 208 184 
103 227 193 180 
254 2 315 64 
194 242 210 61 
174 249 199 197 
139 70 170 82 
128 20 276 222 
54 112 152 65 
47 36 119 201 
129 100 197 107 
64 222 257 119 
17 178 28 1 
242 190 314 229 
41 144 108 111 
20 71 329 224 
94 171 327 198 
13 2 247 133 
23 23 37 196 
92 63 291 207 
158 47 236 16 
2 135 335 58 
231 35 295 56 
10 249 46 167 260 13 
173 242 187 91 300 82 
81 205 186 1 312 115 
85 145 99 92 246 93 
70 4 232 158 305 216 
17 69 78 39 285 121 
83 197 130 15 239 212 
1 135 252 210 279 136 
149 253 233 129 284 190 
11 34 41 125 134 49 
28 106 36 58 90 14 
45 102 207 253 319 104 
54 220 75 42 86 231 
15 165 213 178 235 216 
113 239 331 202 343 149 
140 64 206 148 335 156 
58 246 77 167 316 107 
49 50 100 173 141 125 
193 37 216 64 258 243 
178 149 250 198 257 130 
44 214 272 205 304 237 
12 179 51 161 192 185 
57 163 72 19 261 236 
167 141 169 142 263 77 
33 174 182 5 282 150 
123 82 125 173 320 251 
82 197 84 14 297 206 
155 252 254 48 299 140 
31 116 154 248 231 150 
116 47 181 87 184 97 
65 139 76 197 259 123 
2 230 110 200 211 66 
190 46 205 81 217 47 
101 38 179 156 280 193 
122 199 283 39 342 76 
107 117 290 27 326 248 
66 21 253 211 265 116 
29 46 150 151 255 195 
59 8 227 171 336 161 
22 4 27 63 39 90 
24 221 118 75 226 217 
50 87 97 211 187 126 
21 83 120 238 308 13 
55 190 158 218 303 10 
317 110 321 13 337 16 
46 15 202 157 289 220 
177 185 196 65 288 174 
139 52 329 92 339 220 
20 7 98 173 243 127 
119 15 164 40 292 208 
4 163 144 194 332 218 
237 164 241 124 249 238 
268 166 333 133 340 11 
240 212 270 123 301 197 
13 204 153 73 267 232 
35 44 161 88 218 82 
104 130 160 131 341 225 
96 75 273 88 309 234 
185 15 201 135 230 234 
25 197 105 209 127 158 
166 89 222 110 260 119 
281 107 312 21 338 119 
56 243 70 201 126 177 
61 214 71 179 133 110 
62 18 172 233 188 66 
6 115 157 240 256 23 
94 213 204 102 214 1 
3 39 48 107 300 108 
121 6 195 223 334 210 
129 79 136 79 248 34 
92 237 175 49 238 15 
109 229 219 1 323 21 
93 39 181 30 224 192 
23 9 159 230 276 245 
5 129 8 187 286 137 
63 233 198 109 221 64 
200 180 203 141 318 79 
137 238 156 230 302 84 
95 41 251 206 293 149 
128 44 194 36 294 158 
34 29 89 177 143 50 
47 9 225 62 324 118 
102 66 170 132 314 152 
223 128 269 71 277 236 
32 255 79 224 147 110 
87 249 163 204 186 85 
52 97 67 136 274 39 
111 182 114 148 244 177 
42 100 64 185 171 125 
212 138 220 86 271 43 
14 9 156 39 228 28 
148 77 247 54 298 161 
69 128 99 31 306 250 
234 54 242 255 330 115 
91 114 146 136 295 17 
60 10 168 181 245 39 
151 236 199 131 236 35 
16 54 68 134 325 246 
18 126 292 94 322 71 
7 154 113 86 344 250 
183 10 220 170 291 168 
9 220 37 162 313 179 
145 162 262 183 328 35 
30 76 142 30 211 95 
180 135 246 191 266 132 
74 178 108 93 275 95 
61 244 132 52 189 4 
43 223 165 113 287 222 
19 213 101 117 162 225 
124 94 138 70 197 193 
53 238 135 7 257 66 
247 143 278 131 307 70 
117 99 191 253 232 81 
131 185 264 194 311 209 
57 166 173 88 296 135 
176 34 209 80 241 195 
3 41 26 27 310 187 
38 147 180 129 189 85 
8 151 127 122 263 43 
139 83 197 211 334 254 
103 141 307 151 322 73 
168 229 178 214 296 128 
90 229 201 119 313 202 
15 149 159 5 225 132 
56 229 88 205 170 28 
35 10 121 161 153 11 
11 42 60 165 161 238 
109 1 306 103 330 117 
124 228 171 68 288 153 
84 250 294 28 304 129 
93 84 144 229 325 157 
46 113 97 165 158 237 
33 66 185 143 235 117 
37 161 152 201 182 101 
42 89 95 13 277 42 
143 19 287 64 295 152 
73 116 199 155 323 113 
102 182 140 225 196 7 
44 112 281 254 309 31 
188 107 298 126 332 33 
214 222 233 249 319 23 
26 197 47 19 216 185 
179 233 228 164 336 22 
110 15 250 189 268 218 
107 13 145 60 163 7 
22 13 230 124 239 41 
13 235 310 165 315 203 
78 25 91 21 270 47 
104 161 285 193 293 89 
80 146 126 72 308 137 
82 140 86 144 299 99 
128 236 151 11 328 228 
7 40 164 120 321 118 
51 25 314 18 326 95 
58 236 62 214 187 28 
183 84 198 76 264 154 
39 27 274 29 335 90 
195 55 255 50 343 72 
184 62 210 153 232 249 
29 62 176 33 318 245 
100 32 206 68 327 18 
289 66 337 38 340 232 
96 154 160 246 269 150 
32 144 77 114 273 182 
38 242 68 218 137 60 
18 175 300 206 320 5 
74 62 162 180 244 62 
40 103 117 184 236 196 
14 247 146 37 242 232 
20 50 219 203 221 252 
53 103 254 95 260 137 
114 61 165 116 207 194 
66 4 92 56 276 228 
52 186 136 118 282 26 
123 54 135 73 229 117 
2 25 115 128 312 38 
65 232 111 237 167 235 
54 83 261 191 338 202 
234 115 286 73 316 174 
5 134 81 220 194 234 
71 111 177 14 202 9 
122 236 138 8 301 104 
75 39 166 146 317 186 
27 95 204 65 227 187 
132 51 186 202 243 52 
55 50 98 47 217 146 
79 90 213 74 262 92 
133 154 141 20 192 212 
21 200 205 62 240 44 
43 249 155 41 341 116 
112 43 245 115 303 95 
23 103 191 69 279 74 
36 122 41 166 226 27 
1 242 99 240 134 21 
59 219 209 177 342 134 
16 86 17 14 238 207 
246 63 256 157 311 178 
106 252 148 47 265 21 
224 177 283 154 331 210 
12 27 48 219 258 219 
89 51 259 57 271 83 
174 26 215 78 280 210 
25 152 83 215 94 66 
118 116 190 193 218 176 
63 181 76 215 129 207 
49 5 50 160 125 72 
172 82 231 220 267 152 
120 37 203 152 252 33 
6 132 147 124 272 130 
24 64 284 213 302 153 
193 213 248 122 305 252 
31 115 249 230 333 130 
10 6 64 49 116 172 
87 188 154 221 266 65 
131 120 150 87 212 223 
9 206 69 96 290 47 
88 237 211 127 489 93 677 32 804 82 872 135 1058 242 
64 14 283 50 385 60 627 243 863 135 896 230 1040 25 
141 119 192 226 400 229 658 55 724 58 932 39 981 41 
74 67 303 22 419 226 644 67 709 94 915 163 
36 183 321 69 443 216 539 13 822 209 939 129 1044 134 
2 204 179 231 502 206 601 161 718 1 930 115 1073 132 
52 194 208 55 458 250 559 234 843 83 964 154 1017 40 
49 18 338 6 499 216 682 92 837 165 939 187 983 151 
94 55 275 126 408 68 620 159 782 244 966 220 1080 206 
110 23 253 248 386 52 671 186 731 239 865 249 1077 6 
48 9 317 140 462 97 581 65 757 25 874 34 991 42 
113 20 219 164 474 140 583 66 829 167 886 179 1064 27 
130 137 246 201 355 150 632 180 859 2 919 204 1011 235 
171 166 214 84 425 200 628 5 831 109 955 9 1033 247 
126 91 328 144 348 2 532 3 750 128 878 165 988 149 
156 132 315 60 456 213 559 61 702 155 962 54 1060 86 
150 180 330 131 475 204 537 197 854 178 870 69 1060 14 
140 219 209 172 423 174 592 93 731 138 963 126 1030 175 
165 97 200 249 379 203 673 4 807 237 973 213 
85 55 280 181 522 151 665 235 857 71 913 7 1034 50 
27 109 285 166 383 246 634 37 824 36 907 83 1053 200 
44 162 331 122 480 37 607 81 738 196 904 4 1010 13 
35 74 316 106 469 51 608 11 860 23 938 9 1056 103 
10 187 249 20 474 90 555 210 784 193 905 221 1074 64 
48 164 297 12 491 41 646 186 812 73 924 197 1067 152 
66 12 243 215 516 209 553 253 737 135 981 27 1006 197 
28 24 260 230 358 81 581 151 818 221 904 63 1048 95 
37 111 230 142 438 194 554 109 854 1 875 106 
157 252 334 217 382 218 518 223 679 189 902 46 1024 62 
126 153 290 112 498 152 649 99 701 84 968 76 
84 83 223 136 389 193 541 191 690 3 893 116 1076 115 
5 19 332 162 387 66 661 142 785 69 949 255 1028 144 
45 29 293 135 359 91 597 130 689 175 889 174 997 66 
155 170 263 193 416 71 606 129 765 136 945 29 
91 115 291 182 367 42 689 55 814 152 920 44 990 10 
159 7 290 178 472 197 550 97 741 148 875 58 1057 122 
138 110 218 217 453 150 586 51 860 196 966 162 998 161 
124 222 233 53 401 120 595 96 704 39 982 147 1029 242 
165 163 329 84 509 34 511 38 770 157 904 90 1021 27 
63 147 301 84 370 182 580 138 739 248 836 162 1032 103 
58 178 241 124 397 73 650 35 856 144 874 125 1057 166 
141 67 321 45 454 125 694 230 717 90 953 100 999 89 
132 82 256 68 439 172 667 116 688 132 972 223 1054 249 
25 127 269 22 373 176 608 171 729 236 885 214 1003 112 
105 134 234 217 424 57 623 193 810 36 876 102 
144 20 192 216 519 156 626 252 865 167 910 15 996 113 
21 205 258 13 402 108 661 105 851 36 946 9 1006 19 
96 84 190 66 412 223 552 111 811 70 932 107 1064 219 
87 3 222 153 367 9 625 117 717 162 882 50 1070 5 
7 104 220 246 429 173 615 43 807 62 906 87 1070 160 
60 129 216 67 466 21 674 108 817 24 886 161 1018 25 
92 78 250 52 432 182 619 119 729 180 951 97 1038 186 
46 139 282 152 428 214 525 173 769 224 975 238 1035 103 
99 82 236 113 463 132 551 214 850 112 877 220 1042 83 
67 109 322 69 482 34 643 212 772 132 908 190 1050 50 
73 137 227 147 483 171 542 15 719 151 927 243 989 229 
79 38 225 88 397 248 630 137 806 246 887 163 979 166 
65 195 255 125 396 209 652 52 722 96 881 246 1019 236 
162 213 314 212 447 4 579 151 839 187 903 8 1059 219 
47 126 308 86 470 69 577 36 773 30 960 10 991 165 
15 169 257 139 439 173 562 206 719 161 928 214 971 244 
45 194 257 180 484 176 679 78 751 9 929 18 1019 214 
11 242 228 242 481 74 549 24 713 125 940 233 1069 181 
24 157 273 30 347 109 612 250 853 222 953 185 1077 49 
51 142 247 213 364 88 662 69 730 42 895 139 1041 232 
46 130 304 210 490 177 657 102 830 142 901 21 1037 4 
123 143 212 48 400 169 528 93 835 204 840 1 951 136 
22 219 237 216 418 27 636 250 733 30 962 134 1029 218 
169 190 204 35 378 172 507 102 796 172 957 128 1080 96 
170 69 310 201 380 4 625 4 820 219 869 4 927 201 
25 120 230 154 419 78 527 15 744 21 928 179 1045 111 
107 208 319 103 404 205 624 131 756 171 887 19 
38 177 294 42 500 42 631 43 753 117 839 233 1001 116 
152 163 210 204 469 14 680 54 780 136 970 178 1031 62 
42 12 180 81 384 117 563 228 727 248 877 42 1047 39 
114 60 214 157 381 49 645 244 830 184 895 197 1069 215 
158 76 288 6 431 213 564 243 802 71 881 167 1028 114 
134 77 342 19 493 167 560 239 827 72 870 39 1012 25 
1 111 317 36 361 39 528 181 734 102 949 224 1051 90 
99 125 240 54 434 236 638 219 723 114 815 119 1014 146 
112 207 311 234 356 90 575 254 794 87 867 205 1044 220 
131 58 294 1 395 30 538 99 842 141 891 197 1015 140 
147 50 244 10 433 238 632 215 787 127 871 197 1067 215 
33 230 277 140 477 123 556 144 757 150 891 14 994 250 
106 165 335 95 458 118 656 20 761 35 868 145 
95 106 332 92 441 115 599 34 738 20 877 231 1015 144 
139 225 197 176 375 23 648 56 800 180 950 249 1078 188 
129 43 217 225 379 213 609 199 756 193 813 33 989 205 
2 96 246 63 508 8 540 14 822 218 945 177 1065 51 
114 34 233 83 353 47 637 208 712 32 875 14 987 229 
168 155 271 150 519 125 660 110 723 116 959 114 1012 21 
83 72 339 154 402 203 604 53 861 63 935 237 1037 56 
93 215 263 14 465 120 639 27 740 243 937 39 995 84 
23 155 238 16 403 71 670 149 858 171 931 213 1067 66 
153 95 341 192 399 111 667 148 771 172 943 41 999 13 
47 194 274 160 450 63 622 247 764 67 922 75 1027 154 
103 159 320 167 351 56 543 120 765 30 906 211 996 165 
81 16 174 73 493 198 607 232 831 182 913 173 1050 47 
50 176 178 194 485 103 684 211 868 92 957 31 1058 240 
164 248 239 90 461 222 566 204 727 49 882 173 1025 32 
20 140 272 150 420 169 613 49 705 207 898 38 973 117 
14 68 247 71 395 170 524 120 691 35 947 66 1002 182 
120 154 181 214 368 196 527 94 753 152 844 227 985 141 
94 122 295 17 518 193 676 80 798 14 921 130 1013 161 
64 209 231 5 410 198 561 26 716 199 924 209 
167 217 224 137 440 47 635 112 713 108 784 163 1062 252 
8 217 323 190 489 24 590 127 813 225 900 117 1009 13 
43 252 189 174 488 62 659 112 856 111 970 93 
87 131 189 84 405 4 666 78 681 92 936 229 992 1 
29 177 226 255 380 57 574 245 787 228 896 200 1008 15 
28 161 270 106 435 90 610 57 733 113 952 182 1041 237 
41 108 225 141 501 15 542 142 710 42 811 46 1055 43 
110 161 289 94 477 60 531 164 779 56 879 239 964 86 
26 203 216 203 513 119 614 73 725 21 952 148 1036 61 
127 148 298 53 352 16 639 70 767 155 841 132 1040 128 
82 47 278 2 394 54 570 186 722 16 894 47 1077 172 
32 157 251 98 472 24 598 61 775 110 977 99 1032 184 
135 138 226 79 480 42 617 251 799 190 905 75 1068 116 
111 92 254 40 413 155 651 40 851 201 914 15 
29 29 308 13 521 32 640 200 780 51 907 238 1072 37 
68 206 212 176 406 197 594 229 755 68 933 6 990 161 
40 240 191 55 348 184 629 92 706 48 899 199 1046 236 
75 115 207 38 381 202 693 172 783 31 890 82 1039 54 
58 215 313 42 369 124 665 253 711 124 974 94 993 228 
98 62 313 9 487 221 675 176 735 229 890 173 1070 72 
81 37 262 161 368 208 557 233 701 38 927 177 1014 72 
63 62 315 247 388 87 599 20 829 163 924 158 983 122 
18 73 244 128 374 43 576 17 849 20 944 44 1016 236 
34 207 318 239 478 41 592 136 852 100 934 79 1069 207 
90 26 221 121 421 19 584 48 760 93 871 15 
38 84 285 78 408 202 475 177 800 76 978 185 1079 120 
5 151 221 44 445 95 664 210 834 95 971 52 1049 51 
100 78 177 52 517 176 564 255 685 165 928 110 1052 154 
55 150 196 97 426 63 553 207 790 150 874 49 1058 21 
133 84 275 84 476 22 567 210 720 137 975 7 1039 73 
105 84 271 120 377 20 504 141 571 153 934 79 1038 118 
54 135 199 201 442 27 669 197 726 2 942 238 1029 60 
160 45 211 73 503 213 562 177 759 161 974 70 1046 8 
149 242 304 64 470 228 638 81 848 70 912 52 984 83 
151 28 276 206 353 98 513 37 804 141 880 64 1002 225 
92 63 311 193 383 143 529 14 749 11 882 125 1052 20 
93 9 343 16 376 29 538 33 660 233 968 30 
24 136 283 124 393 129 594 248 810 30 945 50 1000 19 
119 229 329 9 427 253 561 140 706 238 915 194 995 229 
96 172 236 15 360 165 588 112 814 201 967 162 1009 60 
30 144 203 250 390 81 615 228 718 142 959 136 1033 37 
120 26 325 207 452 242 694 146 795 24 949 110 1073 124 
108 210 198 118 376 100 692 208 821 8 956 77 1062 47 
166 9 183 13 432 163 630 18 825 178 873 253 
7 156 282 41 407 254 555 206 745 163 902 151 1079 87 
122 191 305 46 448 207 547 25 704 186 961 236 1016 11 
172 82 242 233 515 2 650 239 754 15 850 65 998 201 
57 6 201 89 404 33 696 218 752 251 919 73 990 11 
166 188 258 156 498 54 586 180 764 219 893 248 1078 221 
19 118 229 116 418 121 645 3 709 182 892 252 1054 41 
77 253 327 163 460 53 653 121 809 90 942 230 955 39 
70 48 219 91 378 62 596 130 732 222 930 240 
89 225 196 51 354 24 609 119 862 47 908 218 996 237 
12 2 261 15 495 150 655 190 786 4 938 230 988 5 
61 118 328 143 401 9 672 20 758 40 921 131 1027 246 
171 234 343 28 505 254 589 136 833 230 920 88 991 238 
17 175 337 84 385 199 547 178 816 131 973 225 1031 180 
19 198 176 6 430 50 612 243 838 59 950 204 1009 7 
136 163 195 252 501 227 678 254 700 143 914 40 1017 120 
172 205 173 99 506 255 574 152 789 231 972 113 1036 116 
62 222 279 146 517 63 533 217 792 200 925 89 1047 146 
27 73 300 219 428 129 647 212 700 158 888 141 1041 235 
145 7 270 93 392 125 549 5 798 225 960 181 986 229 
125 112 295 2 372 225 578 15 763 233 888 142 
97 207 187 54 345 9 605 29 848 82 947 132 989 28 
59 163 319 8 373 194 657 141 732 242 953 125 993 68 
50 133 259 95 388 48 675 165 767 224 929 233 1071 82 
69 170 173 210 357 223 636 110 828 195 866 242 979 88 
9 17 215 94 468 175 531 176 819 75 847 249 1066 26 
95 14 309 218 454 129 520 94 602 81 935 49 
124 62 243 75 411 208 588 167 799 101 980 34 1024 33 
60 88 286 13 365 144 575 103 793 249 911 185 1045 14 
115 83 312 89 483 206 659 60 736 213 884 149 986 214 
1 101 333 52 467 220 616 99 826 17 898 156 1007 233 
75 121 175 245 452 237 635 15 797 208 969 135 982 129 
79 152 326 48 473 106 548 180 823 197 894 87 937 30 
104 38 323 223 350 19 670 82 821 191 889 5 998 101 
57 96 249 88 495 230 563 171 747 115 965 10 1020 84 
71 108 199 108 514 26 627 74 676 33 894 97 1023 62 
52 249 188 161 435 149 683 146 806 2 923 15 997 143 
157 209 184 145 491 213 569 82 867 1 950 85 1049 202 
90 98 175 146 455 11 530 193 866 91 906 126 1019 28 
33 95 284 236 405 109 585 141 825 119 929 66 1004 107 
117 133 344 73 479 149 683 35 716 141 971 4 982 85 
20 129 306 176 479 57 603 37 743 100 897 46 1068 193 
125 236 284 161 451 17 591 212 708 162 977 253 1056 69 
32 102 278 134 420 238 546 193 737 9 886 185 1052 212 
12 15 340 136 356 150 687 185 844 180 883 37 1075 213 
123 115 217 153 494 158 647 131 846 242 944 36 1044 234 
121 17 260 43 496 167 669 183 775 204 933 223 1022 55 
155 247 231 231 471 53 633 126 724 60 911 65 1002 7 
42 85 296 126 375 149 546 25 852 107 974 193 984 211 
21 198 206 231 362 103 656 53 842 132 940 109 1020 76 
70 127 268 24 450 217 610 222 847 197 961 131 1001 155 
103 56 186 28 499 116 526 14 557 93 941 180 
163 70 299 216 512 243 525 98 692 196 923 135 987 119 
88 134 232 245 421 227 565 174 791 31 910 157 1045 9 
97 250 176 90 369 215 597 209 742 240 941 141 1072 152 
107 194 185 131 371 166 604 164 743 82 931 102 1048 65 
43 210 245 223 496 111 623 15 792 162 897 81 1053 62 
162 118 302 158 455 41 641 238 696 30 880 148 1025 68 
16 127 342 152 345 103 658 6 823 127 876 253 1036 194 
135 141 191 54 361 180 530 57 778 55 843 184 
17 90 174 181 436 228 533 23 781 226 980 80 1059 177 
80 182 207 130 398 29 601 172 788 95 846 61 1023 153 
98 145 333 179 444 216 552 224 744 80 896 66 968 95 
104 111 205 87 436 180 577 199 803 98 954 138 1079 223 
164 2 341 106 442 64 568 120 725 254 878 178 1051 74 
100 15 336 228 465 241 468 206 678 104 931 1 1005 222 
129 205 267 70 505 250 591 250 774 250 795 71 1066 78 
140 247 344 20 407 93 568 109 838 199 883 64 1006 185 
86 254 255 2 510 76 596 155 742 158 897 47 1050 146 
49 123 195 4 347 87 535 173 707 240 920 82 1068 176 
137 254 218 170 364 132 685 151 840 159 936 1 1034 203 
168 102 188 208 398 187 621 45 741 33 954 86 965 170 
161 32 326 24 374 166 600 185 762 47 940 64 1034 252 
10 147 242 102 366 85 631 254 755 122 925 110 
16 104 248 211 456 247 572 184 686 167 948 128 
115 21 335 94 366 32 569 11 714 66 937 192 1063 177 
13 171 312 213 355 141 554 45 633 52 946 62 988 132 
116 24 238 178 508 6 691 100 771 248 905 217 1057 27 
122 39 280 101 486 173 642 237 788 230 903 171 1048 187 
118 225 307 115 346 87 585 222 817 161 955 28 1007 164 
118 52 208 156 503 233 634 106 777 55 816 92 1039 117 
30 226 202 33 467 216 537 208 739 89 923 234 1010 124 
117 113 336 184 354 198 579 253 864 35 893 150 1071 220 
62 197 297 223 399 235 624 9 869 158 977 81 1023 249 
8 222 296 62 459 38 644 174 808 82 873 129 1005 249 
6 143 292 198 497 46 655 18 761 204 958 54 1043 115 
147 218 178 153 500 137 587 20 705 102 878 216 997 117 
154 84 239 63 363 12 523 103 862 16 961 35 1032 196 
150 110 224 113 410 148 590 75 728 135 916 164 
101 25 281 1 461 198 558 246 710 137 935 15 1060 207 
83 163 303 28 449 87 674 80 766 101 871 212 1010 41 
128 228 202 217 386 153 664 181 832 60 918 212 1053 44 
132 2 241 99 520 166 648 130 819 127 916 124 980 195 
23 147 250 127 357 246 570 28 855 190 958 255 1033 232 
102 112 292 25 427 234 556 233 703 60 913 127 1049 52 
76 84 334 211 492 121 536 245 808 109 952 177 1031 62 
44 245 261 86 416 97 567 150 711 32 960 39 1055 115 
142 170 210 48 417 18 611 214 868 93 969 191 1061 63 
109 41 193 112 384 120 605 16 859 133 956 54 976 143 
82 221 213 1 363 207 682 200 777 100 934 34 1075 122 
22 74 190 147 504 191 680 189 745 167 916 238 1076 230 
74 15 194 76 429 225 551 108 781 45 884 198 1008 189 
6 111 205 192 444 88 603 227 768 153 943 206 
69 48 279 41 387 21 620 121 697 165 872 210 1072 33 
161 217 209 21 411 165 697 187 774 153 901 211 
9 12 234 30 460 225 617 184 845 2 892 48 1035 95 
131 170 322 84 414 90 558 225 677 162 902 195 1022 50 
72 152 229 159 414 145 681 140 786 186 930 23 1061 157 
56 24 248 114 440 16 582 88 853 119 884 130 975 66 
109 215 183 234 509 119 543 147 693 3 883 243 1064 219 
66 9 287 181 437 134 622 189 826 51 895 123 1065 57 
119 128 287 31 359 12 614 97 865 13 925 119 1035 137 
144 175 338 110 476 84 651 59 802 43 887 236 1042 191 
53 144 324 145 471 19 695 156 769 118 967 183 1051 92 
37 53 253 246 453 24 643 100 820 175 888 77 983 43 
146 173 213 249 391 197 593 80 818 58 978 194 1020 154 
76 247 201 219 424 124 684 5 715 177 901 116 1062 21 
91 213 203 32 409 94 687 249 763 145 969 132 1078 65 
14 17 235 205 464 105 514 62 749 134 919 232 1071 152 
40 233 265 161 396 179 451 28 827 36 917 166 1008 218 
86 200 181 65 426 153 695 153 828 189 948 71 1027 150 
143 173 252 249 516 83 654 139 752 35 918 123 1012 47 
148 24 187 147 431 185 541 132 766 155 954 43 1065 83 
134 69 200 195 392 27 671 232 699 163 885 205 1073 130 
54 107 302 209 360 243 560 64 759 143 922 88 1028 182 
111 107 265 111 485 13 688 243 772 53 951 39 1021 29 
59 109 330 219 446 244 523 132 740 190 970 95 
73 198 301 79 459 180 626 91 849 222 938 245 1037 228 
154 192 331 183 484 113 621 23 793 209 948 236 999 42 
121 244 300 98 497 136 600 62 751 214 976 131 
148 75 268 207 425 26 529 254 736 163 872 136 1056 74 
13 4 237 125 409 75 663 153 837 181 898 193 1066 210 
149 75 314 89 351 168 578 161 809 131 926 107 1003 254 
78 173 324 35 358 166 595 71 836 76 889 150 1038 26 
26 200 254 159 412 223 534 33 748 127 899 39 1063 154 
51 145 273 38 365 132 641 187 758 156 873 190 1074 213 
72 151 318 130 494 40 690 74 748 28 870 121 1013 193 
78 136 180 253 521 158 524 178 708 100 939 137 1043 73 
77 134 206 65 487 43 512 71 794 208 972 222 1000 64 
101 211 288 221 372 224 668 37 789 10 911 174 993 153 
4 105 256 234 349 114 663 60 773 144 910 220 1026 66 
39 22 274 72 406 185 566 132 801 240 900 27 1080 47 
15 122 264 195 393 113 544 239 861 207 965 168 
31 207 235 191 510 25 616 74 815 69 914 208 963 94 
128 119 276 203 515 213 526 214 797 255 943 149 1013 89 
133 91 251 160 417 163 545 161 805 247 944 158 994 28 
102 43 269 190 441 96 662 240 864 56 959 17 1000 152 
113 120 337 35 482 103 539 76 721 232 979 135 986 128 
34 213 320 45 371 113 580 151 801 180 891 206 
159 162 182 56 430 116 618 115 721 17 956 161 1004 126 
18 235 286 250 422 59 652 89 841 228 892 140 1015 99 
39 85 307 224 438 129 522 111 866 82 932 108 1030 206 
169 33 222 83 473 228 545 12 803 61 918 197 1046 104 
35 213 184 93 415 103 654 168 783 46 942 84 1074 153 
158 102 197 19 502 110 672 168 768 84 908 10 1055 95 
108 247 186 24 488 194 642 214 778 81 885 237 994 129 
31 171 223 17 457 202 606 21 702 86 869 216 1075 252 
84 81 266 241 350 208 576 237 707 23 957 250 992 103 
56 73 272 152 486 149 668 129 796 146 976 70 985 151 
68 193 259 17 403 88 637 241 699 183 907 13 1014 137 
3 237 299 112 433 194 573 85 770 241 922 234 1003 31 
65 30 305 13 478 230 611 205 754 166 981 187 1011 165 
143 184 198 168 449 238 698 28 835 24 978 209 1061 178 
130 104 267 117 391 8 686 17 867 115 926 21 1040 38 
106 208 281 82 422 117 673 87 746 137 966 179 987 202 
136 28 194 17 462 154 587 108 855 229 947 152 1018 18 
151 245 316 185 457 170 613 183 833 128 845 64 1011 203 
156 133 291 211 490 252 649 134 791 34 881 107 1043 174 
61 68 227 156 446 233 653 7 805 68 909 110 1047 186 
142 213 177 246 346 169 573 249 747 174 941 79 1024 245 
80 255 277 213 349 46 583 37 782 48 876 104 1005 23 
53 85 182 82 445 64 536 28 746 80 890 251 1030 5 
146 74 220 150 389 215 602 225 715 37 909 13 1017 118 
89 45 309 182 466 90 640 154 714 226 963 71 985 73 
160 131 298 55 423 168 550 211 812 34 936 21 1001 113 
153 194 204 50 511 66 571 118 824 242 946 118 
138 185 306 120 382 163 628 175 776 53 962 246 995 157 
36 25 240 107 415 149 629 173 762 220 900 248 1018 95 
67 21 327 209 437 128 572 93 834 59 858 198 1025 18 
145 14 252 62 413 12 565 142 703 174 967 35 1016 228 
71 207 215 173 370 15 698 244 857 224 912 92 
4 52 339 28 464 247 582 240 712 166 958 115 992 117 
137 41 232 136 507 99 593 72 735 22 879 202 1063 210 
170 102 179 100 362 96 535 217 726 21 915 218 1004 33 
55 104 193 170 390 180 544 38 720 103 917 133 1076 130 
41 90 340 183 448 42 584 48 776 153 933 210 984 254 
139 205 228 123 434 57 666 104 863 58 880 156 1021 90 
112 235 289 119 463 151 598 45 728 122 903 161 1007 22 
3 230 185 55 481 29 618 82 734 22 909 16 1026 38 
85 141 266 209 377 59 532 80 832 238 926 119 1042 202 
167 196 310 78 352 158 534 188 790 3 912 220 
116 247 262 127 492 228 548 176 779 236 917 11 1026 232 
152 224 293 120 447 233 540 124 785 107 921 225 1054 116 
163 79 325 200 394 148 646 31 730 142 899 76 1059 134 
11 8 264 11 506 136 589 49 750 144 879 149 1022 72 
127 108 245 129 443 120 619 232 760 55 964 250 
