766 30 256
3 57
2 2 2 2 2 2 2 2 2 2 2 2 2 2 2 2 2 2 2 2 2 2 2 2 2 2 2 2 2 2 2 2 2 2 2 2 2 2 2 2 2 2 2 2 2 2 2 2 2 2 2 2 2 2 2 2 2 2 2 2 2 2 2 2 2 2 2 2 2 2 2 2 2 2 2 2 2 2 2 2 2 2 2 2 2 2 2 2 2 2 2 2 2 2 2 2 2 2 2 2 2 2 2 2 2 2 2 2 2 2 2 2 2 2 2 2 2 2 2 2 2 2 2 2 2 2 2 2 2 2 2 2 2 2 2 2 2 2 2 2 2 2 2 2 2 2 2 2 2 2 2 2 2 2 2 2 2 2 2 2 2 2 2 2 2 2 2 2 2 2 2 2 2 2 2 2 2 2 2 2 2 2 2 2 2 2 2 2 2 2 2 2 2 2 2 2 2 2 2 2 2 2 2 2 2 2 2 2 2 2 2 2 2 2 2 2 2 2 2 2 2 2 2 2 2 2 2 2 2 2 2 2 2 2 2 2 2 2 2 2 2 2 2 2 2 2 2 2 2 2 2 2 2 2 2 2 2 2 2 2 2 2 2 2 2 2 2 2 2 2 2 2 2 2 2 2 2 2 2 2 2 2 2 2 2 2 2 2 2 2 2 2 2 2 2 2 2 2 2 2 2 2 2 2 2 2 2 2 2 2 2 2 2 2 2 2 2 2 2 2 2 2 2 2 2 2 2 2 2 2 2 2 2 2 2 2 2 2 2 2 2 2 2 2 2 2 2 2 2 2 2 2 2 2 2 2 2 2 2 2 2 2 2 2 2 2 2 2 2 2 2 2 2 2 2 2 2 2 2 2 2 2 2 2 2 2 2 2 2 2 2 2 2 2 2 2 2 2 2 2 2 2 2 2 2 2 2 2 2 2 2 2 2 2 2 2 2 2 2 2 2 2 2 2 2 2 2 2 2 2 2 2 2 2 2 2 2 2 2 2 2 2 2 2 2 2 2 2 2 2 2 2 2 2 2 2 2 2 2 2 2 2 2 2 2 2 2 2 2 2 2 2 2 2 2 2 2 2 2 2 2 2 2 2 2 2 2 2 2 2 2 2 2 2 2 2 2 2 2 2 2 2 2 2 2 2 2 2 2 2 2 2 2 2 2 2 2 2 2 2 2 2 2 2 2 2 2 2 2 2 2 2 2 2 2 2 2 2 2 2 2 2 2 2 2 2 2 2 2 2 2 2 2 2 2 2 2 2 2 2 2 2 2 2 2 2 2 2 2 2 2 2 2 2 2 2 2 2 2 2 2 2 2 2 2 2 2 2 2 2 2 2 2 2 2 2 2 2 2 2 2 2 2 2 2 2 2 2 2 2 2 2 2 3 3 3 3 3 3 3 3 3 3 3 3 3 3 3 3 3 3 3 3 3 3 3 3 3 3 3 3 3 3 3 3 3 3 3 3 3 3 3 3 3 3 3 3 3 3 3 3 3 3 3 3 3 3 3 3 3 3 3 3 3 3 3 3 3 3 3 3 3 3 3 3 3 3 3 3 3 3 3 3 3 3 3 3 3 3 3 3 3 3 3 3 3 3 3 3 3 3 3 3 3 3 3 3 3 3 3 3 3 3 3 3 3 3 3 3 3 3 3 3 3 3 3 3 3 3 3 3 3 3 3 3 3 3 3 3 3 3 3 3 3 3 3 3 3 3 3 3 3 3 3 3 3 
56 56 57 56 56 56 56 56 56 56 56 56 56 56 56 56 56 57 56 56 56 56 57 56 57 56 57 56 56 56 
25 144 28 24 
4 211 27 181 
3 94 18 7 
9 250 16 250 
29 201 30 158 
6 24 26 239 
13 25 24 112 
5 51 20 31 
11 240 22 63 
19 187 23 37 
1 75 14 234 
17 106 21 56 
10 143 12 61 
7 73 8 176 
2 130 15 75 
1 211 22 160 
3 51 9 140 
5 207 26 244 
11 77 21 188 
2 206 29 169 
13 25 15 142 
23 158 24 158 
7 83 17 211 
16 177 20 91 
19 79 25 97 
8 91 27 78 
4 193 18 144 
6 232 12 18 
10 193 30 113 
14 166 28 45 
3 19 23 71 
11 230 16 38 
12 171 28 25 
18 112 30 227 
5 31 15 149 
7 58 25 66 
1 178 24 142 
26 241 27 248 
6 201 21 45 
2 232 17 41 
10 161 13 247 
19 14 20 244 
14 88 29 2 
4 56 22 30 
8 74 9 151 
3 254 6 39 
17 44 23 115 
16 154 29 64 
18 98 25 182 
1 176 20 246 
7 156 10 113 
11 14 13 16 
5 21 28 226 
9 186 15 207 
24 68 27 240 
14 237 21 140 
2 143 4 23 
8 166 14 250 
12 149 22 79 
19 194 30 245 
26 238 29 38 
1 155 10 115 
11 17 25 53 
4 110 13 169 
5 206 8 200 
17 133 20 200 
7 143 24 147 
6 108 15 141 
2 14 28 19 
19 175 21 192 
12 104 27 172 
16 36 23 112 
18 185 26 90 
3 114 22 117 
9 243 30 22 
13 169 19 24 
9 248 28 80 
15 59 27 213 
10 174 23 169 
2 89 11 216 
24 50 30 253 
4 53 6 48 
3 53 29 220 
7 46 26 71 
17 49 22 38 
8 238 18 23 
5 108 21 10 
1 97 25 215 
12 8 16 46 
18 7 20 234 
13 73 14 80 
5 35 23 230 
10 157 21 109 
8 158 11 94 
22 195 26 88 
25 80 29 85 
14 97 23 70 
12 151 19 117 
1 8 15 74 
17 185 27 108 
6 163 20 156 
24 109 28 59 
4 159 16 212 
6 22 30 199 
3 254 7 104 
2 207 10 239 
9 9 17 201 
19 177 26 139 
4 44 7 244 
9 185 26 147 
12 59 18 228 
7 218 15 25 
22 127 29 72 
14 184 20 4 
5 193 30 234 
21 33 24 227 
16 34 25 11 
2 25 19 36 
6 46 8 118 
11 141 30 235 
1 232 13 141 
27 248 28 190 
3 98 13 50 
15 108 18 137 
8 124 19 175 
28 150 29 187 
14 175 25 224 
5 15 12 139 
18 223 21 115 
10 128 20 21 
1 110 2 187 
3 90 27 4 
4 114 5 78 
16 239 24 233 
9 43 22 99 
11 65 23 54 
13 4 17 82 
4 16 23 226 
8 250 28 107 
22 87 25 59 
1 119 7 88 
6 247 16 79 
21 133 29 37 
12 189 17 170 
2 77 26 15 
9 33 11 116 
14 25 30 156 
10 96 15 69 
20 213 27 238 
3 191 24 196 
2 245 22 129 
3 123 30 232 
15 222 16 238 
10 9 25 24 
21 31 23 180 
7 188 19 56 
8 30 29 115 
5 45 24 24 
13 113 20 144 
4 211 12 193 
6 54 28 200 
11 239 26 23 
1 79 9 3 
14 179 18 132 
11 194 27 51 
17 175 29 47 
1 101 6 166 
7 165 9 228 
10 181 14 188 
18 55 27 145 
15 141 30 83 
2 104 20 6 
12 220 25 111 
19 98 22 41 
16 118 21 150 
4 24 8 36 
24 173 26 79 
23 7 28 199 
3 76 17 161 
5 181 13 30 
1 172 12 18 
19 241 27 131 
6 209 9 12 
2 38 16 61 
7 42 13 56 
14 199 22 239 
8 10 26 24 
18 177 23 6 
3 193 21 80 
11 49 15 152 
5 106 10 164 
20 35 25 146 
4 222 29 30 
28 1 30 114 
17 235 24 139 
15 144 28 149 
19 93 24 193 
11 137 17 208 
12 158 21 17 
3 201 4 6 
13 97 27 99 
7 86 18 151 
1 119 23 12 
20 229 26 194 
2 25 6 242 
5 141 16 121 
9 95 14 231 
10 6 29 244 
8 216 25 42 
22 41 30 2 
18 47 24 40 
3 73 20 57 
5 90 6 152 
14 218 16 191 
12 251 15 150 
9 208 19 150 
23 163 29 11 
2 75 7 241 
10 15 11 36 
21 234 26 213 
1 97 8 19 
27 249 30 168 
17 65 28 70 
13 129 22 151 
4 216 25 74 
19 53 28 182 
13 55 18 151 
8 3 12 230 
5 251 9 117 
3 177 16 91 
6 212 17 224 
20 113 21 200 
11 10 14 150 
1 231 4 81 
10 99 26 183 
15 30 23 130 
7 92 29 171 
2 13 25 10 
22 166 27 185 
2 209 24 201 
7 34 30 166 
20 20 22 126 
8 99 16 109 
9 178 23 109 
11 215 19 229 
15 71 24 237 
26 5 30 87 
17 111 18 227 
21 105 27 123 
3 224 5 47 
12 151 13 134 
1 176 28 175 
6 113 29 186 
17 199 25 110 
4 99 10 81 
5 34 14 226 
10 119 18 10 
13 220 16 154 
7 141 14 79 
3 191 25 145 
15 79 26 191 
11 236 24 230 
6 176 22 145 
20 3 30 150 
4 117 28 243 
2 191 21 60 
19 165 29 197 
1 251 27 74 
9 186 12 43 
8 200 23 45 
4 236 11 194 
16 9 19 85 
2 200 14 171 
8 252 15 33 
22 90 24 146 
6 21 25 225 
23 84 26 197 
13 71 30 248 
9 137 21 107 
7 26 27 149 
10 128 28 197 
5 117 29 142 
1 231 18 192 
12 145 20 148 
3 42 12 130 
17 151 30 248 
8 97 10 121 
14 143 15 24 
20 250 24 13 
13 122 26 213 
1 34 17 140 
3 215 19 35 
6 138 7 83 
21 236 25 210 
16 244 27 35 
9 219 18 119 
2 116 5 15 
11 56 28 254 
4 126 20 21 
22 11 23 138 
27 99 29 76 
13 91 29 205 
4 138 17 232 
14 222 26 124 
1 12 19 176 
11 142 18 32 
15 133 25 249 
12 181 23 97 
9 87 10 213 
7 86 16 192 
6 178 24 210 
3 233 28 169 
2 58 8 114 
5 228 22 1 
21 33 30 245 
24 195 29 141 
25 71 27 249 
1 112 21 104 
13 88 23 152 
8 71 22 120 
15 114 20 25 
2 46 12 79 
4 101 9 39 
6 132 14 161 
5 216 17 144 
7 14 11 99 
3 167 10 148 
18 67 19 56 
16 155 28 79 
8 37 30 82 
16 53 26 85 
25 128 26 46 
9 114 29 195 
10 235 17 152 
13 199 28 87 
2 240 27 221 
3 146 15 216 
5 101 7 104 
20 194 23 179 
1 13 30 188 
21 144 22 142 
6 48 19 161 
12 222 24 21 
16 6 18 1 
4 53 14 147 
1 205 11 208 
11 246 29 104 
9 61 25 207 
15 65 22 48 
2 80 3 61 
4 142 19 9 
6 197 13 39 
5 186 18 228 
10 181 24 165 
7 137 28 204 
12 47 30 33 
23 79 27 132 
14 116 17 10 
8 22 20 161 
12 137 26 200 
21 50 28 29 
2 84 18 59 
6 100 10 126 
8 225 21 198 
16 224 22 22 
15 65 29 66 
9 107 24 60 
17 90 19 10 
7 124 20 231 
3 35 26 170 
5 54 27 190 
4 192 30 188 
13 237 25 69 
23 85 25 167 
1 60 16 49 
11 135 12 11 
14 114 27 81 
8 180 17 99 
9 192 20 151 
15 18 21 103 
10 57 19 92 
2 185 23 108 
1 209 29 143 
4 39 24 18 
3 128 11 166 
26 131 28 246 
5 36 25 181 
18 37 22 146 
14 243 19 51 
2 189 30 195 
9 53 13 108 
6 64 27 96 
7 14 23 250 
15 60 17 35 
4 224 26 229 
12 38 14 14 
20 114 29 80 
7 124 21 187 
3 166 8 182 
8 200 24 128 
6 141 18 1 
10 189 22 76 
1 203 5 214 
2 28 13 11 
22 26 28 13 
16 99 30 127 
5 221 11 108 
10 192 27 157 
13 157 21 214 
6 176 23 138 
24 27 25 137 
7 163 12 47 
1 15 26 197 
15 105 19 55 
9 19 27 216 
16 184 17 120 
18 189 29 242 
11 216 20 185 
3 252 14 85 
18 239 28 29 
4 25 21 144 
23 253 30 73 
25 186 30 210 
17 219 26 4 
10 101 16 8 
1 131 3 248 
6 242 11 81 
7 146 22 152 
20 1 28 186 
8 159 13 24 
4 206 15 9 
12 82 29 249 
2 144 9 64 
14 111 24 128 
5 101 19 136 
3 76 18 97 
13 90 26 221 
20 251 22 236 
4 171 11 144 
5 126 8 30 
2 145 17 77 
9 233 28 36 
14 43 25 174 
1 180 10 91 
27 141 29 211 
19 97 30 146 
7 199 24 20 
12 68 23 62 
6 120 16 209 
15 157 21 185 
9 129 30 197 
4 6 8 234 
2 183 14 174 
15 179 19 108 
13 50 16 33 
5 221 6 247 
7 99 20 252 
3 142 27 181 
21 212 24 16 
10 14 22 2 
18 54 23 87 
1 77 12 244 
11 124 25 192 
26 145 28 108 
17 180 29 57 
4 53 27 253 
10 224 20 84 
15 146 19 232 
8 211 29 77 
7 80 28 138 
13 62 23 203 
1 133 22 244 
14 84 18 163 
5 65 21 132 
16 133 25 125 
3 220 12 77 
11 56 30 166 
24 102 26 57 
9 130 17 131 
2 41 6 202 
25 77 27 79 
4 205 10 137 
11 28 19 126 
13 127 22 171 
5 149 21 49 
1 230 26 110 
18 174 29 90 
6 51 14 253 
2 126 24 233 
15 240 16 209 
23 113 28 181 
3 217 12 254 
7 13 20 53 
17 115 30 192 
8 190 9 100 
10 197 24 57 
13 200 25 132 
16 210 19 49 
4 205 29 233 
2 111 23 75 
15 195 18 193 
11 117 30 57 
20 195 22 103 
8 195 27 101 
1 173 12 155 
5 116 14 216 
7 31 28 35 
3 97 21 178 
6 221 17 145 
9 108 26 77 
7 12 19 173 
3 119 12 76 
6 135 21 185 
5 8 24 4 
2 240 22 238 
16 90 20 93 
11 75 29 172 
13 86 25 234 
14 122 15 163 
18 200 23 40 
8 7 28 212 
1 14 10 91 
9 235 27 247 
4 94 30 16 
17 158 26 56 
10 139 30 21 
25 77 28 67 
6 254 19 164 
15 28 21 100 
13 20 26 62 
3 32 29 204 
5 37 20 57 
2 24 8 32 
11 194 27 43 
7 90 12 20 
9 111 24 88 
1 196 23 141 
16 221 22 210 
4 32 18 19 
14 230 17 7 
13 170 16 77 
11 203 24 63 
17 126 18 12 
5 31 15 115 
23 253 30 239 
2 225 9 141 
10 173 22 223 
14 171 25 218 
6 206 12 130 
7 71 27 249 
26 106 28 215 
1 236 29 192 
8 7 21 25 
3 38 20 44 
4 252 19 114 
4 112 7 164 
3 240 21 126 
18 78 20 151 
8 177 30 9 
24 159 25 185 
5 185 23 4 
2 144 26 80 
10 194 27 214 
6 40 12 71 
16 224 22 167 
11 39 13 3 
14 214 28 142 
15 154 17 135 
9 215 19 187 
1 97 29 158 
2 251 16 97 
8 57 30 44 
15 26 17 243 
5 32 13 62 
18 49 28 2 
23 130 26 209 
10 168 22 202 
3 35 12 6 
1 110 21 222 
11 126 29 3 
14 230 25 54 
4 105 19 5 
20 28 27 159 
6 239 9 224 
7 80 24 118 
15 3 25 107 
11 6 30 84 
24 142 29 195 
4 228 27 130 
9 185 23 79 
3 187 7 44 
1 192 19 158 
5 162 17 104 
2 200 20 141 
8 241 14 182 
10 181 22 112 
6 137 13 224 
12 79 26 45 
16 241 28 48 
18 230 21 129 
14 78 16 152 
20 22 27 177 
12 135 29 251 
2 213 9 149 
6 215 24 6 
10 211 18 248 
11 114 19 14 
25 250 28 176 
1 181 3 71 
21 6 23 161 
4 105 13 94 
5 131 8 82 
7 57 15 26 
17 187 22 4 30 59 
4 120 24 151 26 210 
2 50 22 163 27 80 
15 196 23 192 26 78 
6 247 14 11 28 253 
1 158 11 34 13 21 
9 175 20 120 21 198 
3 181 8 121 12 214 
10 5 16 5 29 88 
18 179 25 238 30 134 
7 41 17 30 19 225 
2 250 5 95 6 3 
10 244 11 142 13 128 
3 88 15 88 22 233 
17 184 19 20 23 232 
20 39 27 230 29 169 
4 162 14 89 30 31 
16 121 26 121 28 185 
8 100 9 27 25 253 
12 134 18 106 24 76 
1 122 5 253 7 250 
8 18 21 40 28 114 
11 164 12 23 20 146 
5 172 26 210 29 122 
19 29 24 95 25 180 
4 203 15 226 17 213 
6 236 13 8 27 39 
2 103 23 175 30 9 
3 121 7 23 9 28 
1 245 21 216 22 87 
14 50 16 11 18 208 
10 137 23 162 29 253 
14 171 25 138 27 231 
2 109 8 33 22 214 
1 65 4 241 5 117 
10 174 11 180 20 227 
24 90 26 92 30 96 
6 209 17 241 18 156 
7 64 15 60 28 133 
3 85 16 11 19 166 
9 96 12 14 13 157 
14 24 21 230 28 213 
10 249 15 194 21 162 
11 21 19 97 24 186 
7 223 9 2 23 219 
20 215 22 16 29 128 
5 170 8 51 17 233 
1 37 2 93 13 7 
6 63 12 133 16 111 
4 177 18 97 25 246 
3 112 27 174 30 232 
10 213 17 215 26 103 
2 185 16 36 24 153 
5 23 15 3 21 164 
3 40 11 88 30 14 
6 93 13 82 29 213 
14 203 26 176 27 129 
8 195 22 4 25 170 
1 75 18 4 19 255 
4 50 12 192 20 128 
7 132 9 182 23 31 
3 130 8 92 28 83 
17 230 18 163 20 253 
16 110 19 228 22 154 
13 125 23 51 27 238 
11 65 15 177 29 120 
10 2 24 36 26 50 
1 20 4 171 30 186 
5 236 6 179 14 57 
12 123 21 236 28 222 
7 90 9 64 25 96 
2 124 5 213 7 18 
9 183 12 253 15 195 
1 84 20 138 22 148 
3 158 18 51 29 244 
13 37 16 241 26 246 
17 155 19 133 25 147 
2 221 23 169 28 29 
6 177 14 150 21 230 
10 14 27 242 30 2 
4 3 11 23 24 199 
1 12 8 13 23 214 
6 3 7 187 24 67 
12 249 16 108 17 136 
15 150 19 197 27 56 
8 47 20 240 21 231 
5 124 9 197 14 162 
4 25 11 14 25 8 
3 249 29 207 30 238 
2 177 13 30 18 90 
10 129 26 40 28 204 
3 154 9 157 22 46 
4 185 8 101 16 49 
1 218 12 195 28 40 
11 151 15 112 18 242 
2 180 7 255 25 82 
5 110 20 213 23 243 
10 185 13 67 14 39 
6 218 17 77 22 29 
19 254 21 17 30 70 
24 17 26 34 29 158 
8 123 13 174 27 147 
5 114 11 221 20 159 
3 198 4 30 15 25 
1 44 17 204 19 84 
2 88 24 154 30 70 
9 97 18 246 26 185 
21 160 28 127 29 180 
7 172 12 10 25 187 
14 30 16 34 27 210 
6 119 22 145 23 30 
3 181 10 98 26 75 
7 31 9 230 24 6 
12 105 17 49 21 69 
2 209 6 15 10 99 
8 8 11 53 13 99 
4 198 25 93 30 166 
5 140 23 102 28 227 
1 26 14 175 18 1 
20 229 22 233 27 143 
16 97 19 182 29 199 
3 25 15 106 24 165 
12 39 22 97 23 58 
5 141 15 59 18 63 
6 249 7 177 30 10 
2 118 8 169 14 55 
1 242 13 254 27 210 
11 112 21 192 29 164 
4 96 9 132 19 191 
16 133 25 37 28 115 
10 227 20 99 26 238 
5 145 17 162 29 44 
4 139 18 62 25 216 
14 108 20 124 30 245 
24 118 27 1 28 236 
9 22 13 246 22 189 
1 85 7 7 10 124 
11 182 16 104 26 150 
2 187 8 250 15 113 
6 226 19 220 21 133 
3 215 12 231 17 74 
5 148 23 27 26 105 
9 212 25 56 30 15 
15 64 18 215 22 157 
7 168 12 52 27 155 
2 49 17 225 20 162 
3 103 8 62 24 240 
1 172 14 47 21 120 
4 134 16 45 28 1 
6 87 10 238 29 160 
11 177 19 172 23 129 
13 15 18 189 25 148 
3 1 23 125 27 184 
11 75 16 211 37 178 50 176 62 155 88 97 99 8 121 232 131 110 141 119 163 79 167 101 181 172 203 119 221 97 234 231 252 176 268 251 283 231 291 34 305 12 318 112 340 13 346 205 375 60 383 209 403 203 413 15 426 131 444 180 462 77 472 133 486 230 505 173 522 14 537 196 552 236 570 97 579 110 592 192 609 181 619 158 634 122 643 245 648 65 661 37 672 75 681 20 687 84 695 12 707 218 718 44 732 26 740 242 750 85 761 172 
15 130 20 206 40 232 57 143 69 14 80 89 106 207 118 25 131 187 145 77 151 245 172 104 184 38 205 25 218 75 238 13 240 209 266 191 273 200 297 116 313 58 322 46 336 240 350 80 362 84 382 185 390 189 404 28 433 144 441 145 453 183 480 41 489 126 500 111 515 240 533 24 546 225 562 144 571 251 594 200 604 213 616 50 625 250 641 103 647 109 661 93 666 185 685 124 691 221 703 177 709 180 719 88 728 209 739 118 752 187 759 49 
3 94 17 51 31 19 46 254 74 114 83 53 105 254 123 98 132 90 150 191 152 123 179 76 189 193 200 201 212 73 230 177 250 224 260 191 285 42 292 215 312 233 327 167 337 146 350 61 370 35 385 128 399 166 419 252 426 248 436 76 458 142 476 220 492 217 508 97 512 119 531 32 554 38 557 240 578 35 591 187 609 71 621 181 627 88 642 121 653 85 664 112 668 40 675 130 688 158 702 249 705 154 717 198 725 181 735 25 754 215 760 103 766 1 
2 211 27 193 44 56 57 23 64 110 82 53 103 159 109 44 133 114 138 16 160 211 176 24 193 222 200 6 225 216 234 81 255 99 265 117 271 236 299 126 303 138 323 101 345 53 351 142 372 192 384 39 395 224 421 25 431 206 439 171 452 6 466 53 482 205 499 205 524 94 539 32 555 252 556 112 582 105 589 228 611 105 615 120 630 162 639 203 648 241 663 177 673 50 681 171 694 3 701 25 706 185 717 30 730 198 742 96 746 139 762 134 
8 51 18 207 35 31 53 21 65 206 87 108 92 35 115 193 128 15 133 78 158 45 180 181 191 106 206 141 213 90 229 251 250 47 256 34 282 117 297 15 314 228 325 216 338 101 353 186 371 54 387 36 403 214 407 221 435 101 440 126 456 221 474 65 485 149 506 116 514 8 532 37 544 31 561 185 574 32 593 162 612 131 625 95 634 253 637 172 648 117 660 170 667 23 682 236 685 213 700 124 710 110 716 114 731 140 737 141 745 145 755 148 
6 24 28 232 39 201 46 39 68 108 82 48 101 163 104 22 119 46 142 247 161 54 167 166 183 209 205 242 213 152 231 212 253 113 263 176 276 21 293 138 311 178 324 132 342 48 352 197 363 100 392 64 401 141 410 176 427 242 449 120 456 247 480 202 488 51 509 221 513 135 528 254 549 206 564 40 584 239 597 137 605 215 618 247 625 3 640 236 651 209 662 63 669 93 682 179 692 177 696 3 712 218 724 119 728 15 738 249 753 226 763 87 
14 73 23 83 36 58 51 156 67 143 84 46 105 104 109 244 112 218 141 88 156 188 168 165 185 42 202 86 218 241 237 92 241 34 259 141 280 26 293 83 310 86 326 14 338 104 355 137 369 124 393 14 398 124 412 163 428 146 447 199 457 99 470 80 493 13 507 31 511 12 535 90 550 71 556 164 585 80 591 44 613 57 624 41 634 250 642 23 652 64 658 223 674 132 684 90 685 18 696 187 709 255 722 172 726 31 738 177 750 7 758 168 
14 176 26 91 45 74 58 166 65 200 86 238 94 158 119 118 125 124 139 250 157 30 176 36 187 10 209 216 221 19 228 3 243 99 270 200 274 252 287 97 313 114 320 71 330 37 359 22 364 225 378 180 399 182 400 200 430 159 440 30 452 234 469 211 495 190 504 195 521 7 533 32 553 7 559 177 572 57 595 241 612 82 621 121 632 100 635 18 647 33 660 51 671 195 675 92 695 13 699 47 706 101 715 123 729 8 739 169 752 250 760 62 
4 250 17 140 45 151 54 186 75 243 77 248 107 9 110 185 135 43 146 33 163 3 168 228 183 12 207 95 216 208 229 117 244 178 269 186 279 137 296 219 309 87 323 39 333 114 348 61 367 107 379 192 391 53 415 19 433 64 442 233 451 129 479 130 495 100 510 108 523 235 536 111 546 141 569 215 584 224 590 185 604 149 620 175 632 27 642 28 654 96 658 2 674 182 684 64 686 183 700 197 705 157 720 97 726 230 742 132 749 22 756 212 
13 143 29 193 41 161 51 113 62 115 79 174 93 157 106 239 130 128 148 96 154 9 169 181 191 164 208 6 219 15 235 99 255 81 257 119 281 128 287 121 309 213 327 148 334 235 354 181 363 126 381 57 402 189 408 192 425 101 444 91 460 14 467 224 482 137 496 197 522 91 526 139 547 173 563 194 577 168 596 181 606 211 622 5 626 244 645 137 649 174 656 249 665 213 680 2 693 14 704 129 711 185 725 98 728 99 744 227 750 124 763 238 
9 240 19 77 32 230 52 14 63 17 80 216 94 94 120 141 136 65 146 116 162 239 165 194 190 49 198 137 219 36 233 10 245 215 262 236 271 194 298 56 306 142 326 99 346 208 347 246 376 135 385 166 407 108 418 216 427 81 439 144 463 124 477 56 483 28 502 117 517 75 534 194 542 203 566 39 580 126 587 6 607 114 619 34 626 142 636 164 649 180 657 21 668 88 679 65 694 23 701 14 708 151 716 221 729 53 741 112 751 182 764 177 
13 61 28 18 33 171 59 149 71 104 89 8 98 151 111 59 128 139 144 189 160 193 173 220 181 18 199 158 215 251 228 230 251 151 269 43 284 145 285 130 308 181 322 79 343 222 356 47 360 137 376 11 396 38 412 47 432 82 448 68 462 244 476 77 492 254 505 155 512 76 535 20 549 130 564 71 578 6 598 79 603 135 621 214 633 134 636 23 654 14 662 133 673 192 683 123 686 253 697 249 707 195 722 10 727 105 736 39 754 231 758 52 
7 25 21 25 41 247 52 16 64 169 76 169 91 73 121 141 123 50 137 4 159 113 180 30 185 56 201 97 224 129 227 55 251 134 258 220 278 71 290 122 302 91 319 88 335 199 352 39 373 237 391 108 404 11 409 157 430 24 437 90 455 50 471 62 484 127 497 200 518 86 530 20 541 170 566 3 574 62 597 224 611 94 619 21 626 128 640 8 654 157 661 7 669 82 678 125 689 37 703 30 711 67 715 174 729 99 740 254 749 246 765 15 
11 234 30 166 43 88 56 237 58 250 91 80 97 97 114 184 127 175 147 25 164 179 169 188 186 199 207 231 214 218 233 150 256 226 259 79 273 171 288 143 304 222 324 161 345 147 358 116 377 114 389 243 396 14 419 85 434 111 443 43 453 174 473 84 488 253 506 216 519 122 540 230 548 171 567 214 581 230 595 182 601 78 618 11 630 89 644 50 646 171 655 24 670 203 682 57 692 150 700 162 711 39 723 30 732 175 739 55 747 108 761 47 
15 75 21 142 35 149 54 207 68 141 78 59 99 74 112 25 124 108 148 69 153 222 171 141 190 152 196 144 215 150 236 30 246 71 261 79 274 33 288 24 307 133 321 114 337 216 349 65 366 65 380 18 394 60 414 105 431 9 450 157 454 179 468 146 490 240 501 195 519 163 529 28 544 115 568 154 573 26 586 3 613 26 617 196 627 88 639 226 652 60 656 194 667 3 679 177 686 195 698 150 708 112 717 25 735 106 737 59 752 113 757 64 
4 250 24 177 32 38 48 154 72 36 89 46 103 212 117 34 134 239 142 79 153 238 175 118 184 61 206 121 214 191 230 91 243 109 258 154 272 9 295 244 310 192 329 155 331 53 344 6 365 224 375 49 406 99 416 184 425 8 449 209 455 33 475 133 490 209 498 210 516 90 538 221 541 77 565 224 571 97 599 241 601 152 622 5 631 121 644 11 653 11 662 111 666 36 677 110 689 241 697 108 706 49 723 34 734 97 743 133 751 104 762 45 
12 106 23 211 40 41 47 44 66 133 85 49 100 185 107 201 137 82 144 170 166 175 179 161 195 235 198 208 223 65 231 224 248 111 254 199 286 151 291 140 303 232 325 144 334 152 358 10 368 90 378 99 394 35 416 120 424 219 441 77 465 180 479 131 494 115 509 145 525 158 540 7 543 126 568 135 573 243 593 104 614 187 624 30 628 184 639 213 651 241 660 233 665 215 676 230 690 155 697 136 712 77 718 204 727 49 745 162 754 74 759 225 
3 7 27 144 34 112 49 98 73 185 86 23 90 7 111 228 124 137 129 223 164 132 170 55 188 177 202 151 211 47 227 151 248 227 257 10 283 192 296 119 306 32 328 67 344 1 353 228 362 59 388 37 401 1 417 189 420 239 436 97 461 54 473 163 487 174 501 193 520 200 539 19 543 12 558 78 575 49 600 230 606 248 623 179 633 106 644 208 651 156 663 97 672 4 676 163 688 51 703 90 708 242 720 246 732 1 737 63 746 62 757 215 765 189 
10 187 25 79 42 14 60 194 70 175 76 24 98 117 108 177 118 36 125 175 156 56 174 98 182 241 197 93 216 150 226 53 245 229 267 165 272 85 292 35 305 176 328 56 342 161 351 9 368 10 381 92 389 51 414 55 435 136 446 97 454 108 468 232 483 126 498 49 511 173 528 164 555 114 569 187 582 5 592 158 607 14 624 225 628 20 638 29 653 166 657 97 672 255 677 228 690 133 698 197 713 254 718 84 734 182 742 191 753 220 764 172 
8 31 24 91 42 244 50 246 66 200 90 234 101 156 114 4 130 21 149 213 159 144 172 6 192 35 204 229 212 57 232 113 242 20 264 3 284 148 289 250 299 21 321 25 339 194 359 161 369 231 379 151 397 114 418 185 429 1 438 251 457 252 467 84 493 53 503 195 516 93 532 57 554 44 558 151 583 28 594 141 602 22 620 120 629 39 636 146 649 227 659 215 673 128 676 253 687 138 699 240 710 213 716 159 733 229 744 99 747 124 759 162 
12 56 19 188 39 45 56 140 70 192 87 10 93 109 116 33 129 115 143 133 155 31 175 150 189 80 199 17 220 234 232 200 249 105 266 60 279 107 294 236 315 33 318 104 341 144 361 50 364 198 380 103 398 187 409 214 421 144 450 185 459 212 474 132 485 49 508 178 513 185 529 100 553 25 557 126 579 222 600 129 610 6 620 198 635 40 643 216 655 230 656 162 667 164 683 236 692 230 699 231 713 17 721 160 727 69 741 192 753 133 761 120 
9 63 16 160 44 30 59 79 74 117 85 38 95 195 113 127 135 99 140 87 151 129 174 41 186 239 210 41 224 151 239 166 242 126 263 145 275 90 300 11 314 1 320 120 341 142 349 48 365 22 388 146 402 76 405 26 428 152 438 236 460 2 472 244 484 171 503 103 515 238 538 210 547 223 565 167 577 202 596 112 614 4 616 163 627 233 643 87 647 214 659 16 671 4 677 154 687 148 705 46 712 29 724 145 733 233 736 97 749 189 757 157 
10 37 22 158 31 71 47 115 72 112 79 169 92 230 97 70 136 54 138 226 155 180 178 7 188 6 203 12 217 163 236 130 244 109 270 45 277 84 300 138 308 97 319 152 339 179 357 79 374 85 382 108 393 250 410 138 422 253 448 62 461 87 471 203 491 113 500 75 520 40 537 141 545 253 561 4 576 130 590 79 610 161 617 192 628 232 641 175 645 162 658 219 674 31 678 51 691 169 695 214 710 243 724 30 731 102 736 58 755 27 764 129 766 125 
7 112 22 158 37 142 55 68 67 147 81 50 102 109 116 227 134 233 150 196 158 24 177 173 195 139 197 193 211 40 240 201 246 237 262 230 275 146 289 13 311 210 316 195 343 21 354 165 367 60 384 18 400 128 411 27 434 128 447 20 459 16 478 102 489 233 496 57 514 4 536 88 542 63 560 159 585 118 588 142 605 6 615 151 633 76 638 95 650 90 657 186 666 153 680 36 694 199 696 67 714 17 719 154 726 6 735 165 748 118 760 240 
1 144 25 97 36 66 49 182 63 53 88 215 96 80 117 11 127 224 140 59 154 24 173 111 192 146 209 42 225 74 238 10 254 110 260 145 276 225 294 210 307 249 317 71 332 128 348 207 373 69 374 167 387 181 411 137 423 186 443 174 463 192 475 125 481 77 497 132 518 234 527 77 548 218 560 185 581 54 586 107 608 250 623 238 632 253 638 180 646 138 663 246 671 170 684 96 690 147 701 8 709 82 722 187 730 93 743 37 746 216 756 56 765 148 
6 239 18 244 38 241 61 238 73 90 84 71 95 88 108 139 110 147 145 15 162 23 177 79 187 24 204 194 220 213 235 183 247 5 261 191 277 197 290 213 304 124 331 85 332 46 360 200 370 170 386 131 395 229 413 197 424 4 437 221 464 145 478 57 486 110 510 77 525 56 530 62 551 106 562 80 576 209 598 45 615 210 617 78 631 121 637 210 650 92 665 103 670 176 680 50 689 246 704 40 714 34 720 185 725 75 744 238 751 150 755 105 
2 181 26 78 38 248 55 240 71 172 78 213 100 108 122 248 132 4 149 238 165 51 170 145 182 131 201 99 222 249 239 185 249 123 268 74 280 149 295 35 301 99 317 249 336 221 357 132 371 190 377 81 392 96 408 157 415 216 445 141 458 181 466 253 481 79 504 101 523 247 534 43 550 249 563 214 583 159 589 130 602 177 616 80 629 230 640 39 646 231 664 174 670 129 678 238 693 242 698 56 715 147 723 210 733 143 740 210 748 1 758 155 766 184 
1 24 30 45 33 25 53 226 69 19 77 80 102 59 122 190 126 150 139 107 161 200 178 199 194 1 196 149 223 70 226 182 252 175 265 243 281 197 298 254 312 169 329 79 335 87 355 204 361 29 386 246 405 13 420 29 429 186 442 36 464 108 470 138 491 181 507 35 521 212 527 67 551 215 567 142 575 2 599 48 608 176 618 253 631 185 635 114 652 133 655 213 675 83 683 222 691 29 704 204 707 40 721 127 731 227 743 115 748 236 762 1 
5 201 20 169 43 2 48 64 61 38 83 220 96 85 113 72 126 187 143 37 157 115 166 47 193 30 208 244 217 11 237 171 253 186 267 197 282 142 301 76 302 205 316 141 333 195 347 104 366 66 383 143 397 80 417 242 432 249 445 211 465 57 469 77 487 90 499 233 517 172 531 204 552 192 570 158 580 3 588 195 603 251 622 88 629 169 637 122 645 253 659 128 669 213 679 120 688 244 702 207 714 158 721 180 734 199 741 164 745 44 763 160 
5 158 29 113 34 227 60 245 75 22 81 253 104 199 115 234 120 235 147 156 152 232 171 83 194 114 210 2 222 168 241 166 247 87 264 150 278 248 286 248 315 245 330 82 340 188 356 33 372 188 390 195 406 127 422 73 423 210 446 146 451 197 477 166 494 192 502 57 524 16 526 21 545 239 559 9 572 44 587 84 614 59 623 134 630 31 641 9 650 96 664 232 668 14 681 186 693 2 702 238 713 70 719 70 730 166 738 10 747 245 756 15 
