920 184 256
3 12
2 2 2 2 2 2 2 2 2 2 2 2 2 2 2 2 2 2 2 2 2 2 2 2 2 2 2 2 2 2 2 2 2 2 2 2 2 2 2 2 2 2 2 2 2 2 2 2 2 2 2 2 2 2 2 2 2 2 2 2 2 2 2 2 2 2 2 2 2 2 2 2 2 2 2 2 2 2 2 2 2 2 2 2 2 2 2 2 2 2 2 2 2 2 2 2 2 2 2 2 2 2 2 2 2 2 2 2 2 2 2 2 2 2 2 2 2 2 2 2 2 2 2 2 2 2 2 2 2 2 2 2 2 2 2 2 2 2 2 2 2 2 2 2 2 2 2 2 2 2 2 2 2 2 2 2 2 2 2 2 2 2 2 2 2 2 2 2 2 2 2 2 2 2 2 2 2 2 2 2 2 2 2 2 2 2 2 2 2 2 2 2 2 2 2 2 2 2 2 2 2 2 2 2 2 2 2 2 2 2 2 2 2 2 2 2 2 2 2 2 2 2 2 2 2 2 2 2 2 2 2 2 2 2 2 2 2 2 2 2 2 2 2 2 2 2 2 2 2 2 2 2 2 2 2 2 2 2 2 2 2 2 2 2 2 2 2 2 2 2 2 2 2 2 2 2 2 2 2 2 2 2 2 2 2 2 2 2 2 2 2 2 2 2 2 2 2 2 2 2 2 2 2 2 2 2 2 2 2 2 2 2 2 2 2 2 2 2 2 2 2 2 2 2 2 2 2 2 2 2 2 2 2 2 2 2 2 2 2 2 2 2 2 2 2 2 2 2 2 2 2 2 2 2 2 2 2 2 2 2 2 2 2 2 2 2 2 2 2 2 2 2 2 2 2 2 2 2 2 2 2 2 2 2 2 2 2 2 2 2 2 2 2 2 2 2 2 2 2 2 2 2 2 2 2 2 2 2 2 2 2 2 2 2 2 2 2 2 2 2 2 2 2 2 2 2 2 2 2 2 2 2 2 2 2 2 2 2 2 2 2 2 2 2 2 2 2 2 2 2 2 2 2 2 2 2 2 2 2 2 2 2 2 2 2 2 2 2 2 2 2 2 2 2 2 2 2 2 2 2 2 2 2 2 2 2 2 2 2 2 2 2 2 2 2 2 2 2 2 2 2 2 2 2 2 2 2 2 2 2 2 2 2 2 2 2 2 2 2 2 2 2 2 2 2 2 2 2 2 2 2 2 2 2 2 2 2 2 2 2 2 2 2 2 2 2 2 2 2 2 2 2 2 2 2 2 2 2 2 2 2 2 2 2 2 2 2 2 2 2 2 2 2 2 2 2 2 2 2 2 2 2 2 2 2 2 2 2 2 2 2 2 2 2 2 2 2 2 2 2 2 2 2 2 2 2 2 2 2 2 2 2 2 2 2 2 2 2 2 2 2 2 2 2 2 2 2 2 2 2 2 2 2 2 2 2 2 2 2 2 2 2 2 2 2 2 2 2 2 2 2 2 2 2 2 2 2 2 2 2 2 2 2 2 2 2 2 2 2 2 2 2 2 2 2 2 2 2 2 2 2 2 2 2 2 2 2 2 2 2 2 2 2 2 2 2 2 2 2 2 2 2 2 2 2 2 2 2 2 2 2 2 2 2 2 2 2 2 2 2 2 2 2 2 2 2 2 2 2 2 2 2 2 2 2 2 3 3 3 3 3 3 3 3 3 3 3 3 3 3 3 3 3 3 3 3 3 3 3 3 3 3 3 3 3 3 3 3 3 3 3 3 3 3 3 3 3 3 3 3 3 3 3 3 3 3 3 3 3 3 3 3 3 3 3 3 3 3 3 3 3 3 3 3 3 3 3 3 3 3 3 3 3 3 3 3 3 3 3 3 3 3 3 3 3 3 3 3 3 3 3 3 3 3 3 3 3 3 3 3 3 3 3 3 3 3 3 3 3 3 3 3 3 3 3 3 3 3 3 3 3 3 3 3 3 3 3 3 3 3 3 3 3 3 3 3 3 3 3 3 3 3 3 3 3 3 3 3 3 3 3 3 3 3 3 3 3 3 3 3 3 3 3 3 3 3 3 3 3 3 3 3 3 3 3 3 3 3 3 3 
11 11 11 11 11 11 11 11 11 11 11 11 11 11 11 11 11 12 11 11 11 11 11 11 11 11 11 11 11 11 11 11 11 11 11 11 11 11 11 11 11 11 11 11 11 10 11 11 12 11 11 10 11 11 11 11 11 11 11 11 11 11 11 11 11 11 11 11 11 11 11 11 11 11 11 11 11 11 11 11 11 11 11 11 11 11 11 11 11 11 11 11 11 11 11 11 11 11 11 11 11 11 11 11 11 11 11 10 11 11 11 11 11 11 11 11 11 11 11 11 11 11 11 11 11 11 12 11 11 11 11 11 11 11 11 11 11 11 11 11 11 11 11 11 11 11 11 11 11 11 11 11 11 11 11 11 11 11 11 11 11 11 11 11 11 11 11 11 11 11 11 11 11 11 11 11 11 11 11 11 11 11 11 11 
150 52 167 157 
24 236 169 225 
18 127 115 169 
52 26 100 144 
177 188 178 136 
30 121 179 229 
87 171 174 107 
26 29 144 137 
76 54 164 16 
141 213 175 242 
6 24 117 92 
152 139 168 106 
120 19 133 141 
68 245 130 79 
32 250 113 19 
5 58 124 36 
9 20 50 175 
19 21 147 181 
58 48 122 68 
7 201 172 246 
69 192 79 26 
136 52 142 118 
37 201 88 25 
80 144 111 92 
126 126 134 53 
48 205 118 126 
31 194 110 192 
22 116 89 199 
61 238 176 171 
41 59 101 197 
46 173 137 17 
90 168 125 135 
160 189 180 44 
25 159 94 204 
28 204 47 34 
45 51 153 150 
44 73 148 92 
64 237 166 187 
36 70 49 90 
83 249 106 44 
65 216 151 201 
96 176 102 197 
54 118 163 166 
132 124 135 90 
67 143 97 212 
10 107 12 237 
92 51 140 188 
20 249 171 187 
78 211 99 107 
2 221 60 189 
29 36 145 151 
57 233 93 72 
33 77 108 236 
51 44 119 101 
127 56 139 159 
14 201 77 175 
40 187 165 16 
23 225 155 178 
95 101 184 84 
13 95 75 71 
16 239 181 212 
1 36 143 140 
154 155 158 10 
15 163 72 233 
55 22 146 205 
81 236 162 75 
38 111 56 166 
27 110 34 165 
105 190 157 46 
35 228 103 108 
109 177 156 184 
70 41 91 242 
8 121 74 23 
21 252 59 34 
43 103 63 247 
4 165 86 152 
170 145 182 198 
104 212 107 129 
73 180 161 124 
17 152 82 177 
84 165 131 144 
62 175 98 24 
11 42 42 121 
173 13 183 137 
3 241 121 101 
71 65 112 18 
39 12 138 118 
53 185 85 170 
129 38 149 110 
116 140 123 39 
66 244 128 139 
114 69 159 239 
34 157 127 125 
69 220 116 217 
15 154 145 20 
143 22 172 149 
80 110 89 18 
56 208 82 210 
94 74 95 114 
147 227 152 38 
67 146 119 13 
99 2 151 87 
61 119 174 227 
102 149 162 62 
107 214 113 106 
35 236 50 62 
39 192 84 124 
31 55 158 81 
27 94 40 241 
42 8 79 118 
57 144 171 186 
30 3 77 236 
168 236 182 145 
17 19 81 255 
47 106 75 142 
46 108 114 71 
115 22 134 46 
18 121 37 1 
55 223 60 55 
85 8 101 216 
11 221 49 84 
4 230 150 127 
137 209 175 250 
96 82 112 197 
43 218 91 151 
108 146 179 193 
41 182 103 136 
93 211 124 217 
71 57 132 35 
66 169 183 189 
6 94 164 159 
148 131 167 63 
14 216 48 172 
63 63 130 199 
21 88 138 114 
16 255 125 57 
97 244 149 198 
136 92 169 81 
62 66 163 226 
28 12 129 151 
3 30 140 104 
87 56 92 150 
118 199 166 9 
117 249 159 70 
105 6 153 176 
25 82 36 57 
5 239 165 146 
24 91 86 64 
131 35 181 179 
76 192 88 30 
9 121 128 248 
7 250 13 106 
19 90 100 124 
155 52 156 56 
26 254 135 71 
98 91 122 1 
120 109 180 14 
72 96 146 87 
68 136 157 89 
12 105 29 212 
33 175 65 32 
144 212 160 103 
8 206 64 185 
73 43 104 29 
110 8 123 106 
52 162 70 100 
1 214 184 216 
22 128 32 240 
44 98 59 68 
58 113 106 145 
170 181 177 211 
10 212 141 77 
53 68 83 214 
121 122 173 223 
78 30 178 167 
51 25 133 139 
109 249 126 146 
111 228 139 8 
23 144 38 200 
20 2 176 206 
2 122 90 222 
142 146 161 176 
45 205 54 224 
74 60 154 65 
29 99 152 232 
93 175 119 36 
36 213 138 135 
88 49 128 110 
108 221 127 222 
69 118 83 5 
46 51 136 163 
113 250 163 72 
102 109 154 194 
52 34 135 131 
92 178 105 101 
149 210 169 180 
94 63 151 89 
15 157 106 55 
56 214 73 250 
18 91 26 221 
41 230 75 106 
9 128 111 230 
131 158 174 91 
90 14 118 24 
11 216 109 24 
96 160 143 194 
70 12 150 14 
48 135 134 35 
95 38 159 203 
19 112 165 27 
145 244 173 159 
14 94 28 40 
27 92 82 82 
20 40 76 225 
63 96 79 175 
97 97 110 15 
121 69 143 193 
42 123 89 78 
50 35 148 159 
130 208 177 94 
43 19 141 31 
2 235 124 200 
51 120 59 237 
3 209 126 31 
55 89 114 137 
62 128 175 9 
16 131 80 207 
81 141 176 66 
57 42 78 224 
85 114 160 88 
31 94 45 112 
87 194 100 252 
60 92 157 102 
7 68 32 192 
39 175 98 109 
47 46 182 146 
33 107 160 135 
13 155 164 24 
115 100 137 76 
74 149 167 148 
112 55 125 56 
6 234 123 215 
23 55 35 251 
44 93 77 241 
129 56 174 87 
65 186 86 126 
120 170 156 181 
101 120 140 35 
36 34 168 245 
10 148 38 74 
117 102 155 118 
58 49 171 228 
54 54 179 110 
162 34 180 10 
84 7 183 18 
5 245 103 140 
99 187 104 35 
30 47 72 209 
25 196 64 22 
17 68 68 42 
12 188 67 67 
66 5 142 152 
22 140 144 115 
71 204 178 207 
34 83 166 57 
107 140 147 2 
4 143 122 31 
139 16 170 187 
53 31 161 81 
37 158 153 248 
49 26 146 45 
21 45 132 100 
1 76 91 226 
40 8 116 220 
24 16 172 88 
117 22 181 215 
84 134 158 48 
61 1 146 69 
8 249 13 137 
133 133 153 65 
54 143 184 150 
2 205 164 60 
3 33 139 183 
69 99 148 59 
70 109 156 59 
64 158 142 255 
46 73 59 234 
21 32 82 38 
138 221 172 23 
147 187 159 18 
92 142 94 248 
106 42 125 70 
35 77 178 154 
110 185 132 25 
140 194 167 197 
42 236 93 186 
10 117 20 238 
120 154 183 46 
12 178 33 207 
28 120 96 190 
30 191 155 16 
136 255 171 27 
102 119 137 136 
111 17 162 140 
1 189 53 47 
48 173 107 58 
43 109 90 131 
129 32 144 93 
49 226 85 255 
100 74 128 164 
114 76 127 82 
22 78 44 100 
16 245 65 20 
116 65 182 151 
35 236 166 14 
67 165 134 224 
99 206 173 62 
4 200 5 174 
63 59 158 200 
152 52 154 209 
38 157 89 87 
9 85 163 155 
62 25 101 193 
75 229 80 134 
24 93 157 144 
27 28 145 186 
11 106 88 152 
52 65 68 84 
23 138 121 50 
81 24 95 97 
26 145 58 159 
47 185 161 46 
51 180 151 202 
61 127 104 116 
76 188 170 59 
57 58 179 187 
18 248 40 219 
32 85 71 140 
73 35 108 205 
86 206 176 27 
25 154 130 186 
7 196 165 243 
103 200 184 40 
122 254 133 212 
34 135 97 28 
29 106 105 85 
72 72 177 230 
55 118 98 62 
83 72 87 81 
6 95 78 175 
17 211 113 54 
66 243 123 75 
14 42 31 143 
60 251 126 49 
15 144 175 39 
37 151 181 30 
124 191 131 23 
56 88 150 35 
91 227 149 77 
8 109 141 174 
19 228 45 225 
39 133 118 107 
79 98 180 253 
74 46 119 30 
41 180 135 50 
50 196 169 225 
115 29 178 115 
109 83 112 65 
168 58 179 1 
77 231 81 117 
164 160 180 211 
45 176 64 163 
82 189 96 4 
28 67 163 224 
17 252 93 213 
27 141 85 208 
154 1 184 231 
55 38 69 235 
54 135 126 184 
66 242 95 167 
101 246 117 153 
13 36 61 7 
79 4 166 25 
19 71 38 186 
63 248 73 242 
111 236 138 150 
8 239 58 52 
65 27 116 49 
124 118 137 170 
145 231 162 167 
129 245 152 22 
23 254 74 60 
39 188 144 143 
83 41 113 250 
16 203 100 94 
71 108 105 178 
120 138 165 89 
109 6 136 247 
11 201 31 95 
76 138 149 153 
114 124 130 46 
135 62 173 10 
20 89 84 12 
51 124 53 88 
77 188 141 137 
18 236 140 231 
5 45 139 97 
112 216 160 162 
62 125 151 135 
36 181 125 166 
12 83 148 90 
37 98 73 199 
67 19 146 4 
29 38 70 76 
42 9 86 44 
2 252 94 175 
50 24 153 220 
49 168 183 30 
59 117 103 109 
72 158 80 139 
21 163 181 4 
48 133 133 227 
115 225 176 48 
1 141 131 17 
89 173 123 64 
15 251 169 152 
32 14 88 134 
47 176 156 62 
143 134 147 43 
44 182 52 164 
26 72 127 7 
46 20 92 150 
7 227 33 98 
157 135 182 29 
22 183 102 173 
10 83 99 198 
78 234 91 16 
30 198 142 78 
14 97 24 107 
34 31 172 1 
25 104 41 243 
56 178 118 58 
9 213 90 225 
6 117 68 116 
121 191 171 4 
128 144 168 140 
75 233 97 133 
122 150 174 198 
40 26 119 197 
57 155 87 27 
107 193 177 23 
98 210 170 246 
4 169 159 235 
110 21 150 56 
108 16 175 149 
43 202 132 131 
60 78 158 29 
76 42 167 162 
104 113 155 108 
106 100 134 52 
3 42 161 154 
37 240 55 159 
81 60 109 78 
30 35 105 58 
80 231 171 142 
3 111 22 208 
27 239 54 72 
23 70 125 206 
130 213 174 122 
46 60 104 24 
116 154 143 84 
140 20 168 247 
58 174 128 213 
40 98 90 69 
86 96 154 124 
31 111 99 18 
62 207 165 22 
89 228 133 204 
120 89 178 146 
113 197 127 114 
34 93 151 112 
19 23 146 20 
33 68 60 143 
74 80 114 40 
25 88 32 165 
4 99 112 118 
29 126 124 81 
17 201 35 10 
152 240 166 100 
50 174 84 83 
45 142 144 96 
10 220 47 7 
77 249 131 144 
12 226 122 194 
78 236 138 72 
8 43 65 243 
26 13 155 36 
52 130 98 47 
4 240 179 55 
11 129 175 227 
83 104 121 76 
10 235 184 20 
126 42 174 38 
75 51 147 199 
5 243 63 216 
24 203 41 39 
21 251 79 24 
57 208 145 20 
43 169 146 73 
61 223 103 235 
51 202 168 84 
15 200 159 157 
44 38 49 72 
71 123 148 204 
135 130 149 164 
106 239 123 114 
163 191 173 35 
98 21 142 4 
87 101 118 250 
110 85 162 94 
64 69 96 31 
93 152 101 135 
107 61 160 236 
2 78 85 172 
14 168 164 141 
172 148 183 131 
117 225 177 130 
21 212 134 115 
68 8 97 227 
56 10 169 249 
20 61 100 191 
36 204 156 194 
16 143 48 34 
157 151 180 44 
82 42 170 106 
53 206 176 180 
137 176 182 50 
67 205 161 43 
13 14 39 253 
108 78 119 254 
72 212 154 208 
40 5 136 193 
42 245 95 195 
92 30 111 195 
38 195 132 125 
41 10 69 12 
66 107 102 27 
91 236 139 140 
9 7 115 199 
28 52 153 180 
7 26 150 130 
1 89 88 66 
167 87 181 112 
6 204 59 61 
129 148 141 85 
18 37 158 198 
70 212 94 26 
8 61 115 131 
35 126 60 96 
141 90 180 96 
23 246 182 85 
20 186 113 79 
39 158 95 164 
22 54 181 228 
64 46 104 241 
61 191 62 155 
48 231 68 27 
97 219 155 27 
105 114 119 204 
76 103 89 135 
94 182 178 103 
160 30 184 235 
88 144 173 151 
27 107 80 226 
131 49 166 119 
38 161 130 125 
65 208 84 100 
19 39 24 207 
79 49 122 132 
74 44 163 171 
93 123 150 253 
106 222 157 193 
103 229 156 56 
57 73 116 211 
137 166 148 200 
87 241 112 65 
36 228 176 186 
49 138 149 246 
77 247 171 149 
15 56 59 74 
50 109 170 154 
124 164 128 153 
14 156 108 13 
6 229 18 25 
82 40 100 20 
101 109 133 66 
32 148 51 145 
11 207 26 102 
29 116 96 68 
28 133 69 31 
99 85 169 26 
33 190 159 248 
45 97 83 87 
5 44 72 66 
43 219 145 203 
117 112 118 222 
70 215 144 29 
126 58 151 120 
13 77 179 97 
125 88 177 165 
73 129 123 107 
31 222 52 235 
63 145 81 232 
66 85 139 141 
161 20 162 52 
135 41 165 165 
3 70 17 109 
134 235 152 128 
75 225 102 7 
67 6 158 58 
53 222 167 182 
34 221 153 92 
86 206 127 46 
109 62 164 171 
30 86 147 115 
1 141 46 240 
114 118 183 250 
136 12 138 3 
55 23 78 57 
44 7 107 81 
12 151 90 22 
54 67 120 123 
37 113 85 157 
140 138 172 24 
56 198 111 35 
2 67 129 201 
42 25 121 52 
25 84 175 230 
132 208 143 57 
58 83 71 100 
7 226 142 220 
47 140 92 14 
9 143 97 53 
16 176 91 64 
110 198 114 180 
125 58 153 211 
68 149 167 158 
135 204 161 150 
6 65 121 21 
86 177 118 98 
39 214 72 239 
92 192 173 32 
87 117 120 122 
74 135 169 111 
56 38 183 151 
66 197 129 71 
42 241 165 134 
50 94 160 214 
100 79 101 207 
24 196 124 180 
20 30 79 211 
154 64 164 23 
111 197 159 133 
19 107 122 180 
21 205 179 184 
47 119 58 43 
48 55 102 15 
116 98 149 167 
85 251 99 188 
141 135 150 37 
98 51 119 178 
76 72 151 66 
89 37 163 28 
3 231 14 117 
61 80 71 112 
18 167 77 204 
52 130 126 138 
55 95 184 22 
67 113 95 158 
5 84 64 20 
13 77 91 163 
31 244 176 8 
69 20 155 171 
25 86 162 167 
12 245 80 140 
53 73 177 138 
2 230 15 29 
22 59 136 38 
38 234 115 21 
143 253 180 218 
43 90 182 112 
73 59 94 39 
78 74 96 90 
11 136 178 149 
10 240 117 245 
17 214 146 192 
112 39 158 107 
49 24 157 226 
34 60 81 10 
123 183 166 139 
30 230 90 102 
57 218 144 177 
35 100 40 156 
82 79 175 225 
110 177 170 11 
60 190 132 225 
16 166 103 144 
29 187 113 161 
75 246 131 169 
37 122 147 123 
28 14 59 21 
65 209 105 85 
133 18 138 141 
130 22 171 165 
107 69 140 3 
9 175 174 228 
84 109 104 87 
1 16 4 40 
142 63 148 166 
46 134 152 24 
109 193 147 20 
33 79 83 130 
26 71 51 185 
108 65 156 159 
8 207 27 57 
7 237 134 255 
145 16 181 197 
70 254 106 56 
23 242 32 64 
41 159 158 252 
45 173 137 26 
36 154 93 20 
168 27 178 138 
119 152 172 134 
62 215 171 45 
72 141 88 113 
54 81 104 239 128 15 
63 210 127 221 148 147 
37 181 44 9 139 117 
32 8 118 233 149 135 
82 223 95 188 125 89 
65 166 87 57 162 113 
61 19 63 113 159 53 
70 83 79 148 80 240 
140 101 153 226 154 154 
54 82 59 25 150 239 
14 84 26 142 145 34 
49 214 96 38 179 153 
3 71 38 25 90 215 
33 118 139 74 174 115 
1 128 7 34 17 86 
35 6 102 29 108 143 
30 241 42 125 53 8 
39 85 167 71 175 31 
77 195 91 69 163 157 
48 221 94 47 141 63 
28 186 131 119 177 15 
81 126 99 177 182 83 
2 155 113 114 138 138 
55 34 117 57 137 186 
122 83 125 168 135 176 
112 206 165 179 181 19 
56 148 58 88 109 29 
133 113 166 236 173 192 
6 119 98 105 152 219 
9 39 25 52 143 96 
29 3 130 89 161 16 
8 110 52 230 73 122 
12 135 103 190 183 180 
4 151 43 91 83 225 
16 241 76 210 172 132 
40 73 72 167 126 8 
22 36 34 198 115 15 
123 212 127 26 160 236 
51 138 75 130 106 167 
111 213 132 172 156 237 
31 33 89 173 128 1 
45 106 85 239 134 247 
21 7 23 226 164 235 
71 150 74 7 100 50 
5 144 46 179 97 238 
50 204 92 12 176 118 
11 8 64 175 116 216 
86 28 101 111 180 152 
36 102 107 169 129 245 
44 51 110 217 120 73 
13 38 20 70 93 88 
57 65 170 103 184 126 
67 16 114 193 168 185 
27 62 62 122 155 124 
24 88 47 33 84 207 
10 12 68 67 142 33 
18 254 19 48 66 20 
124 144 136 44 151 187 
88 253 105 150 169 177 
15 124 78 95 86 38 
65 81 121 129 146 2 
56 152 69 167 144 182 
41 212 95 19 113 241 
87 185 157 29 163 39 
60 133 150 176 171 95 
13 182 34 36 130 95 
46 154 106 152 141 30 
152 62 162 132 183 177 
38 174 91 101 92 236 
76 23 102 3 120 69 
3 167 122 156 158 5 
25 226 35 41 80 213 
9 133 19 198 57 35 
166 127 169 49 179 72 
52 223 137 210 164 224 
68 150 108 61 116 85 
61 221 118 46 153 150 
11 154 12 124 23 8 
81 63 134 64 149 152 
70 242 112 127 128 112 
17 137 37 144 58 195 
43 49 124 71 140 192 
28 18 159 237 180 140 
99 60 115 188 123 70 
26 7 67 157 147 102 
32 31 126 70 145 108 
29 94 66 30 132 10 
10 153 16 48 114 149 
33 112 101 204 104 12 
49 27 131 197 154 82 
39 121 139 88 157 103 
64 52 119 83 184 229 
4 174 84 3 136 77 
47 56 62 136 78 186 
36 79 59 112 173 160 
103 100 143 136 144 83 
75 44 146 206 170 95 
88 25 148 200 156 137 
83 244 165 37 168 224 
14 141 54 162 63 247 
40 49 89 143 96 126 
97 5 175 140 176 94 
45 80 77 92 178 214 
15 127 93 139 155 27 
48 88 98 139 127 124 
6 9 79 39 85 189 
94 150 121 62 167 36 
20 65 30 131 110 37 
5 12 53 249 60 243 
8 168 42 6 160 158 
50 4 51 225 129 92 
73 4 172 213 177 13 
41 101 71 149 151 209 
55 145 109 7 133 191 
82 251 105 102 174 47 
44 155 117 129 138 49 
107 131 181 83 182 117 
1 215 90 96 100 145 
7 69 31 35 111 52 
18 39 21 180 161 10 
2 227 74 232 142 74 
22 87 135 59 170 19 
24 186 27 247 114 239 
3 153 69 147 175 47 
43 220 44 205 80 130 
10 24 42 3 134 220 
11 121 47 207 139 245 
59 22 113 177 178 68 
45 200 74 116 145 142 
8 227 67 118 174 142 
38 88 41 136 167 229 
105 60 107 52 158 194 
9 22 15 221 76 22 
118 151 128 86 130 73 
28 17 65 95 184 45 
35 35 49 214 142 143 
22 48 152 66 157 52 
101 52 116 68 125 175 
21 243 84 138 89 15 
90 70 169 76 181 175 
100 90 127 140 161 105 
26 20 68 144 124 132 
62 81 110 33 144 104 
138 112 141 215 154 187 
29 82 75 181 165 184 
13 79 133 62 162 12 
32 238 70 223 176 221 
27 231 132 161 137 69 
83 237 151 198 183 244 
53 173 54 251 149 251 
99 17 103 186 177 225 
97 61 140 20 159 147 
123 27 126 253 168 150 
33 170 96 142 135 192 
61 69 66 249 182 83 
71 111 98 58 180 96 
14 54 82 71 136 61 
30 216 36 211 73 87 
60 101 115 64 147 158 
51 11 79 154 163 220 
129 31 146 237 172 168 
31 230 39 100 102 23 
77 58 88 10 122 50 
16 208 17 57 179 118 
37 98 164 46 166 29 
24 138 81 110 117 44 
69 161 112 73 173 33 
1 49 6 103 50 137 
34 208 72 206 150 36 
111 53 121 140 153 108 
25 83 55 147 106 168 
5 190 23 163 160 136 
40 163 87 143 95 229 
91 34 119 120 120 26 
56 100 78 224 131 76 
57 103 104 8 109 140 
18 74 20 20 94 141 
7 160 18 35 86 111 
48 25 58 128 143 104 
12 14 92 155 93 84 
2 255 19 92 156 29 
49 50 63 236 155 210 
64 113 127 172 171 100 
4 107 85 175 148 251 
62 36 167 214 273 76 305 189 424 141 552 89 626 141 718 16 751 128 854 215 904 49 
50 221 181 122 222 235 282 205 416 252 524 78 636 67 687 230 759 155 857 227 917 255 
85 241 141 30 224 209 283 33 461 42 466 111 617 70 674 231 749 71 807 167 860 153 
76 165 122 230 267 143 318 200 453 169 486 99 499 240 718 40 770 151 829 174 920 107 
16 58 147 239 256 245 318 174 407 45 505 243 604 44 680 84 781 144 845 12 908 190 
11 24 131 94 242 234 350 95 444 117 554 204 594 229 649 65 765 119 842 9 904 103 
20 201 152 250 234 68 342 196 433 227 551 26 641 226 726 237 751 34 855 69 914 160 
73 121 163 206 279 249 360 109 387 239 496 43 558 61 725 207 768 110 846 168 866 227 
17 20 151 121 202 128 322 85 443 213 549 7 643 143 716 175 766 39 809 133 869 22 
46 107 172 212 250 148 297 117 436 83 492 220 502 235 695 240 792 12 824 153 862 24 
83 42 121 221 205 216 327 106 399 201 500 129 598 207 694 136 783 8 814 154 863 121 
46 237 160 105 261 188 299 178 411 83 494 226 631 151 685 245 769 135 814 124 916 14 
60 95 152 106 238 155 279 137 382 36 539 14 609 77 681 77 787 38 802 182 882 79 
56 201 133 216 212 94 353 42 439 97 525 168 593 156 674 117 747 84 836 141 893 54 
64 163 95 154 198 157 355 144 426 251 512 200 590 56 687 29 796 124 840 127 869 221 
61 239 136 255 227 131 313 245 395 203 533 143 644 176 707 166 771 241 824 48 900 208 
80 152 114 19 260 68 351 211 375 252 488 201 617 109 696 214 751 86 817 137 900 57 
3 127 118 121 200 91 337 248 406 236 556 37 594 25 676 167 793 254 856 39 913 74 914 35 
18 21 153 90 210 112 361 228 384 71 482 23 578 39 664 107 793 48 809 198 917 92 
48 249 180 2 214 40 297 238 403 89 531 61 562 186 661 30 787 70 844 65 913 20 
74 252 135 88 272 45 288 32 421 163 507 251 528 212 665 205 779 7 856 180 875 243 
28 116 168 128 263 140 312 78 435 183 466 208 564 54 688 59 773 36 858 87 873 48 
58 225 179 144 243 55 329 138 392 254 468 70 561 246 729 242 779 226 814 8 908 163 
2 236 148 91 275 16 325 93 439 107 506 203 578 207 660 196 791 88 859 186 902 138 
34 159 146 82 259 196 341 154 441 104 485 88 638 84 684 86 766 52 808 226 907 83 
8 29 155 254 200 221 331 145 431 72 497 13 598 102 723 71 747 142 821 7 878 20 
68 110 109 94 213 92 326 28 376 141 467 239 574 107 725 57 790 62 859 247 884 231 
35 204 140 12 212 40 300 120 374 67 550 52 600 133 711 14 757 186 819 18 871 17 
51 36 160 212 185 99 346 106 414 38 487 126 599 116 708 187 767 3 823 94 881 82 
6 121 112 3 258 47 301 191 438 198 464 35 625 86 701 230 753 241 844 131 894 216 
27 194 108 55 231 94 353 143 399 95 476 111 612 222 682 244 777 33 855 35 898 230 
15 250 168 240 234 192 338 85 427 14 485 165 597 148 729 64 740 8 822 31 883 238 
53 77 161 175 237 107 299 207 433 98 483 68 602 190 722 79 750 118 825 112 890 170 
68 165 93 157 265 83 345 135 440 31 481 93 622 221 699 60 773 198 802 36 905 208 
70 228 106 236 243 251 293 77 315 236 488 10 559 126 703 100 752 6 808 41 872 35 
39 70 146 57 187 213 249 34 410 181 532 204 587 228 732 154 785 102 831 79 894 211 
23 201 118 1 270 158 356 151 412 98 462 240 633 113 710 122 739 181 817 144 901 98 
67 111 179 200 250 74 321 157 384 186 545 195 576 161 689 234 749 25 805 174 867 88 
87 12 107 192 235 175 362 133 393 188 539 253 563 158 651 214 754 85 827 121 898 100 
57 187 109 241 274 8 337 219 449 26 474 98 542 5 703 156 772 73 837 49 909 163 
30 59 127 182 201 230 365 180 441 243 506 39 546 10 730 159 799 212 849 101 867 136 
83 121 110 8 218 123 296 236 415 9 543 245 637 25 657 241 753 125 846 6 862 3 
75 103 125 218 221 19 307 109 456 202 509 169 605 219 691 90 770 91 818 49 861 220 
37 73 169 98 244 93 312 100 430 182 513 38 630 7 739 9 786 51 852 155 861 205 
36 51 183 205 231 112 361 225 372 176 491 142 603 97 731 173 778 106 839 80 865 200 
31 173 116 108 191 51 287 73 432 20 470 60 626 240 720 134 781 179 803 154 
35 34 115 106 236 46 332 185 428 176 492 7 642 140 666 119 791 33 830 56 863 207 
26 205 133 172 208 135 306 173 422 133 533 34 567 231 667 55 756 221 841 88 915 25 
39 90 121 84 271 26 309 226 418 168 513 72 588 138 698 24 748 214 826 27 872 214 918 50 
17 175 106 62 219 35 366 196 417 24 490 174 591 109 658 94 782 204 847 4 904 137 
54 44 176 25 223 120 333 180 404 124 511 202 597 145 723 185 775 138 847 225 896 11 
4 26 166 162 194 34 328 65 430 164 498 130 612 235 677 130 768 230 811 223 
88 185 173 68 269 31 305 47 404 88 536 206 621 222 686 73 753 8 845 249 886 173 
43 118 183 224 253 54 281 143 379 135 467 72 632 67 737 81 746 82 836 162 886 251 
65 22 119 223 225 89 348 118 378 38 462 159 629 23 678 95 760 34 850 145 907 147 
67 166 98 208 199 214 358 88 442 178 530 10 635 198 655 38 763 148 798 152 911 100 
52 233 111 144 229 42 336 58 450 155 508 208 584 73 702 218 788 65 809 35 912 103 
19 48 170 113 252 49 331 159 387 52 473 174 640 83 666 43 763 88 817 195 915 128 
74 34 169 68 223 237 287 234 419 117 554 61 590 74 711 21 746 25 831 112 864 22 
50 189 119 55 233 92 354 251 457 78 483 143 559 96 706 190 801 133 845 243 895 101 
29 238 103 119 278 1 334 127 382 7 510 223 566 191 675 80 743 19 813 221 891 69 
82 175 139 66 226 128 323 25 409 125 477 207 566 155 735 215 790 122 830 136 879 81 
75 247 134 63 215 96 319 59 385 248 505 216 613 145 738 210 743 113 836 247 918 236 
38 237 163 185 259 22 286 158 372 163 521 69 565 46 680 20 783 175 828 52 919 113 
41 216 161 32 246 186 313 20 388 27 496 243 577 208 712 209 742 166 797 81 871 95 
91 244 130 169 262 5 352 243 380 242 547 107 614 85 656 197 793 20 823 30 891 249 
45 143 101 146 261 67 316 165 413 19 538 205 620 6 679 113 789 16 821 157 866 118 
14 245 159 136 260 42 328 84 444 116 529 8 567 27 647 149 792 67 812 150 878 144 
21 192 94 220 190 118 284 99 378 235 546 12 600 31 683 20 798 167 860 147 903 161 
72 41 166 100 207 12 285 109 414 76 557 212 607 215 728 254 744 83 816 242 883 223 
86 65 129 57 264 204 338 140 396 108 514 123 640 100 675 112 780 150 849 149 892 111 
64 233 158 96 258 209 347 72 420 158 541 212 604 66 651 239 736 141 772 167 905 206 
79 180 164 43 199 250 339 35 385 242 412 199 611 129 692 59 768 122 848 4 894 87 
73 23 184 60 240 149 364 46 392 60 484 80 580 44 654 135 780 7 857 232 865 116 
60 71 115 142 201 106 324 229 447 233 504 51 619 225 709 246 775 130 833 44 881 181 
9 54 150 192 214 225 335 188 400 138 458 42 570 103 672 72 771 210 806 23 869 22 
56 175 112 236 244 241 370 231 405 188 493 249 589 247 676 204 755 195 839 92 899 58 
49 211 175 30 229 224 350 175 437 234 495 236 629 57 693 74 796 95 830 186 911 224 
21 26 110 118 215 175 363 98 383 4 507 24 579 49 661 211 744 148 842 39 896 154 
24 144 97 110 227 207 324 134 420 139 465 231 574 226 685 140 744 240 808 213 861 130 
66 236 114 255 228 141 330 24 370 117 463 60 613 232 699 10 758 126 815 63 902 110 
80 177 98 210 213 82 288 38 373 189 535 42 595 40 704 79 741 223 851 251 893 71 
40 249 173 214 190 5 349 72 394 41 501 104 603 87 722 130 770 225 835 244 885 237 
81 165 107 124 255 7 277 134 403 12 490 83 577 100 717 109 791 207 829 3 875 138 
88 170 120 8 230 114 309 255 376 208 524 172 633 157 669 251 778 239 842 189 920 175 
76 152 148 64 246 126 340 206 415 44 475 96 623 206 650 177 784 28 796 38 914 111 
7 171 142 56 232 194 349 81 450 27 519 101 586 241 653 117 742 57 800 185 909 143 
23 25 150 30 188 49 327 152 427 134 552 66 573 144 736 113 795 253 834 25 899 10 
28 199 97 18 218 78 321 87 425 173 478 228 570 135 673 37 777 173 837 143 875 15 
32 168 181 222 204 14 307 131 443 225 474 69 631 22 701 102 749 215 854 96 876 70 
72 242 125 151 273 226 359 227 437 16 548 236 644 64 681 163 755 69 805 101 910 34 
47 51 142 150 195 178 291 142 432 150 544 30 642 14 652 192 782 12 805 236 916 155 
52 72 128 211 186 175 296 186 375 213 522 152 581 123 732 20 787 88 840 139 916 84 
34 204 99 74 197 63 291 248 416 175 557 26 571 182 692 39 756 47 843 150 913 141 
59 101 99 114 209 38 330 97 380 167 543 195 563 164 679 158 741 188 799 19 909 229 
42 176 124 82 206 160 300 190 373 4 521 31 599 68 693 90 748 38 837 126 890 142 
45 212 137 244 216 97 345 28 447 133 529 227 568 219 643 53 781 238 838 5 888 61 
82 24 156 91 235 109 348 62 452 210 498 47 518 21 671 51 765 105 841 139 892 58 
49 107 102 2 257 187 317 206 436 198 476 18 601 85 669 188 758 177 820 60 887 17 
4 144 153 124 232 252 310 74 395 94 531 191 595 20 659 79 780 50 854 145 877 90 
30 197 120 216 248 120 323 193 381 246 522 135 596 109 659 207 784 111 825 204 874 52 
42 197 104 149 193 109 303 119 435 173 547 27 619 7 667 15 752 29 806 3 898 23 
70 108 127 136 256 140 343 200 419 109 510 235 583 229 707 144 769 190 832 100 887 186 
78 212 164 29 257 35 334 116 459 113 470 24 565 241 717 87 737 239 825 12 912 8 
69 190 145 6 195 101 346 85 396 178 464 58 569 114 712 85 795 150 851 102 868 60 
40 44 170 145 198 55 292 42 460 100 516 239 582 222 728 56 775 167 803 152 907 168 
78 129 105 214 266 140 306 58 451 193 523 61 630 81 715 69 785 169 853 131 868 52 
53 236 126 146 189 221 339 205 455 16 540 78 593 13 724 65 752 143 812 61 
71 177 177 249 205 24 368 83 398 6 463 78 624 62 721 193 763 29 850 7 912 140 
27 192 165 8 216 15 294 185 454 21 520 85 645 198 705 177 786 217 844 37 879 33 
24 92 178 228 202 230 304 17 386 236 544 195 635 35 663 197 776 213 855 52 906 53 
86 18 124 197 241 55 368 65 408 216 486 118 586 65 697 39 762 206 816 127 903 73 
15 19 105 106 192 250 351 54 394 250 480 197 562 79 708 161 759 114 799 241 864 177 
92 69 116 71 225 137 311 76 401 124 484 40 627 118 645 180 789 193 824 149 859 239 
3 169 117 22 239 100 367 29 423 225 549 199 558 131 689 21 773 15 820 188 895 64 
90 140 94 217 274 220 314 65 388 49 471 154 584 211 668 98 783 216 812 85 874 68 
11 92 144 249 251 102 276 22 381 153 527 225 606 112 695 245 760 57 852 129 902 44 
26 126 143 199 204 24 362 107 442 58 519 250 606 222 650 98 740 233 813 46 870 151 
54 101 101 13 186 36 364 30 449 197 540 254 569 204 671 178 734 152 828 83 910 120 
13 19 157 109 247 170 298 154 397 138 479 89 632 123 653 122 786 73 806 69 910 26 
85 101 174 122 217 69 329 50 445 191 501 76 637 52 649 21 797 129 843 62 906 140 
19 68 156 1 267 31 344 254 448 150 494 194 579 132 664 180 761 83 807 156 899 50 
90 39 165 106 242 215 352 75 425 64 516 114 611 107 700 183 774 212 820 70 889 27 
16 36 128 217 222 200 357 191 389 118 487 81 592 164 660 180 794 144 818 71 878 132 
32 135 136 57 241 56 292 70 410 166 468 206 610 88 646 58 741 89 761 168 874 175 
25 126 177 146 224 31 354 49 379 184 503 42 608 58 677 138 772 8 822 70 889 253 
55 56 93 125 189 222 311 82 431 7 480 114 623 46 738 221 774 26 841 124 877 140 919 172 
91 139 151 248 188 110 310 164 446 144 473 213 592 153 737 15 777 1 816 112 870 86 
89 38 140 151 245 56 308 32 391 245 555 148 636 201 656 71 785 245 847 92 897 31 
14 79 134 199 220 208 341 186 401 46 469 213 576 125 714 22 767 89 802 95 870 73 
81 144 149 35 203 158 357 23 424 17 493 144 575 49 709 169 757 119 826 197 911 76 
44 124 129 35 272 100 294 25 456 131 545 125 639 208 706 225 776 172 823 10 884 161 
13 141 176 139 280 133 344 212 422 227 478 204 596 66 713 18 764 113 850 191 882 62 
25 53 117 46 208 35 316 224 460 52 528 115 618 235 726 255 778 247 815 64 862 220 
44 90 155 71 194 131 365 50 402 62 515 130 616 41 648 204 761 176 858 59 890 192 
22 52 138 92 191 163 302 255 398 247 542 193 628 12 688 38 794 44 829 77 893 61 
31 17 123 209 239 76 303 136 389 170 537 176 585 166 731 26 760 186 811 210 884 69 
87 118 135 114 187 135 289 221 386 150 495 72 628 3 713 141 759 138 852 49 880 112 
55 159 178 8 268 16 283 183 407 97 548 140 614 141 739 117 750 74 827 88 863 245 
47 188 141 104 248 35 295 194 406 231 472 20 634 138 715 3 745 101 818 192 888 20 
10 213 172 77 221 31 360 174 405 137 555 85 560 90 670 135 756 63 803 30 880 215 
22 118 182 146 262 152 286 255 438 78 518 4 641 220 719 63 792 33 857 74 872 143 
62 140 96 22 206 194 217 193 429 134 471 84 639 57 690 253 766 96 832 136 915 104 
8 137 162 212 263 115 308 93 393 143 491 96 607 29 702 177 798 182 832 83 879 104 
51 151 95 20 211 244 326 186 390 231 508 20 605 203 727 16 747 34 822 108 865 142 
65 205 158 87 271 45 278 69 413 4 482 20 509 73 696 192 797 2 833 206 897 237 
18 181 100 227 266 2 290 187 429 43 504 199 625 115 710 123 721 20 821 102 895 158 
37 92 132 131 219 159 284 59 411 90 514 204 585 200 719 166 738 147 834 200 920 251 
89 110 137 198 196 210 359 77 400 153 515 164 588 246 668 167 740 135 815 152 886 251 
1 52 122 127 207 14 358 35 454 56 551 130 581 253 670 37 746 239 801 176 905 36 
41 201 102 87 197 89 333 202 409 135 481 112 608 120 672 66 794 187 849 209 885 198 
12 139 100 38 185 232 320 52 391 22 489 240 618 128 720 24 765 219 804 62 873 66 
36 150 145 176 270 248 280 65 417 220 550 180 622 92 646 211 745 226 813 150 906 108 
63 155 184 65 193 194 320 209 377 1 475 124 541 208 662 64 745 154 826 82 880 187 
58 178 154 52 251 118 301 16 459 108 497 36 568 27 683 171 790 124 840 27 918 210 
71 184 154 56 247 181 285 59 428 62 532 194 583 56 724 159 776 237 834 137 917 29 
69 46 159 89 233 102 325 144 434 135 534 151 582 193 698 226 800 29 827 103 873 52 
63 10 108 81 277 48 319 200 457 29 556 198 620 58 697 107 730 252 807 5 868 194 
92 239 144 70 209 203 290 18 453 235 512 157 602 248 663 133 743 53 819 237 888 147 
33 189 162 103 230 88 237 135 408 162 523 236 572 30 658 214 774 236 846 158 908 136 
79 124 182 176 269 81 332 46 461 154 538 43 615 20 648 150 767 16 856 10 877 105 
66 75 104 62 254 34 304 140 390 167 520 94 615 52 684 167 742 113 804 132 882 12 
43 166 139 226 192 72 322 155 374 224 517 191 580 171 673 28 755 157 800 39 896 220 
9 16 131 159 238 24 282 60 371 160 525 141 624 171 662 23 779 235 811 224 901 46 
57 16 147 146 210 27 342 243 397 89 477 22 616 165 657 134 762 179 835 37 881 184 
38 187 143 9 265 57 315 14 383 25 489 100 575 119 700 139 764 236 810 127 901 29 
1 157 132 63 240 148 295 197 458 162 553 87 621 182 647 158 754 71 843 36 867 229 
12 106 113 236 249 245 369 58 446 140 472 247 511 84 733 27 789 185 835 224 889 150 
2 225 138 81 196 180 366 225 426 152 530 249 601 26 654 111 795 177 810 49 876 76 
77 145 171 181 268 187 335 59 452 246 535 106 591 154 705 11 788 103 833 95 858 19 
48 187 111 186 252 228 302 27 445 4 465 142 589 149 714 165 735 45 801 95 919 100 
20 246 96 149 275 88 289 23 440 1 526 148 634 24 734 134 771 132 848 213 897 168 
84 13 174 223 211 159 317 62 402 10 517 35 573 151 652 32 764 192 831 160 903 33 
7 107 103 227 203 91 245 87 448 198 469 122 503 38 716 228 750 115 851 47 866 142 
10 242 123 250 226 9 355 39 455 149 500 227 638 230 704 225 754 31 838 140 860 47 
29 171 180 206 228 66 340 27 423 48 536 180 587 186 682 8 782 118 838 94 883 221 
5 188 171 211 220 94 347 230 451 23 527 130 610 165 686 138 757 15 848 13 887 225 
5 136 175 167 264 207 293 154 367 115 479 146 571 103 694 149 733 138 839 214 864 68 
6 229 126 193 253 110 336 187 369 1 499 55 609 97 665 184 748 153 810 72 900 118 
33 44 157 14 254 10 363 253 371 211 534 44 560 96 690 218 784 152 819 140 892 96 
61 212 149 179 276 215 356 30 421 4 553 112 564 228 727 197 762 19 853 83 876 175 
77 198 113 145 236 146 314 151 434 29 537 50 561 85 691 112 758 83 853 117 891 83 
84 137 130 189 255 18 298 46 418 30 526 131 627 250 655 151 769 180 804 177 885 244 
59 84 167 216 281 150 343 40 377 231 502 20 572 235 678 22 788 126 828 229 871 45 
