1020 284 256
3 9
2 2 2 2 2 2 2 2 2 2 2 2 2 2 2 2 2 2 2 2 2 2 2 2 2 2 2 2 2 2 2 2 2 2 2 2 2 2 2 2 2 2 2 2 2 2 2 2 2 2 2 2 2 2 2 2 2 2 2 2 2 2 2 2 2 2 2 2 2 2 2 2 2 2 2 2 2 2 2 2 2 2 2 2 2 2 2 2 2 2 2 2 2 2 2 2 2 2 2 2 2 2 2 2 2 2 2 2 2 2 2 2 2 2 2 2 2 2 2 2 2 2 2 2 2 2 2 2 2 2 2 2 2 2 2 2 2 2 2 2 2 2 2 2 2 2 2 2 2 2 2 2 2 2 2 2 2 2 2 2 2 2 2 2 2 2 2 2 2 2 2 2 2 2 2 2 2 2 2 2 2 2 2 2 2 2 2 2 2 2 2 2 2 2 2 2 2 2 2 2 2 2 2 2 2 2 2 2 2 2 2 2 2 2 2 2 2 2 2 2 2 2 2 2 2 2 2 2 2 2 2 2 2 2 2 2 2 2 2 2 2 2 2 2 2 2 2 2 2 2 2 2 2 2 2 2 2 2 2 2 2 2 2 2 2 2 2 2 2 2 2 2 2 2 2 2 2 2 2 2 2 2 2 2 2 2 2 2 2 2 2 2 2 2 2 2 2 2 2 2 2 2 2 2 2 2 2 2 2 2 2 2 2 2 2 2 2 2 2 2 2 2 2 2 2 2 2 2 2 2 2 2 2 2 2 2 2 2 2 2 2 2 2 2 2 2 2 2 2 2 2 2 2 2 2 2 2 2 2 2 2 2 2 2 2 2 2 2 2 2 2 2 2 2 2 2 2 2 2 2 2 2 2 2 2 2 2 2 2 2 2 2 2 2 2 2 2 2 2 2 2 2 2 2 2 2 2 2 2 2 2 2 2 2 2 2 2 2 2 2 2 2 2 2 2 2 2 2 2 2 2 2 2 2 2 2 2 2 2 2 2 2 2 2 2 2 2 2 2 2 2 2 2 2 2 2 2 2 2 2 2 2 2 2 2 2 2 2 2 2 2 2 2 2 2 2 2 2 2 2 2 2 2 2 2 2 2 2 2 2 2 2 2 2 2 2 2 2 2 2 2 2 2 2 2 2 2 2 2 2 2 2 2 2 2 2 2 2 2 2 2 2 2 2 2 2 2 2 2 2 2 2 2 2 2 2 2 2 2 2 2 2 2 2 2 2 2 2 2 2 2 2 2 2 2 2 2 2 2 2 2 2 2 2 2 2 2 2 2 2 2 2 2 2 2 2 2 2 2 2 2 2 2 2 2 2 2 2 2 2 2 2 2 2 2 2 2 2 2 2 2 2 2 2 2 2 2 2 2 2 2 2 2 2 2 2 2 2 2 2 2 2 2 2 2 2 2 2 2 2 2 2 2 2 2 2 2 2 2 2 2 2 2 2 2 2 2 2 2 2 2 2 2 2 2 2 2 2 2 2 2 2 2 2 2 2 2 2 2 2 2 2 2 2 2 2 2 2 2 2 2 2 2 2 2 2 2 2 2 2 2 2 2 2 2 2 2 2 2 2 2 2 2 2 2 2 2 2 2 2 2 2 2 2 2 2 2 2 2 2 2 2 2 2 2 2 2 2 2 2 2 2 2 2 2 2 2 2 2 2 2 2 2 2 2 2 2 2 2 2 2 2 2 2 2 2 2 2 2 2 2 2 2 2 2 2 2 2 2 2 2 2 2 2 2 2 2 2 2 2 2 2 2 2 2 2 2 2 2 2 2 2 2 2 2 2 2 2 2 2 2 2 2 2 2 2 2 2 2 2 2 2 2 2 2 2 3 3 3 3 3 3 3 3 3 3 3 3 3 3 3 3 3 3 3 3 3 3 3 3 3 3 3 3 3 3 3 3 3 3 3 3 3 3 3 3 3 3 3 3 3 3 3 3 3 3 3 3 3 3 3 3 3 3 3 3 3 3 3 3 3 3 3 3 3 3 3 3 3 3 3 3 3 3 3 3 3 3 3 3 3 3 3 3 3 3 3 3 3 3 3 3 3 3 3 3 3 3 3 3 3 3 3 3 3 3 3 3 3 3 3 3 3 3 3 3 3 3 3 3 3 3 3 3 3 3 3 3 3 3 3 3 3 3 3 3 3 3 3 3 3 3 3 3 3 3 3 3 3 3 3 3 3 3 3 3 3 3 3 3 3 3 3 3 3 3 3 3 3 3 3 3 3 3 3 3 3 3 3 3 3 3 3 3 3 3 3 3 3 3 3 3 3 3 3 3 3 3 3 3 
8 8 8 8 8 8 8 8 8 7 8 8 7 8 9 8 8 9 8 7 7 8 8 8 8 8 8 8 8 8 8 8 8 7 7 8 8 8 8 8 8 8 8 7 7 7 8 8 7 8 8 8 8 7 8 8 8 8 7 8 8 8 8 8 8 8 8 7 8 8 8 8 8 8 8 8 8 8 8 8 8 7 8 8 8 8 8 8 8 8 8 9 8 9 8 8 8 8 8 8 8 8 7 8 7 8 9 8 8 8 8 8 8 8 8 8 7 8 8 7 8 8 8 8 8 8 8 8 8 8 8 8 8 8 8 7 8 8 8 8 8 8 8 8 8 8 8 8 8 8 8 8 8 8 8 8 8 8 7 8 8 8 8 8 8 8 8 8 8 8 8 8 8 8 8 8 8 8 8 7 8 8 7 8 8 8 7 8 8 8 8 7 8 8 8 8 7 8 7 8 8 7 8 7 8 8 8 8 8 7 8 8 8 8 8 8 8 8 8 8 8 8 8 8 8 8 8 8 8 8 8 8 8 8 8 8 8 8 8 8 8 8 8 8 8 8 8 7 7 8 7 8 8 8 8 8 8 8 8 8 7 8 8 8 8 8 8 7 8 8 8 8 8 8 8 8 8 8 9 8 8 8 8 8 
9 230 244 206 
67 48 241 71 
17 31 214 81 
54 215 200 62 
147 77 283 99 
79 73 153 81 
108 111 145 196 
133 156 148 175 
44 87 62 26 
174 76 185 234 
52 143 249 129 
152 80 277 137 
83 250 269 46 
173 203 221 85 
19 116 168 35 
141 83 256 101 
151 86 227 228 
127 116 187 78 
159 1 211 135 
33 228 140 38 
75 78 263 214 
150 159 167 120 
71 150 266 3 
158 209 259 152 
194 78 209 41 
37 38 276 91 
21 88 114 132 
29 224 275 6 
129 37 162 92 
60 111 183 200 
68 20 198 210 
180 75 272 27 
206 120 274 45 
137 220 217 238 
117 116 179 43 
84 188 116 215 
190 119 233 147 
86 38 186 100 
40 96 132 136 
26 171 81 7 
193 208 246 1 
235 101 267 229 
134 253 175 91 
149 239 281 238 
171 133 239 27 
4 165 123 151 
61 254 144 147 
25 106 120 16 
45 166 88 9 
28 83 110 156 
207 118 220 245 
216 194 260 188 
89 71 248 82 
69 150 136 254 
10 104 42 38 
46 207 261 29 
27 50 234 63 
39 238 240 55 
55 163 165 72 
222 110 225 43 
22 254 48 145 
92 64 166 48 
74 242 224 79 
172 176 195 77 
197 191 264 195 
31 95 163 167 
124 164 135 64 
59 61 212 25 
53 239 72 94 
5 249 250 108 
8 112 112 32 
15 204 280 239 
178 93 188 220 
94 215 122 242 
3 5 58 64 
16 126 245 76 
93 137 236 138 
170 65 257 121 
73 231 252 100 
115 228 271 216 
119 243 251 62 
2 217 157 159 
105 71 204 174 
34 224 161 125 
1 157 268 228 
78 20 196 73 
184 75 213 213 
82 61 139 140 
18 230 192 146 
113 39 258 195 
99 211 255 250 
7 177 262 121 
199 19 229 34 
35 216 237 12 
138 147 191 117 
87 178 126 235 
47 60 91 197 
130 29 182 202 
160 46 218 84 
49 33 121 87 
77 254 219 91 
189 148 232 17 
90 247 131 139 
63 209 238 109 
11 46 156 4 
57 147 128 250 
270 179 273 195 
109 135 202 250 
70 218 118 41 
6 100 80 242 
38 53 181 113 
56 22 247 51 
164 175 177 128 
23 248 64 172 
169 18 226 69 
20 148 201 119 
125 132 279 73 
13 99 210 249 
101 200 205 24 
30 73 228 51 
24 56 155 71 
107 239 111 191 
76 242 223 188 
66 82 231 220 
43 109 282 74 
36 158 98 242 
230 90 265 133 
203 44 242 184 
96 239 142 232 
50 28 254 94 
176 63 253 101 
95 30 103 228 
65 46 146 254 
32 69 97 223 
41 157 100 224 
85 61 154 32 
12 216 106 212 
243 72 278 61 
104 4 143 23 
51 1 215 127 
14 102 102 111 
208 125 284 76 
67 81 279 222 
267 209 278 191 
19 174 56 199 
121 203 154 215 
132 133 179 168 
143 118 225 89 
162 229 202 10 
44 11 178 109 
262 111 280 94 
52 130 205 18 
35 121 243 141 
14 255 210 22 
17 135 183 187 
49 6 259 166 
26 59 89 215 
61 72 190 4 
10 244 275 19 
138 61 180 195 
18 121 114 66 
65 201 177 177 
111 114 176 200 
227 87 248 182 
199 149 221 195 
118 255 182 8 
24 70 106 31 
113 44 124 67 
69 38 79 150 
212 194 250 159 
9 57 220 80 
156 176 165 236 
73 230 110 167 
86 37 232 252 
139 172 224 193 
128 184 238 21 
27 225 193 84 
159 152 277 213 
31 106 59 191 
6 9 20 54 
96 20 158 66 
174 255 242 106 
62 124 169 196 
76 171 188 18 
94 112 148 34 
38 6 129 23 
112 143 283 113 
21 251 85 85 
160 12 214 210 
92 35 141 13 
186 24 219 66 
41 169 203 174 
104 121 258 14 
150 108 281 33 
234 234 270 44 
119 117 233 31 
102 137 125 151 
66 154 204 34 
48 218 70 231 
8 111 81 178 
157 196 266 125 
71 224 228 61 
3 241 200 225 
95 124 222 4 
91 2 218 57 
58 80 108 236 
60 195 163 145 
45 60 120 120 
5 81 130 51 
1 228 15 254 
54 20 63 233 
75 213 181 10 
166 141 170 192 
101 180 282 183 
42 159 249 250 
152 47 235 149 
7 203 83 75 
209 217 284 105 
68 3 192 67 
36 225 168 236 
131 245 236 235 
29 242 175 246 
39 186 195 42 
145 196 253 98 
88 133 99 190 
149 82 201 31 
100 48 135 82 
4 158 172 107 
167 52 265 14 
98 121 142 130 
46 31 241 26 
28 55 136 114 
144 25 226 252 
164 154 215 255 
47 53 57 191 
123 67 134 251 
264 12 273 246 
90 222 254 152 
161 106 184 128 
239 249 247 182 
2 251 155 43 
107 133 127 236 
40 151 198 95 
117 118 187 59 
22 213 37 25 
116 228 146 217 
97 235 256 133 
55 165 197 254 
43 5 237 8 
103 237 211 50 
16 139 133 180 
151 143 191 59 
255 250 276 181 
53 33 109 123 
217 252 274 71 
206 48 268 249 
93 27 208 50 
12 239 194 245 
213 130 231 254 
25 154 50 137 
140 93 244 152 
80 82 105 126 
64 22 269 31 
33 184 122 25 
13 47 185 253 
137 189 189 221 
72 97 246 211 
153 33 207 98 
30 31 173 147 
34 51 252 234 
240 188 257 82 
11 113 171 158 
87 244 272 226 
74 209 251 122 
82 198 115 159 
126 143 216 75 
78 173 263 6 
32 237 84 121 
51 41 260 200 
229 88 230 101 
223 183 245 34 
77 230 147 225 
23 8 271 216 
196 228 261 3 
86 200 187 101 
81 161 167 165 
44 71 277 177 
99 202 243 49 
78 56 238 162 
73 67 197 69 
166 48 241 252 
164 174 220 200 
15 254 244 144 
7 1 194 193 
132 106 205 207 
163 14 280 192 
72 171 276 252 
77 129 203 60 
96 153 224 248 
80 1 144 160 
189 149 247 3 
49 216 261 41 
4 165 16 112 
165 161 228 17 
8 110 118 187 
50 14 141 189 
104 72 215 60 
226 207 253 121 
98 168 180 192 
155 47 210 2 
33 229 162 113 
32 104 127 93 
30 21 134 117 
28 108 154 186 
204 113 262 7 
43 23 106 69 
3 213 185 250 
47 148 249 76 
128 109 222 16 
21 30 130 248 
131 14 230 221 
82 211 246 98 
54 209 206 236 
38 204 227 152 
168 202 208 87 
45 52 124 195 
52 28 281 149 
23 69 195 54 
160 208 234 150 
146 92 270 55 
159 4 236 14 
102 6 109 90 
68 230 94 95 
196 139 223 57 
135 234 184 54 
112 102 119 97 
61 84 156 20 
93 233 273 84 
39 56 242 176 
59 81 254 29 
157 123 216 142 
20 36 279 169 
25 135 275 230 
87 151 198 53 
75 129 284 96 
79 156 267 154 
12 133 85 220 
35 212 190 42 
62 109 115 246 
14 82 183 91 
48 226 56 182 
58 165 265 154 
76 177 213 252 
175 120 209 21 
2 105 188 226 
19 6 257 251 
251 135 256 25 
191 122 278 169 
108 84 136 170 
103 2 192 245 
239 51 258 92 
65 103 174 15 
89 199 266 157 
86 30 229 144 
218 1 233 142 
36 193 176 26 
53 19 221 70 
139 49 143 194 
193 96 268 14 
17 228 113 16 
57 90 252 189 
274 58 282 99 
42 71 202 172 
123 155 153 133 
13 83 158 213 
22 227 66 20 
110 91 147 58 
97 160 133 200 
161 128 199 255 
122 228 171 43 
140 138 178 250 
212 25 225 232 
6 44 116 68 
37 197 40 24 
1 15 107 89 
114 74 214 187 
150 216 269 142 
25 54 126 218 
149 36 235 164 
77 95 272 4 
237 160 240 154 
100 39 201 202 
148 242 200 117 
173 84 182 113 
34 156 170 56 
83 226 95 24 
26 129 217 39 
101 23 215 55 
70 222 238 90 
67 91 71 173 
60 79 172 196 
92 47 169 23 
74 156 231 151 
9 177 91 91 
10 172 111 161 
46 79 179 6 
51 121 145 29 
120 122 259 73 
24 109 186 114 
151 164 250 131 
105 50 227 38 
84 45 255 29 
245 194 264 11 
83 247 88 117 
54 33 152 90 
41 171 75 71 
55 180 96 125 
90 29 207 236 
5 243 174 210 
27 120 138 140 
177 76 213 146 
260 207 263 73 
125 5 211 106 
117 55 250 124 
18 111 181 217 
11 55 69 255 
121 152 248 60 
144 84 219 193 
64 79 129 17 
31 237 283 67 
61 171 63 61 
232 197 271 152 
142 41 207 121 
29 68 137 74 
88 67 200 248 
1 100 30 221 
94 5 252 225 
16 118 81 70 
18 219 188 110 
112 186 211 59 
48 34 210 245 
38 25 55 175 
136 6 183 198 
34 213 191 28 
116 216 239 15 
118 18 124 232 
216 200 280 220 
121 237 277 212 
29 69 177 40 
110 76 255 121 
52 131 228 56 
126 22 235 74 
246 77 261 191 
178 179 212 206 
175 43 283 125 
23 227 198 174 
21 197 256 76 
27 236 155 173 
14 28 92 38 
161 202 163 17 
57 178 106 36 
162 159 274 188 
10 112 264 238 
53 152 168 206 
90 52 206 110 
8 32 187 3 
242 105 249 68 
107 132 166 225 
49 210 91 131 
141 10 165 68 
37 165 131 144 
41 231 133 61 
20 255 244 1 
67 176 231 30 
152 215 258 226 
151 109 275 201 
139 15 167 205 
127 119 259 176 
222 251 267 146 
101 140 147 117 
13 244 271 154 
223 65 237 191 
15 103 251 222 
100 123 115 113 
58 45 244 196 
179 125 194 209 
153 187 232 228 
102 254 263 233 
257 189 260 148 
45 93 93 177 
7 182 247 21 
214 128 217 165 
44 47 209 141 
46 236 172 163 
69 109 208 203 
192 76 221 166 
4 39 80 72 
66 248 160 241 
150 157 170 105 
47 173 226 204 
145 139 182 83 
35 51 89 10 
6 171 114 124 
70 76 220 247 
122 131 158 12 
85 95 143 199 
60 183 98 188 
125 158 189 156 
73 42 268 5 
78 91 146 106 
63 96 199 22 
3 217 132 106 
2 223 176 116 
157 45 230 108 
42 148 113 55 
26 111 169 106 
36 50 148 243 
22 44 149 121 
154 98 229 85 
185 97 233 234 
129 227 184 1 
225 49 240 28 
205 224 234 164 
5 59 276 132 
140 174 243 131 
19 212 219 176 
31 72 273 69 
159 11 195 55 
95 242 193 159 
32 214 138 244 
98 125 190 54 
12 46 109 236 
120 125 282 102 
97 236 164 238 
40 62 248 219 
74 229 253 34 
39 67 171 46 
123 199 202 211 
65 218 103 85 
24 194 135 245 
128 243 266 67 
117 33 156 83 
64 183 270 211 
76 38 79 55 
203 2 262 52 
196 213 254 174 
51 117 271 55 
104 190 241 119 
11 208 82 107 
99 233 224 242 
38 101 108 94 
173 12 218 131 
197 97 201 124 
62 90 204 151 
33 240 219 141 
87 50 284 28 
102 124 278 204 
43 57 111 45 
44 137 142 27 
180 77 265 215 
50 36 186 96 
59 54 281 202 
9 189 68 159 
84 177 134 77 
17 175 269 3 
72 47 272 49 
245 118 247 40 
93 32 105 20 
28 203 71 88 
56 207 119 231 
35 40 130 221 
181 117 241 187 
120 100 279 195 
77 121 236 203 
137 248 261 193 
10 156 265 82 
17 92 117 213 
138 3 238 107 
133 238 212 1 
62 161 110 25 
74 128 151 172 
109 138 234 48 
75 8 193 95 
5 50 9 171 
184 156 255 115 
60 64 282 113 
65 150 136 39 
187 124 204 11 
85 202 275 61 
15 66 24 148 
215 197 264 252 
86 209 181 99 
198 71 256 196 
69 235 251 221 
48 149 154 200 
153 119 170 191 
191 1 274 64 
40 28 163 52 
19 20 213 113 
30 225 240 52 
189 28 225 211 
26 115 146 97 
183 178 201 15 
20 12 194 7 
214 56 272 50 
23 158 71 15 
22 49 123 189 
262 190 278 221 
18 161 273 158 
197 192 233 125 
46 47 243 86 
8 131 126 58 
164 234 172 153 
188 130 206 95 
229 150 242 37 
157 239 175 99 
68 101 139 34 
11 210 279 239 
166 76 174 59 
55 15 137 245 
27 209 258 96 
87 65 223 189 
41 251 173 152 
25 34 221 243 
21 253 158 186 
128 237 185 114 
53 160 195 60 
131 85 156 246 
80 50 222 30 
16 15 155 136 
200 61 283 60 
130 10 152 66 
144 209 234 69 
66 157 122 147 
107 111 236 112 
143 26 280 179 
52 142 211 209 
95 206 141 25 
97 92 232 247 
33 109 118 219 
176 159 269 99 
59 173 145 225 
54 123 92 122 
82 209 134 155 
205 87 224 25 
63 246 150 146 
28 8 133 183 
89 223 135 22 
32 138 124 174 
121 158 260 26 
140 3 165 53 
29 196 218 169 
199 166 245 244 
90 250 119 211 
14 128 84 83 
177 250 259 91 
91 206 239 125 
72 33 266 198 
83 3 220 234 
79 180 132 242 
105 122 196 75 
106 76 207 123 
58 19 195 99 
47 234 76 166 
37 41 81 252 
78 159 147 179 
104 200 168 128 
118 15 246 26 
70 219 159 11 
42 194 192 7 
61 107 210 87 
34 231 284 44 
149 171 270 62 
113 221 254 209 
7 220 73 230 
259 155 281 138 
94 15 169 174 
180 13 182 108 
96 3 203 7 
6 3 111 115 
102 240 167 81 
160 98 178 210 
99 73 202 55 
57 46 115 134 
13 4 208 101 
56 140 250 27 
2 152 49 241 
112 144 237 187 
67 233 190 85 
114 171 257 108 
12 120 31 32 
3 33 50 46 
116 105 142 176 
101 18 235 152 
64 40 268 49 
230 109 252 180 
103 99 226 160 
4 144 127 197 
217 2 277 223 
186 103 267 98 
129 192 148 49 
209 29 249 163 
39 187 253 55 
125 182 227 184 
51 207 276 118 
88 224 263 185 
161 36 228 201 
45 164 108 97 
43 24 66 178 
100 152 216 216 
173 7 179 212 
147 248 231 115 
1 139 248 62 
162 145 201 139 
36 252 126 122 
171 218 180 34 
33 140 150 101 
129 71 247 48 
81 138 242 25 
15 74 272 63 
183 5 221 142 
153 74 258 160 
154 16 193 248 
106 125 250 215 
236 130 243 164 
110 103 171 182 
63 168 91 66 
103 131 163 73 
80 3 200 55 
24 39 39 54 
116 31 151 43 
93 124 218 180 
210 248 254 154 
50 17 277 96 
121 127 273 97 
187 82 197 52 
190 244 246 245 
59 90 284 141 
62 212 172 182 
100 99 220 206 
61 86 215 124 
52 255 260 25 
267 160 276 106 
20 177 238 193 
13 252 211 12 
101 16 229 54 
123 228 280 232 
74 151 75 36 
120 92 262 167 
177 77 181 254 
46 204 128 189 
223 70 279 198 
166 97 205 132 
73 81 130 213 
72 184 249 143 
21 192 226 165 
42 144 225 113 
235 122 261 158 
35 181 271 133 
34 26 48 216 
37 67 239 188 
92 199 194 124 
112 50 138 12 
44 200 237 166 
17 27 175 201 
97 70 196 117 
7 56 198 15 
169 199 233 133 
30 230 217 228 
149 252 240 45 
2 170 3 166 
79 103 159 34 
192 186 278 69 
204 191 266 116 
40 162 57 179 
28 183 144 10 
26 167 244 2 
167 74 179 216 
31 93 70 221 
43 163 69 97 
90 183 184 247 
107 169 212 110 
87 193 202 9 
60 128 189 195 
18 197 255 223 
11 132 64 118 
82 105 213 55 
6 166 161 98 
71 33 88 168 
125 116 157 94 
25 187 170 215 
139 139 206 150 
1 237 232 215 
98 38 256 3 
49 202 251 254 
94 53 117 244 
53 74 252 71 
5 43 45 189 
209 18 219 210 
77 246 85 214 
10 139 19 53 
135 195 241 47 
137 51 253 53 
65 183 245 19 
108 111 207 171 
214 204 227 109 
29 67 99 3 
182 240 270 42 
140 25 283 245 
104 110 281 52 
67 40 84 69 
36 168 248 144 
41 27 76 44 
119 154 269 251 
132 173 162 78 
51 129 105 26 
152 232 203 160 228 152 
16 202 257 165 282 156 
47 36 55 248 155 69 
124 241 188 50 222 166 
27 178 216 129 231 109 
12 40 32 27 156 9 
21 229 58 161 134 208 
4 168 160 67 230 147 
136 122 143 240 191 194 
142 143 162 128 199 69 
178 72 186 155 224 31 
131 25 158 243 263 37 
9 144 14 238 86 133 
54 220 114 182 220 106 
56 149 89 188 96 248 
95 175 109 175 122 78 
38 75 167 109 208 199 
83 162 146 157 168 74 
22 101 113 53 195 241 
78 232 145 5 165 44 
127 186 139 24 185 177 
174 32 219 3 268 114 
115 97 196 103 265 230 
176 251 271 232 274 169 
23 200 122 76 264 94 
111 114 118 103 141 130 
164 152 233 131 249 192 
8 202 68 76 106 235 
148 135 159 151 275 128 
111 49 117 191 121 225 
54 189 123 43 279 146 
241 175 251 40 252 87 
63 191 270 58 276 23 
95 4 157 113 203 114 
27 151 164 42 240 29 
2 4 68 226 78 16 
6 115 75 30 235 11 
130 96 188 112 280 145 
65 6 179 220 258 160 
17 20 116 109 259 250 
25 59 214 224 215 81 
20 157 51 125 242 104 
82 3 119 154 221 105 
5 219 137 251 204 55 
44 102 102 194 213 150 
226 148 229 217 272 197 
183 188 234 49 236 247 
170 83 223 162 266 243 
107 194 171 207 262 24 
56 185 93 66 216 137 
13 227 31 86 126 26 
99 8 193 162 250 254 
7 180 81 204 254 114 
46 117 87 246 268 198 
141 28 149 145 227 156 
112 40 160 80 194 159 
169 68 247 49 267 22 
41 143 190 187 205 48 
18 153 125 115 180 1 
198 31 218 124 277 11 
45 217 104 11 192 67 
151 74 209 211 232 32 
98 125 131 131 150 52 
50 176 52 200 230 126 
135 137 154 18 208 148 
64 11 70 182 178 1 
110 123 207 124 281 238 
184 144 187 206 225 12 
61 185 88 179 134 113 
9 99 222 137 231 158 
69 219 72 232 200 195 
10 237 147 78 181 174 
15 223 115 206 148 177 
32 76 74 17 245 68 
62 243 138 143 168 42 
49 223 143 213 228 9 
90 2 91 63 101 52 
124 227 197 145 260 228 
144 228 237 156 244 49 
152 52 210 136 253 168 
133 103 202 105 269 128 
1 72 16 50 283 212 
114 33 145 119 185 17 
4 102 77 92 129 111 
100 104 189 189 243 79 
36 106 153 23 201 175 
14 234 57 101 182 242 
103 227 142 82 261 157 
35 113 79 184 161 180 
76 86 83 199 127 212 
105 25 163 224 224 196 
60 85 85 23 255 159 
67 27 273 213 274 209 
48 60 97 241 132 176 
11 175 42 83 89 218 
28 144 96 252 238 195 
86 149 158 96 172 215 
29 14 59 150 80 217 
12 81 22 37 174 201 
43 151 55 153 173 133 
211 61 212 4 264 52 
8 72 30 201 243 155 
40 239 120 30 165 68 
146 122 186 34 282 177 
47 180 263 193 275 91 
24 248 37 149 175 177 
3 224 19 147 156 155 
38 238 39 226 84 209 
155 61 166 222 265 133 
58 235 94 146 199 154 
73 110 140 139 177 175 
23 243 26 197 34 19 
108 10 109 177 217 142 
66 244 206 12 256 148 
33 51 128 174 277 80 
176 65 239 156 284 110 
92 151 113 130 191 73 
246 37 248 44 278 174 
24 153 71 41 179 47 
53 4 175 171 196 174 
136 110 190 216 257 195 
95 241 115 135 257 6 
50 154 147 145 189 168 
186 57 216 221 239 233 
101 24 123 252 128 175 
11 230 155 17 163 185 
29 248 132 83 171 102 
14 68 133 109 161 51 
5 33 6 254 167 195 
30 57 229 109 269 49 
18 208 195 82 205 120 
134 168 178 207 191 84 
52 243 75 194 92 130 
162 196 233 6 280 67 
42 205 160 63 235 245 
7 219 72 12 274 249 
22 41 78 243 184 101 
2 87 62 212 236 254 
106 121 129 126 215 58 
61 81 135 96 198 91 
84 218 87 14 118 70 
23 116 37 65 193 47 
71 146 107 11 119 156 
165 185 209 244 273 92 
86 141 149 99 200 17 
85 161 173 189 254 142 
96 100 104 117 223 73 
15 51 48 152 116 227 
43 184 63 176 177 204 
58 82 203 147 232 114 
185 82 237 240 275 215 
53 33 228 59 250 140 
51 134 98 192 283 192 
73 38 234 113 279 17 
36 14 130 19 245 204 
81 95 156 142 271 217 
110 204 113 191 218 133 
40 5 112 37 220 118 
18 135 33 36 69 109 
88 113 142 77 225 154 
94 187 227 5 282 164 
27 78 219 168 263 147 
4 32 121 8 221 244 
100 236 111 34 158 141 
17 97 211 99 256 153 
67 170 114 75 148 216 
164 168 182 163 208 106 
55 25 97 243 278 33 
60 67 238 73 284 121 
107 40 108 160 126 41 
244 79 246 201 281 3 
28 53 213 60 214 159 
154 180 267 151 279 246 
39 90 90 253 140 44 
139 12 201 153 226 78 
47 183 74 252 212 162 
3 164 66 231 207 52 
64 5 152 93 231 238 
38 200 70 117 166 35 
89 60 91 132 145 59 
141 25 144 193 224 164 
31 49 76 78 94 175 
109 178 146 4 247 221 
8 1 252 11 253 226 
157 128 168 187 206 124 
26 239 41 97 276 7 
125 136 127 223 258 162 
19 56 65 13 262 210 
124 77 240 140 265 169 
9 112 77 77 264 96 
194 118 222 40 259 84 
83 163 131 121 217 42 
122 137 174 188 176 7 
56 73 170 52 172 246 
12 59 181 203 266 126 
80 78 138 32 153 249 
102 209 151 36 230 225 
16 197 93 19 169 215 
25 61 32 101 270 153 
57 214 143 93 150 5 
15 197 92 217 137 110 
241 106 260 191 272 87 
1 156 79 253 255 253 
99 122 188 241 242 252 
85 157 210 228 385 15 436 100 713 139 793 237 898 72 1019 156 
82 217 241 251 355 105 513 223 687 152 771 170 852 4 954 87 
75 5 203 241 317 213 512 217 692 33 771 166 923 224 993 164 
46 165 228 158 303 165 497 39 698 144 824 168 900 102 979 32 
70 249 209 81 419 243 524 59 584 50 798 43 860 219 945 33 
110 100 180 9 383 44 503 171 680 3 788 166 853 115 945 254 
92 177 217 203 294 1 491 182 675 220 767 56 869 180 952 219 
71 112 200 111 305 110 466 32 612 131 844 202 918 72 1000 1 
1 230 171 57 404 177 563 189 584 171 829 144 886 99 1006 112 
55 104 159 244 405 172 463 112 576 156 801 139 888 237 
105 46 272 113 426 55 549 208 618 210 786 132 911 175 942 230 
137 216 258 239 347 133 532 46 691 120 822 40 915 81 1011 59 
118 99 265 47 375 83 481 244 685 4 745 252 867 227 
141 102 154 255 350 82 459 28 655 128 829 238 903 234 944 68 
72 204 210 254 293 254 483 103 590 66 720 74 889 223 964 51 1017 197 
76 126 251 139 303 112 438 118 630 15 818 202 898 50 1014 197 
3 31 155 135 370 228 565 175 577 92 765 27 856 20 981 97 
89 230 161 121 425 111 439 219 609 161 785 197 875 153 947 208 975 135 
15 116 145 174 356 6 526 212 599 20 801 53 923 147 1004 56 
116 148 180 54 342 36 473 255 604 12 744 177 858 157 
27 88 188 251 320 30 457 197 625 253 756 192 823 229 
61 254 245 213 376 227 518 44 607 49 835 101 915 37 953 41 
114 248 283 8 328 69 456 227 606 158 841 200 928 243 958 116 
121 56 167 70 409 109 540 194 590 148 730 39 922 248 935 153 
48 106 260 154 343 135 388 54 624 34 791 187 857 59 1015 61 
40 171 157 59 397 129 516 111 602 115 777 167 928 197 1002 239 
57 50 177 225 420 120 458 236 621 209 821 178 851 151 978 78 
50 83 232 55 314 108 569 203 647 8 776 183 912 144 988 53 
28 224 222 242 434 68 449 69 652 196 807 67 914 14 943 248 
120 73 269 31 313 21 436 221 600 225 769 230 918 201 946 57 
66 95 179 106 430 237 527 72 691 32 779 93 867 86 998 49 
134 69 278 237 312 104 530 214 649 138 822 27 890 76 1015 101 
20 228 264 184 311 229 555 240 640 109 717 140 931 51 975 36 
84 224 270 51 395 156 444 213 672 231 760 26 928 19 
94 216 153 121 348 212 502 51 571 40 759 181 905 113 
126 158 220 225 366 193 517 50 715 252 812 168 902 106 971 14 
26 38 245 25 384 197 471 165 665 41 761 67 922 149 958 65 
111 53 186 6 324 204 442 25 551 101 833 75 924 238 995 200 
58 238 223 186 339 56 537 67 703 187 730 54 924 226 990 90 
39 96 243 151 384 24 535 62 598 28 775 162 919 239 974 5 
135 157 192 169 416 171 472 231 623 251 813 27 874 143 1002 97 
55 38 215 159 373 71 515 148 670 194 757 144 911 83 951 205 
125 109 249 5 316 23 558 57 709 24 780 163 916 151 965 184 
9 87 150 11 287 71 493 47 559 137 764 200 861 102 
49 166 208 60 326 52 490 93 708 164 798 189 877 217 
56 207 231 31 406 79 494 236 611 47 751 204 870 117 
97 60 235 53 318 148 500 173 664 234 819 36 921 180 992 183 
61 145 199 218 351 226 441 34 595 149 760 216 910 60 964 152 
100 33 156 6 302 216 469 210 687 241 795 202 892 223 
130 28 260 137 306 14 561 36 692 46 734 17 880 176 939 154 
140 1 279 41 407 121 547 117 705 207 816 129 858 125 969 134 
11 143 152 130 327 28 451 131 637 142 742 255 880 200 949 243 
69 239 254 33 367 19 464 152 627 160 797 74 936 4 968 33 
4 215 211 20 323 209 415 33 643 123 830 220 847 189 
59 163 248 165 417 180 442 175 620 15 819 248 916 153 984 25 
112 22 145 199 351 182 570 207 686 140 831 149 866 185 1010 73 
106 147 235 191 371 90 461 178 684 46 775 179 903 101 1016 214 
75 64 206 80 352 165 485 45 663 19 823 161 926 235 966 82 
68 61 179 191 340 81 562 54 642 173 738 90 914 150 
30 111 207 195 401 79 507 183 586 64 784 128 908 85 985 67 
47 254 158 72 337 84 431 171 671 107 741 86 885 185 956 81 
9 26 183 124 349 109 554 90 580 161 739 212 891 243 954 212 
104 209 211 233 431 61 511 96 646 246 727 168 849 191 965 176 
114 172 263 22 429 79 543 183 695 40 786 118 882 11 994 5 
133 46 162 201 362 103 539 218 587 150 804 183 855 6 1004 13 
124 82 198 154 376 20 498 248 634 157 709 178 930 244 993 231 
2 48 143 81 400 91 474 176 689 233 811 40 909 27 982 170 
31 20 219 3 333 230 563 159 617 101 844 76 852 226 
54 150 169 38 426 255 495 109 594 235 780 97 887 219 975 109 
109 218 199 231 399 222 504 76 669 219 779 221 882 182 995 117 
23 150 202 224 400 173 569 88 606 15 789 33 935 41 959 146 
69 94 267 97 297 171 566 47 658 33 755 184 887 232 952 12 
79 231 173 230 290 67 509 42 675 230 754 81 927 110 970 38 
63 242 274 209 403 156 536 229 581 128 748 151 890 17 992 252 
21 78 212 213 345 129 416 71 583 8 748 36 853 30 949 194 
123 242 184 171 353 177 544 38 664 166 813 44 906 86 998 78 
101 254 282 230 298 129 390 95 574 121 800 246 900 92 1006 77 
86 20 277 173 289 56 510 91 666 159 836 232 852 16 953 243 
6 73 169 150 346 156 544 55 660 180 772 103 905 184 1019 253 
110 242 262 82 300 1 497 72 629 50 729 3 914 217 1012 78 
40 7 200 178 286 161 438 70 665 252 719 138 869 204 972 95 
88 61 275 198 322 211 549 107 644 209 787 105 859 3 
13 250 217 75 396 226 414 247 659 3 834 162 906 199 1008 163 
36 188 278 121 412 45 564 177 655 83 811 69 924 209 957 218 
136 61 188 85 347 220 506 95 589 202 800 214 908 23 962 161 
38 38 174 37 285 200 364 30 592 209 829 133 913 149 961 141 
96 178 273 244 344 151 556 50 622 65 783 193 870 246 957 14 
49 9 225 133 414 117 435 67 706 224 789 168 885 179 976 113 
53 71 157 215 363 199 502 10 648 223 831 188 911 218 996 60 
103 247 238 222 418 29 465 52 654 250 781 183 893 2 990 253 
97 197 205 2 404 91 469 131 657 206 727 66 893 63 996 132 
62 64 190 35 402 47 459 38 643 122 762 199 933 151 949 130 1017 217 
77 137 257 27 338 233 490 177 568 32 732 124 866 66 1014 19 
74 215 185 112 333 95 437 5 677 15 796 53 926 146 977 187 998 175 
132 30 204 124 396 24 529 242 638 206 832 175 850 4 938 241 
129 239 181 20 299 153 417 125 679 3 831 248 912 252 963 100 
134 223 247 235 378 160 534 236 639 92 766 70 910 241 984 243 
126 242 230 121 309 168 507 188 531 125 794 38 879 125 969 192 
91 211 225 190 288 202 550 233 683 73 807 3 868 8 1020 122 
135 224 227 48 392 39 484 123 710 152 740 99 901 104 980 236 
119 200 214 180 398 23 480 140 694 18 746 16 893 52 941 24 
141 111 197 137 332 6 488 254 557 124 681 240 861 194 1013 209 
132 228 250 237 360 2 539 85 697 99 728 131 904 227 
139 4 193 121 307 72 548 190 667 200 810 110 877 11 963 117 
83 71 262 126 411 50 568 20 661 122 816 26 907 25 
137 212 167 31 316 69 461 36 662 76 724 125 844 235 955 121 
122 239 242 133 385 89 468 132 635 111 782 169 865 194 959 11 986 40 
7 111 206 236 359 84 551 94 708 97 805 111 929 10 986 160 
108 135 254 123 332 90 532 236 582 138 832 175 929 177 999 178 
50 156 173 167 377 91 450 76 580 25 726 103 883 123 973 204 
122 191 163 114 405 161 558 45 680 115 842 114 846 49 980 34 
71 32 187 143 336 102 440 186 688 144 763 50 872 40 974 37 
90 39 168 44 370 16 515 55 674 221 835 53 933 130 973 191 
27 132 161 66 386 74 503 124 690 171 830 182 899 33 982 75 
80 228 275 159 349 246 484 113 684 134 839 97 889 206 938 135 
36 215 246 228 383 68 445 216 693 105 731 31 856 109 964 227 
35 116 244 118 424 55 542 33 577 213 796 244 846 191 
109 41 166 255 305 187 446 18 640 219 668 15 842 103 957 70 
81 243 196 117 336 97 570 231 654 211 814 154 859 154 959 156 
48 16 208 120 408 122 533 125 573 100 749 92 919 30 
100 87 146 203 427 152 448 237 650 158 735 127 846 225 979 8 
74 242 264 25 380 228 505 131 634 147 832 78 841 76 1009 137 
46 151 236 67 374 155 538 199 607 189 747 228 847 43 941 252 
67 164 168 67 326 195 446 232 649 174 820 241 894 227 1005 77 
117 132 197 151 423 5 508 158 704 182 790 116 875 115 1003 136 
96 235 276 143 388 218 452 22 612 58 715 122 867 26 986 41 
18 116 242 236 312 93 478 119 698 197 837 186 906 212 1003 223 
106 250 176 184 319 109 541 243 626 237 751 189 931 174 941 175 
29 37 186 23 429 17 521 227 701 192 718 71 900 111 955 126 
98 29 209 51 320 248 571 221 632 10 754 213 854 96 971 19 
103 139 221 245 321 14 471 144 628 85 828 25 879 131 1008 121 
39 136 147 133 295 106 512 106 660 242 815 173 910 176 943 83 
8 156 251 180 378 200 472 61 579 238 647 183 897 103 944 109 
43 253 236 251 313 117 564 77 644 155 823 208 885 113 948 168 
67 64 227 82 335 234 540 245 648 22 802 195 881 137 956 96 
54 254 232 114 359 170 443 6 587 39 825 122 937 110 
34 220 266 189 434 74 575 248 620 245 803 51 860 251 1017 110 
95 147 160 61 420 140 530 244 578 3 763 12 891 143 1012 32 
88 140 175 172 368 49 477 15 617 34 792 139 837 24 991 12 
20 38 261 93 381 138 525 174 651 3 809 25 927 139 990 44 
16 83 190 13 306 189 470 10 638 25 842 130 871 28 997 25 
129 232 230 130 433 41 559 27 693 176 826 143 904 82 976 77 
139 23 148 118 368 194 506 199 636 26 825 240 892 213 1016 93 
47 147 233 25 300 160 428 84 633 209 776 10 895 228 997 193 
7 196 224 196 407 29 501 139 642 225 836 5 899 119 996 59 
133 254 246 217 330 92 510 106 602 97 834 157 920 122 999 4 
5 77 282 225 377 58 480 117 666 179 712 248 888 78 939 145 
8 175 185 34 393 242 517 243 701 49 845 135 889 177 982 216 
44 239 226 82 389 36 518 121 673 171 770 252 871 145 961 99 
22 159 194 108 387 216 499 157 646 146 717 101 879 52 1016 5 
17 86 252 143 410 164 476 109 581 172 731 43 878 74 1013 36 
12 80 216 47 415 90 475 215 632 66 817 232 896 52 994 93 
6 81 268 33 374 133 487 187 596 119 722 74 902 23 1012 249 
136 32 146 215 314 186 519 98 595 200 723 16 881 18 989 180 
121 71 241 43 310 47 458 173 630 136 819 69 925 61 942 17 
105 4 172 176 337 20 542 83 628 246 822 9 923 155 972 142 
82 159 201 196 341 123 514 45 616 239 790 94 850 113 1001 128 
24 209 181 66 375 213 505 12 625 186 828 243 913 96 980 141 
19 1 178 152 331 4 528 11 669 11 772 34 845 151 
99 46 189 12 329 208 498 241 682 98 824 67 872 80 951 63 
84 125 239 106 379 128 460 202 707 36 788 98 905 180 944 51 
29 92 149 229 311 113 462 159 714 145 815 78 826 128 950 196 
66 167 207 145 296 14 460 17 598 52 728 73 907 224 942 185 
113 175 234 154 292 174 534 238 613 234 843 152 851 42 983 168 
59 72 172 236 304 161 470 68 651 53 836 44 919 68 960 185 
62 48 213 141 291 48 468 225 619 76 753 97 925 222 995 35 
22 120 229 52 286 165 477 205 681 81 778 74 833 109 945 195 
15 35 220 236 325 202 464 206 667 128 834 74 891 42 1001 187 
115 18 183 196 402 23 516 106 677 174 768 199 873 68 1014 215 
78 65 213 192 395 56 499 105 596 191 791 215 864 83 1010 52 
45 133 272 158 380 43 537 46 716 218 726 182 865 207 943 102 
64 176 228 107 401 196 494 163 613 153 739 182 913 215 1010 246 
14 203 269 147 394 84 552 12 623 152 711 7 916 133 962 189 
10 76 182 255 362 15 419 210 619 59 838 32 915 201 1009 188 
43 91 222 246 354 120 455 43 616 99 765 201 922 177 936 171 
131 63 163 200 366 26 513 116 641 159 840 251 932 65 1009 7 
113 128 162 177 421 76 449 40 656 250 750 77 927 175 965 204 
73 93 150 109 381 250 454 179 682 210 827 72 882 1 948 207 
35 43 147 168 406 6 486 125 711 212 778 216 855 220 935 47 
32 75 160 195 309 192 560 77 678 13 716 34 875 1 
111 113 212 10 425 217 572 117 592 99 750 254 888 174 1011 203 
98 202 166 8 394 113 501 83 678 108 808 240 903 242 983 163 
30 200 155 187 350 91 443 198 603 178 721 5 863 188 
87 75 239 128 335 54 521 1 585 156 781 247 884 144 953 101 
10 234 265 253 317 250 520 97 626 114 837 177 899 17 967 82 
38 100 191 24 409 114 561 96 700 103 827 155 920 34 940 57 
18 78 244 59 285 101 466 3 588 124 736 82 884 206 
73 220 184 18 355 226 439 110 614 130 820 50 854 112 1020 241 
102 148 266 221 301 149 508 156 601 28 784 195 901 189 939 168 
37 119 158 4 348 42 531 54 689 85 737 244 874 187 937 216 
95 117 252 59 358 122 444 28 597 1 825 194 933 73 948 84 
89 146 219 67 360 245 496 76 670 7 773 186 877 67 
41 208 177 84 369 96 529 159 583 95 723 248 868 162 958 47 
25 78 258 245 294 193 486 209 604 7 762 124 872 159 1007 118 
64 77 223 42 328 54 528 55 627 60 663 99 835 241 947 82 
86 73 284 228 334 139 546 213 661 75 766 117 839 103 936 174 
65 191 248 254 290 69 553 97 610 192 736 52 894 145 
31 210 243 95 344 53 456 174 593 71 767 15 876 31 956 91 
93 19 165 149 379 255 511 22 653 166 826 69 926 154 
4 62 203 225 393 117 435 248 631 61 729 55 887 195 961 17 
116 119 226 31 392 202 553 124 603 15 714 139 902 175 991 153 
108 250 149 10 373 172 538 211 683 55 783 9 897 105 
128 44 192 174 298 60 545 2 679 7 817 160 850 114 966 147 
83 174 198 34 315 113 554 151 588 11 774 191 860 55 
119 24 152 18 295 207 523 224 645 87 753 132 874 48 947 120 
33 120 256 48 323 236 465 110 614 95 792 150 930 12 1001 124 
51 118 268 98 418 236 433 121 662 123 805 171 883 124 993 52 
142 125 257 50 325 87 495 203 685 101 833 199 881 148 983 106 
25 41 218 217 354 21 493 141 702 29 799 18 878 211 960 244 
118 249 154 22 310 2 441 245 671 87 733 248 896 136 
19 135 250 50 423 106 440 59 637 209 745 12 917 61 981 99 
68 25 170 194 382 25 454 206 579 1 782 110 917 4 992 162 
87 213 259 130 353 252 421 146 599 113 787 55 861 150 988 60 
3 81 189 210 386 187 492 128 605 56 806 204 857 224 988 159 
140 127 234 255 307 60 398 55 591 197 741 124 857 81 955 58 
52 194 276 75 341 142 447 200 710 216 821 129 866 137 940 221 
34 238 255 252 397 39 492 165 699 2 769 228 929 142 1008 42 
99 84 205 57 365 1 552 131 652 169 732 180 876 124 973 133 
101 91 191 66 428 193 526 176 555 141 799 210 838 3 978 168 
51 245 171 80 292 200 504 247 659 234 740 206 830 106 974 118 
14 85 165 195 367 70 496 166 624 243 721 142 859 105 979 244 
60 110 204 4 319 16 479 251 629 30 820 166 886 137 1007 40 
123 188 281 183 334 57 482 65 622 189 752 70 864 162 963 73 
63 79 175 193 299 248 550 242 645 25 827 31 907 196 997 164 
60 43 148 89 382 232 522 49 601 211 757 113 884 12 976 154 
115 69 233 252 308 207 500 204 697 160 756 165 862 148 991 78 
17 228 164 87 324 152 411 38 704 184 806 109 871 156 977 5 
120 51 202 61 304 17 451 56 707 201 817 152 892 9 968 59 
93 34 280 88 364 144 519 85 615 150 746 54 862 217 946 109 
127 90 280 101 321 221 514 108 696 109 824 147 880 126 1013 225 
124 220 259 254 403 151 474 30 712 115 821 109 886 158 994 238 
102 17 174 252 432 197 487 228 639 247 793 215 878 32 966 114 
37 147 196 31 365 142 520 234 610 125 768 133 843 131 950 6 
57 63 195 234 329 150 523 164 582 48 633 69 863 49 970 113 
42 101 216 149 389 164 452 74 694 152 758 122 853 11 951 245 
77 138 221 235 331 14 574 203 635 112 725 130 863 247 954 254 
94 12 249 8 391 160 482 191 688 187 764 166 895 156 967 240 
104 109 176 21 289 162 399 90 578 107 744 193 912 195 985 73 
45 27 240 249 361 51 445 15 657 125 761 188 932 156 940 233 
58 55 271 188 391 154 522 28 600 52 770 45 851 29 1005 140 
2 71 231 26 291 252 548 119 572 187 802 47 848 175 1018 106 
128 184 182 106 339 176 467 105 615 37 719 25 858 104 1020 252 
138 72 153 141 288 49 525 131 611 86 725 164 901 79 918 155 
1 206 261 152 293 144 473 1 485 196 777 2 895 49 987 79 
76 76 281 34 413 194 567 118 653 244 804 19 890 68 971 204 
41 1 267 211 322 98 453 77 668 26 737 245 934 37 987 201 
112 51 240 182 301 3 491 21 567 40 718 48 873 49 999 221 
53 82 164 182 427 60 535 219 713 62 812 144 934 44 
11 129 215 250 318 76 467 68 702 163 755 143 843 192 
70 108 170 159 410 131 424 124 686 27 724 215 868 254 968 140 
81 62 274 122 357 135 483 222 594 221 795 254 848 40 
79 100 270 234 371 189 437 225 696 180 797 71 848 87 1000 11 
131 101 224 98 308 121 536 34 703 55 803 53 896 168 1000 226 
130 94 238 152 340 29 546 174 674 209 733 154 869 114 962 142 
91 250 253 250 412 29 450 121 585 115 785 223 908 159 1019 253 
16 101 247 133 357 25 457 76 593 196 794 3 930 148 981 153 
78 121 271 82 356 251 489 189 690 108 818 165 937 195 938 6 
90 195 193 14 361 92 475 226 621 96 722 160 855 160 1003 162 
24 152 156 166 408 73 478 176 656 91 676 155 856 250 1007 84 
52 188 279 200 422 207 489 148 650 26 742 25 894 228 1018 191 
56 29 284 3 302 41 453 191 575 193 758 158 904 157 
92 121 151 111 315 7 545 52 608 190 749 167 865 24 1004 210 
21 214 277 6 422 73 488 233 706 185 828 37 921 193 978 147 
65 195 237 12 413 11 463 238 591 252 841 94 917 52 1006 96 
127 133 229 14 352 154 560 215 576 82 839 230 925 133 1005 169 
23 3 201 125 363 157 541 67 658 198 774 116 864 243 1011 126 
42 229 144 209 346 154 479 146 700 98 743 160 873 22 989 151 
85 228 256 249 369 14 509 5 695 49 838 114 870 198 
13 46 263 31 387 142 565 3 641 99 814 251 897 128 946 49 
107 179 195 44 330 55 543 211 673 62 808 42 849 58 1015 153 
80 216 283 216 432 152 481 154 547 55 759 133 840 232 972 217 
32 27 273 226 390 4 566 49 605 50 720 63 862 197 1018 87 
107 195 237 246 338 84 527 69 609 158 735 97 909 213 960 92 
33 45 255 71 372 58 462 188 597 64 840 169 909 209 952 249 
28 6 159 19 343 230 476 201 589 61 845 128 921 91 967 215 
26 91 253 181 297 252 524 132 705 118 743 106 849 23 1002 7 
12 137 178 213 287 177 448 212 699 223 734 96 876 11 931 80 
138 61 144 191 358 169 557 204 608 221 773 69 934 174 984 33 
117 73 143 222 342 169 573 195 618 239 752 198 847 146 970 17 989 246 
72 239 151 94 296 192 447 220 636 179 747 232 854 145 950 67 
44 238 194 33 327 149 562 202 676 138 810 52 883 238 987 3 
125 74 214 183 372 99 533 102 586 113 818 156 920 177 977 164 
5 99 187 113 430 67 455 125 631 60 809 245 898 212 969 192 
142 76 218 105 345 96 556 28 672 44 738 141 932 110 985 121 
